38.272283 66.046230 39.550434 113.975550 68.251928 40.871272 6.186460 10.675933 6.393064 1.000000
44.543456 79.646748 46.331188 142.413839 82.843336 48.190670 6.674088 11.933727 6.941950 1.000000
52.384987 95.886863 55.176137 175.513844 100.995857 58.116003 7.237747 13.248164 7.623385 1.000000
62.023535 115.111511 66.639884 213.639223 123.679143 71.599823 7.875502 14.616403 8.461668 1.000000
73.702515 137.607896 81.416977 256.923838 152.011351 89.938914 8.585017 16.028844 9.483613 1.000000
87.663419 163.546575 100.347956 305.115661 187.211093 114.867894 9.362875 17.467560 10.717644 1.000000
104.117626 192.898436 124.406918 357.382396 230.488350 148.649962 10.203804 18.904560 12.192209 1.000000
123.205970 225.327575 154.657060 412.094610 282.847497 194.136746 11.099818 20.300114 13.933296 1.000000
144.944417 260.066801 192.157415 466.625358 344.778813 254.749185 12.039286 21.601513 15.960864 1.000000
169.156716 295.793883 237.803724 517.236462 415.832659 334.308993 13.006026 22.742833 18.284119 1.000000
195.399400 330.542229 292.093056 559.153022 494.111496 436.635698 13.978534 23.646417 20.895830 1.000000
222.891258 361.696107 354.819827 586.941250 575.782789 564.836464 14.929543 24.226870 23.766288 1.000000
250.467297 386.129678 424.743072 595.271836 654.799677 720.280369 15.826159 24.398193 26.838040 1.000000
276.583753 400.538147 499.307566 580.044218 723.078361 901.383549 16.630807 24.084107 30.023050 1.000000
299.401086 401.965757 574.539593 539.665611 771.357398 1102.520195 17.303210 23.230704 33.204220 1.000000
316.961046 388.457574 645.244530 476.081489 790.791574 1313.538392 17.803400 21.819292 36.242770 1.000000
327.449167 359.671990 705.579221 395.065718 775.012149 1520.364344 18.095557 19.876260 38.991850 1.000000
329.499995 317.236716 749.950484 305.429849 722.038944 1706.906636 18.152135 17.476551 41.314727 1.000000
322.472330 264.665119 774.039814 217.220575 635.283465 1857.950519 17.957515 14.738405 43.103950 1.000000
306.613231 206.787498 775.652464 139.462571 523.119084 1962.200856 17.510375 11.809427 44.296736 1.000000
283.053730 148.841137 755.111436 78.266709 397.068234 2014.434792 16.824201 8.846847 44.882455 1.000000
253.630243 95.503216 715.073535 35.961264 269.257409 2016.045696 15.925773 5.996771 44.900398 1.000000
220.581454 50.160898 659.859201 11.406742 150.054003 1973.938233 14.851985 3.377387 44.429025 1.000000
186.205008 14.592473 594.546570 1.143580 46.593294 1898.367977 13.645696 1.069383 43.570265 1.000000
152.558401 -10.940107 524.111445 0.784525 -37.584528 1800.574759 12.351453 -0.885734 42.433180 1.000000
121.259556 -27.319982 452.810368 6.155238 -102.018939 1690.895431 11.011792 -2.480975 41.120499 1.000000
93.402962 -36.102265 383.872966 13.954306 -148.375203 1577.663609 9.664521 -3.735546 39.719814 1.000000
69.574546 -39.082803 319.461839 21.954372 -179.454481 1466.856370 8.341136 -4.685549 38.299561 1.000000
49.931561 -37.985363 260.806027 28.897310 -198.407809 1362.260325 7.066227 -5.375622 36.908811 1.000000
34.312086 -34.281905 208.412232 34.251751 -208.228912 1265.899664 5.857652 -5.852500 35.579484 1.000000
9.497157 -16.240223 104.610664 27.770924 -178.885159 1152.280714 3.081746 -5.269813 33.945261 1.000000
1.185783 -5.382548 35.404376 24.432655 -160.708804 1057.081974 1.088937 -4.942940 32.512797 1.000000
0.135048 1.781160 -11.473932 23.491889 -151.330820 974.847819 -0.367489 -4.846843 31.222553 1.000000
2.164128 7.285864 -44.197210 24.528960 -148.796578 902.623729 -1.471098 -4.952672 30.043697 1.000000
5.543113 12.333125 -68.187608 27.440531 -151.713711 838.797547 -2.354382 -5.238371 28.962002 1.000000
9.691862 17.715404 -87.085778 32.381349 -159.180954 782.505268 -3.113175 -5.690461 27.973296 1.000000
14.574898 24.066456 -103.385075 39.739167 -170.712163 733.348104 -3.817708 -6.303901 27.080401 1.000000
20.437774 32.012829 -118.861770 50.143485 -186.179842 691.274925 -4.520816 -7.081206 26.292108 1.000000
27.708472 42.275650 -134.878596 64.501231 -205.788332 656.558600 -5.263884 -8.031266 25.623399 1.000000
36.978880 55.750243 -152.612718 84.050398 -230.082581 629.836325 -6.081026 -9.167900 25.096540 1.000000
49.025719 73.575283 -173.245365 110.418009 -259.997752 612.208383 -7.001837 -10.507997 24.742845 1.000000
64.849561 97.189404 -198.142209 145.656810 -296.953793 605.406330 -8.052923 -12.068836 24.605006 1.000000
85.715114 128.356670 -229.046686 192.211546 -342.992832 612.055234 -9.258246 -13.864038 24.739750 1.000000
113.169973 169.118402 -268.297299 252.726348 -400.936833 636.064839 -10.638138 -15.897369 25.220326 1.000000
149.002843 221.594329 -319.055061 329.551071 -474.492907 683.182482 -12.206672 -18.153542 26.137760 1.000000
195.076318 287.514909 -385.473013 423.756322 -568.132716 761.699038 -13.966972 -20.585342 27.598896 1.000000
252.939372 367.342538 -472.637306 533.489662 -686.408708 883.160346 -15.904068 -23.097395 29.718014 1.000000
323.112937 458.895524 -585.955114 651.738379 -832.192550 1062.611108 -17.975342 -25.529167 32.597716 1.000000
404.000081 555.639229 -729.522950 764.195276 -1003.345269 1317.335713 -20.099753 -27.644082 36.295120 1.000000
490.581463 645.358722 -903.097954 848.967830 -1188.023164 1662.488245 -22.149074 -29.137053 40.773622 1.000000
573.465009 710.647627 -1098.002169 880.646668 -1360.663028 2102.323149 -23.947129 -29.675692 45.851098 1.000000
639.312445 732.828897 -1293.835183 840.024619 -1483.092999 2618.452832 -25.284629 -28.983178 51.170820 1.000000
673.638212 699.387123 -1459.435197 726.120252 -1515.220137 3161.862044 -25.954541 -26.946619 56.230437 1.000000
665.822734 611.586903 -1560.799183 561.768953 -1433.661378 3658.772768 -25.803541 -23.701666 60.487790 1.000000
614.137926 486.537000 -1574.001561 385.448028 -1246.967440 4034.079007 -24.781806 -19.632830 63.514400 1.000000
527.481680 350.667385 -1495.623708 233.122058 -994.283733 4240.697562 -22.966969 -15.268335 65.120639 1.000000
422.209928 228.468811 -1343.471844 123.630436 -726.987677 4274.926943 -20.547748 -11.118922 65.382925 1.000000
315.929066 134.138593 -1147.657515 56.953171 -487.277621 4169.030054 -17.774394 -7.546732 64.568027 1.000000
221.996713 70.304652 -938.859961 22.264943 -297.329733 3970.590444 -14.899554 -4.718574 63.012621 1.000000
147.201608 31.982992 -740.385747 6.949053 -160.866120 3723.947457 -12.132667 -2.636106 61.024155 1.000000
92.509523 11.545060 -565.862277 1.440807 -70.618824 3461.266535 -9.618187 -1.200336 58.832530 1.000000
55.278877 2.025683 -420.710593 0.074231 -15.416855 3201.899410 -7.434977 -0.272453 56.585329 1.000000
31.452186 -1.602409 -304.892571 0.081639 15.533499 2955.580898 -5.608225 0.285725 54.365255 1.000000
17.020793 -2.441248 -215.408421 0.350142 30.895474 2726.123718 -4.125626 0.591728 52.212295 1.000000
8.717632 -2.174260 -148.047238 0.542281 36.924384 2514.213137 -2.952564 0.736397 50.141930 1.000000
4.177892 -1.605166 -98.432934 0.616713 37.818411 2319.122288 -2.043989 0.785311 48.157266 1.000000
1.829537 -1.059415 -62.566080 0.613467 36.229637 2139.620352 -1.352604 0.783241 46.256030 1.000000
0.695283 -0.633064 -37.050801 0.576413 33.735231 1974.391910 -0.833837 0.759219 44.434130 1.000000
0.399457 -0.528256 -27.272939 0.698583 36.066654 1862.060122 -0.632026 0.835813 43.151595 1.000000
0.238720 -0.444032 -20.526279 0.825923 38.179983 1764.947007 -0.488590 0.908803 42.011272 1.000000
0.124706 -0.337637 -14.443966 0.914144 39.106672 1672.966326 -0.353137 0.956109 40.901911 1.000000
0.051588 -0.223103 -9.044947 0.964857 39.116842 1585.858728 -0.227130 0.982271 39.822842 1.000000
0.012427 -0.110529 -4.322231 0.983102 38.444296 1503.368383 -0.111474 0.991515 38.773295 1.000000
0.000044 -0.006526 -0.249458 0.975479 37.286709 1425.246593 -0.006608 0.987664 37.752438 1.000000
0.007642 0.085155 3.213449 0.948878 35.807483 1351.254380 0.087418 0.974104 36.759412 1.000000
0.029192 0.162959 6.115553 0.909678 34.138641 1281.164134 0.170857 0.953770 35.793353 1.000000
0.059632 0.226896 8.511054 0.863333 32.384303 1214.760464 0.244196 0.929157 34.853414 1.000000
0.094920 0.278004 10.456246 0.814222 30.624395 1151.840427 0.308091 0.902342 33.938775 1.000000
0.132000 0.317912 12.007186 0.765665 28.918330 1092.213319 0.363318 0.875023 33.048651 1.000000
0.168693 0.348521 13.217975 0.720049 27.308508 1035.700172 0.410722 0.848557 32.182296 1.000000
0.203564 0.371776 14.139565 0.678985 25.823516 982.133084 0.451181 0.824006 31.339003 1.000000
0.235788 0.389522 14.818977 0.643491 24.480978 931.354466 0.485580 0.802179 30.518101 1.000000
0.265004 0.403425 15.298871 0.614148 23.290035 883.216277 0.514785 0.783676 29.718955 1.000000
0.291199 0.414934 15.617374 0.591247 22.253447 837.579294 0.539629 0.768926 28.940962 1.000000
0.314607 0.425285 15.808107 0.574899 21.369350 794.312422 0.560898 0.758221 28.183549 1.000000
0.335622 0.435511 15.900360 0.565130 20.632685 753.292076 0.579329 0.751751 27.446167 1.000000
0.354739 0.446480 15.919364 0.561946 20.036345 714.401622 0.595600 0.749631 26.728293 1.000000
0.372507 0.458923 15.886626 0.565385 19.572073 677.530889 0.610333 0.751921 26.029424 1.000000
0.389498 0.473473 15.820299 0.575554 19.231149 642.575728 0.624098 0.758653 25.349077 1.000000
0.406289 0.490703 15.735559 0.592655 19.004898 609.437630 0.637408 0.769841 24.686791 1.000000
0.423453 0.511150 15.644990 0.617009 18.885060 578.023383 0.650733 0.785499 24.042117 1.000000
0.441556 0.535353 15.558937 0.649075 18.864044 548.244764 0.664496 0.805652 23.414627 1.000000
0.461160 0.563876 15.485848 0.689471 18.935091 520.018271 0.679087 0.830344 22.803909 1.000000
0.482833 0.597335 15.432583 0.738992 19.092370 493.264869 0.694862 0.859646 22.209567 1.000000
0.507159 0.636423 15.404694 0.798634 19.331027 467.909771 0.712151 0.893663 21.631222 1.000000
0.534749 0.681933 15.406675 0.869627 19.647192 443.882230 0.731265 0.932538 21.068513 1.000000
0.566260 0.734787 15.442181 0.953468 20.037969 421.115353 0.752503 0.976457 20.521095 1.000000
0.602411 0.796062 15.514221 1.051963 20.501406 399.545933 0.776152 1.025653 19.988645 1.000000
0.644003 0.867025 15.625329 1.167280 21.036461 379.114289 0.802498 1.080408 19.470857 1.000000
0.691942 0.949167 15.777703 1.302014 21.642966 359.764133 0.831831 1.141058 18.967449 1.000000
0.747263 1.044247 15.973336 1.459260 22.321590 341.442436 0.864444 1.207998 18.478161 1.000000
0.811164 1.154343 16.214122 1.642709 23.073816 324.099328 0.900647 1.281682 18.002759 1.000000
0.885035 1.281910 16.501955 1.856757 23.901919 307.687992 0.940763 1.362629 17.541037 1.000000
0.970499 1.429856 16.838812 2.106637 24.808962 292.164595 0.985139 1.451426 17.092823 1.000000
1.069465 1.601624 17.226836 2.398581 25.798799 277.488224 1.034149 1.548735 16.657978 1.000000
1.184173 1.801291 17.668407 2.740014 26.876099 263.620843 1.088197 1.655299 16.236405 1.000000
1.317268 2.033698 18.166220 3.139777 28.046388 250.527279 1.147723 1.771942 15.828054 1.000000
1.471875 2.304589 18.723359 3.608412 29.316110 238.175224 1.213209 1.899582 15.432927 1.000000
1.651692 2.620788 19.343384 4.158481 30.692713 226.535271 1.285182 2.039235 15.051089 1.000000
1.861100 2.990406 20.030423 4.804968 32.184774 215.580981 1.364222 2.192024 14.682676 1.000000
2.105298 3.423089 20.789286 5.565740 33.802148 205.288990 1.450964 2.359182 14.327909 1.000000
2.390454 3.930315 21.625595 6.462109 35.556175 195.639161 1.546109 2.542068 13.987107 1.000000
2.723900 4.525741 22.545953 7.519487 37.459945 186.614793 1.650424 2.742168 13.660703 1.000000
3.114350 5.225623 23.558146 8.768164 39.528625 178.202898 1.764752 2.961109 13.349266 1.000000
3.572167 6.049304 24.671398 10.244222 41.779896 170.394565 1.890018 3.200660 13.053527 1.000000
4.109675 7.019790 25.896699 11.990596 44.234495 163.185424 2.027233 3.462744 12.774405 1.000000
4.741528 8.164426 27.247215 14.058304 46.916912 156.576251 2.177505 3.749441 12.513043 1.000000
5.485150 9.515673 28.738817 16.507849 49.856278 150.573735 2.342040 4.062985 12.270849 1.000000
6.361238 11.112008 30.390747 19.410798 53.087495 145.191463 2.522150 4.405769 12.049542 1.000000
7.394354 12.998933 32.226478 22.851524 56.652659 140.451191 2.719256 4.780327 11.851211 1.000000
8.613602 15.230112 34.274795 26.929070 60.602862 136.384469 2.934894 5.189323 11.678376 1.000000
10.053398 17.868590 36.571181 31.759062 65.000453 133.034750 3.170709 5.635518 11.534069 1.000000
11.754327 20.988087 39.159558 37.475544 69.921842 130.460120 3.428458 6.121727 11.421914 1.000000
13.764082 24.674277 42.094470 44.232512 75.460942 128.736838 3.709998 6.650753 11.346226 1.000000
16.138451 29.025941 45.443810 52.204839 81.733329 127.963944 4.017269 7.225292 11.312115 1.000000
18.942317 34.155841 49.292158 61.588107 88.881158 128.269249 4.352277 7.847809 11.325601 1.000000
22.250579 40.191016 53.744818 72.596661 97.078769 129.817091 4.717052 8.520367 11.393730 1.000000
26.148885 47.272153 58.932598 85.458957 106.538799 132.818326 5.113598 9.244401 11.524683 1.000000
30.733987 55.551488 65.017278 100.408965 117.518320 137.543053 5.543824 10.020427 11.727875 1.000000
36.113462 65.188538 72.197597 117.672060 130.324136 144.336560 6.009448 10.847675 12.014015 1.000000
42.404436 76.342762 80.715351 137.443577 145.315760 153.638828 6.511869 11.723633 12.395113 1.000000
49.730836 89.162068 90.860838 159.858046 162.903758 166.007500 7.052009 12.643498 12.884390 1.000000
58.218579 103.765954 102.976374 184.947370 183.540061 182.143461 7.630110 13.599536 13.496054 1.000000
67.987975 120.222146 117.455931 212.587071 207.695614 202.916705 8.245482 14.580366 14.244883 1.000000
79.142602 138.515947 134.738106 242.431601 235.819596 229.387925 8.896213 15.570215 15.145558 1.000000
91.753957 158.512414 155.288730 273.843069 268.273893 262.817979 9.578829 16.548204 16.211662 1.000000
105.841485 179.913139 179.568782 305.822784 305.237435 304.653206 10.287929 17.487790 17.454318 1.000000
121.348200 202.211992 207.983192 336.961649 346.578650 356.470124 11.015816 18.356515 18.880416 1.000000
138.113204 224.657638 240.807384 365.432508 391.702000 419.859902 11.752157 19.116289 20.490483 1.000000
155.843902 246.234589 278.091792 389.052584 439.387215 496.234011 12.483746 19.724416 22.276311 1.000000
174.092735 265.677719 319.550646 405.442824 487.656688 586.541508 13.194421 20.135611 24.218619 1.000000
192.245109 281.535687 364.450187 412.298359 533.723507 690.909326 13.865248 20.305131 26.285154 1.000000
209.526519 292.294112 411.521493 407.756729 574.081553 808.250622 14.475031 20.192987 28.429749 1.000000
225.036358 296.557656 458.930983 390.809931 604.788923 935.927194 15.001212 19.768913 30.592927 1.000000
237.812775 293.271762 504.342087 361.664029 621.956884 1069.584849 15.421179 19.017466 32.704508 1.000000
246.926659 281.943771 545.089555 321.926721 622.389681 1203.282886 15.713900 17.942317 34.688368 1.000000
251.594319 262.807985 578.461740 274.521449 604.244027 1329.990227 15.861725 16.568689 36.469031 1.000000
251.289969 236.879707 602.051172 223.295803 567.526454 1442.419749 15.852128 14.943085 37.979202 1.000000
245.834379 205.865255 614.102519 172.394535 514.258309 1534.048681 15.679106 13.129910 39.166934 1.000000
235.437811 171.934468 613.774911 125.559532 448.224788 1600.081311 15.343983 11.205335 40.001016 1.000000
220.684666 137.404975 601.252152 85.552510 374.357850 1638.102717 14.855459 9.249460 40.473482 1.000000
202.461350 104.414980 577.675971 53.849725 297.923652 1648.262874 14.228891 7.338237 40.598804 1.000000
181.843001 74.661147 544.927685 30.654393 223.736551 1632.981090 13.484918 5.536641 40.410161 1.000000
159.963543 49.251699 505.321833 15.164267 155.585194 1596.302194 12.647669 3.894132 39.953751 1.000000
137.894619 28.685606 461.287983 5.967339 95.959692 1543.110278 11.742854 2.442814 39.282442 1.000000
116.552811 12.933910 415.103927 1.435281 46.064241 1478.396520 10.795963 1.198032 38.449922 1.000000
96.644686 1.580383 368.715382 0.025843 6.029423 1406.709867 9.830803 0.160758 37.506131 1.000000
78.649335 -6.022384 323.647885 0.461150 -24.782559 1331.835204 8.868446 -0.679080 36.494317 1.000000
62.831142 -10.614171 280.995495 1.793070 -47.469045 1256.677271 7.926610 -1.339056 35.449644 1.000000
49.272298 -12.922894 241.461394 3.389353 -63.329299 1183.293810 7.019423 -1.841019 34.399038 1.000000
37.914707 -13.598751 205.425505 4.877422 -73.679335 1113.015024 6.157492 -2.208489 33.361880 1.000000
28.602981 -13.181836 173.019655 6.074919 -79.737027 1046.597260 5.348175 -2.464735 32.351155 1.000000
21.123053 -12.094455 144.197862 6.924938 -82.563561 984.375841 4.595982 -2.631528 31.374764 1.000000
15.233597 -10.649073 118.795510 7.444253 -83.044208 926.397956 3.903024 -2.728416 30.436786 1.000000
10.689451 -9.064335 96.575607 7.686285 -81.893232 872.528283 3.269473 -2.772415 29.538590 1.000000
6.477963 -6.872298 72.844209 7.290637 -77.278474 819.127640 2.545184 -2.700118 28.620406 1.000000
1.735198 -3.054277 36.161243 5.376103 -63.650612 753.594230 1.317269 -2.318643 27.451671 1.000000
0.209261 -0.971897 12.056810 4.513905 -55.996963 694.666770 0.457451 -2.124595 26.356532 1.000000
0.027014 0.341311 -4.161641 4.312343 -52.580831 641.123307 -0.164359 -2.076618 25.320413 1.000000
0.407214 1.369889 -15.529686 4.608375 -52.242633 592.246235 -0.638133 -2.146713 24.336110 1.000000
1.053666 2.379212 -24.019911 5.372340 -54.237759 547.570394 -1.026482 -2.317831 23.400222 1.000000
1.887133 3.546654 -30.924818 6.665538 -58.119718 506.771050 -1.373730 -2.581770 22.511576 1.000000
2.932055 5.030065 -37.107174 8.629292 -63.658940 469.616825 -1.712324 -2.937566 21.670644 1.000000
4.273964 7.009140 -43.165394 11.494725 -70.789617 435.953885 -2.067357 -3.390387 20.879509 1.000000
6.050423 9.718206 -49.544927 15.609409 -79.579199 405.707161 -2.459761 -3.950874 20.142174 1.000000
8.460060 13.480922 -56.616815 21.481558 -90.217671 378.893752 -2.908618 -4.634820 19.465193 1.000000
11.784505 18.754025 -64.739054 29.845414 -103.026626 355.648801 -3.432857 -5.463096 18.858653 1.000000
16.423012 26.186196 -74.313751 41.753416 -118.491931 336.268004 -4.052532 -6.461688 18.337612 1.000000
22.942172 36.697815 -85.853124 58.701053 -137.328852 321.275558 -4.789799 -7.661661 17.924161 1.000000
32.144361 51.586193 -100.070209 82.787003 -160.595543 311.533544 -5.669600 -9.098736 17.650313 1.000000
45.158128 72.656479 -118.015809 116.899531 -189.879731 308.421360 -6.719980 -10.812009 17.561929 1.000000
63.549906 102.366004 -141.291509 164.890862 -227.591953 314.135645 -7.971819 -12.840984 17.723872 1.000000
89.445505 143.940836 -172.376172 231.637846 -277.397620 332.197180 -9.457563 -15.219653 18.226277 1.000000
125.624533 201.363874 -215.099585 322.766652 -344.783657 368.302516 -11.208235 -17.965708 19.191209 1.000000
175.500584 279.027783 -275.253501 443.625327 -437.624609 431.705060 -13.247663 -21.062415 20.777513 1.000000
242.814095 380.693246 -361.186686 596.865462 -566.282329 537.266264 -15.582493 -24.430830 23.179005 1.000000
330.751109 507.265782 -483.891709 777.982498 -742.134189 707.937719 -18.186564 -27.892338 26.607099 1.000000
440.134145 653.061472 -655.498763 968.998409 -972.614809 976.244706 -20.979374 -31.128739 31.244915 1.000000
566.529775 801.209857 -884.503144 1133.104144 -1250.900958 1380.943857 -23.801886 -33.661612 37.161053 1.000000
696.951358 921.122627 -1166.563265 1217.397577 -1541.783092 1952.603774 -26.399836 -34.891225 44.188276 1.000000
808.445357 973.517923 -1473.249670 1172.295863 -1774.065429 2684.738765 -28.433174 -34.238806 51.814465 1.000000
872.125161 926.980381 -1747.795316 985.285904 -1857.728732 3502.695030 -29.531765 -31.389264 59.183571 1.000000
864.306894 779.822212 -1919.647931 703.595779 -1732.005271 4263.587628 -29.399097 -26.525380 65.296153 1.000000
779.894537 568.790451 -1937.220471 414.828624 -1412.848089 4811.962356 -27.926592 -20.367342 69.368309 1.000000
637.694905 351.659127 -1796.332532 193.923678 -990.593972 5060.116586 -25.252622 -13.925648 71.134496 1.000000
471.904727 176.192048 -1539.757245 65.783697 -574.889308 5024.006405 -21.723368 -8.110715 70.880226 1.000000
316.063135 61.499086 -1230.467747 11.966399 -239.422550 4790.343154 -17.778165 -3.459248 69.212305 1.000000
191.174952 1.400668 -923.156380 0.010262 -6.763626 4457.789532 -13.826603 -0.101302 66.766680 1.000000
103.458527 -21.442402 -651.246355 4.444067 134.974722 4099.437960 -10.171457 2.108096 64.026853 1.000000
48.839152 -23.968064 -428.274653 11.762450 210.177982 3755.576633 -6.988501 3.429643 61.282760 1.000000
18.875078 -17.944478 -254.898675 17.059759 242.331378 3442.281695 -4.344546 4.130346 58.670961 1.000000
11.433761 -17.440298 -192.376096 26.602270 293.437689 3236.779353 -3.381385 5.157739 56.892700 1.000000
6.395684 -15.002316 -139.684639 35.190837 327.657366 3050.775645 -2.528969 5.932187 55.233827 1.000000
2.882165 -10.914812 -91.084081 41.334594 344.937110 2878.499511 -1.697694 6.429199 53.651650 1.000000
0.828231 -6.086501 -47.465522 44.728454 348.814433 2720.226105 -0.910072 6.687933 52.155787 1.000000
0.033376 -1.232844 -9.271122 45.538863 342.457145 2575.314545 -0.182691 6.748249 50.747557 1.000000
0.223890 3.145830 23.385129 44.201405 328.579562 2442.558752 0.473170 6.648414 49.422250 1.000000
1.104207 6.750154 50.619059 41.264539 309.440670 2320.479777 1.050812 6.423748 48.171358 1.000000
2.394332 9.448082 72.702083 37.282323 286.883898 2207.544070 1.547363 6.105925 46.984509 1.000000
3.853556 11.233943 90.007607 32.749359 262.391524 2102.310202 1.963048 5.722706 45.850956 1.000000
5.292404 12.188007 102.972861 28.068062 237.138742 2003.515006 2.300522 5.297930 44.760641 1.000000
6.575508 12.440992 112.071236 23.538605 212.041012 1910.112760 2.564275 4.851660 43.704837 1.000000
7.618163 12.145554 117.791393 19.363525 187.793543 1821.280670 2.760102 4.400401 42.676465 1.000000
8.379031 11.455216 120.620759 15.660758 164.904137 1736.402176 2.894656 3.957368 41.670159 1.000000
8.851025 10.510278 121.032139 12.480582 143.721369 1655.037525 2.975067 3.532787 40.682152 1.000000
9.051857 9.429687 119.472895 9.823288 124.459765 1576.888830 3.008630 3.134212 39.710060 1.000000
9.015293 8.307629 116.356567 7.655513 107.223042 1501.764855 3.002548 2.766860 38.752611 1.000000
8.783714 7.213554 112.056900 5.924072 92.025819 1429.548901 2.963733 2.433942 37.809376 1.000000
8.402258 6.194456 106.904228 4.566782 78.813759 1360.171753 2.898665 2.137003 36.880506 1.000000
7.914568 5.278401 101.184038 3.520283 67.481876 1293.590383 2.813284 1.876242 35.966518 1.000000
7.360006 4.478529 95.137436 2.725164 57.890680 1229.772351 2.712933 1.650807 35.068110 1.000000
6.772091 3.796980 88.963156 2.128893 49.879915 1168.685257 2.602324 1.459073 34.186039 1.000000
6.177907 3.228403 82.820711 1.687074 43.279813 1110.290363 2.485539 1.298874 33.321020 1.000000
5.598187 2.762863 76.834292 1.363551 37.919897 1054.539406 2.366049 1.167712 32.473673 1.000000
5.047860 2.388107 71.097077 1.129797 33.635527 1001.373689 2.246744 1.062919 31.644489 1.000000
4.536845 2.091209 65.675646 0.963920 30.272468 950.724665 2.129987 0.981794 30.833823 1.000000
4.070947 1.859687 60.614288 0.849541 27.689770 902.515388 2.017659 0.921705 30.041894 1.000000
3.652753 1.682184 55.939041 0.774687 25.761320 856.662376 1.911218 0.880163 29.268795 1.000000
3.282461 1.548825 51.661353 0.730811 24.376342 813.077555 1.811756 0.854875 28.514515 1.000000
2.958590 1.451337 47.781327 0.711954 23.439147 771.670099 1.720055 0.843774 27.778951 1.000000
2.678576 1.383019 44.290519 0.714089 22.868361 732.348042 1.636636 0.845038 27.061930 1.000000
2.439246 1.338620 41.174309 0.734613 22.595812 695.019626 1.561809 0.857096 26.363225 1.000000
2.237170 1.314168 38.413859 0.771975 22.565240 659.594372 1.495717 0.878621 25.682569 1.000000
2.068927 1.306797 35.987704 0.825413 22.730935 625.983897 1.438376 0.908523 25.019670 1.000000
1.931286 1.314570 33.873029 0.894790 23.056385 594.102515 1.389707 0.945933 24.374218 1.000000
1.821327 1.336328 32.046642 0.980480 23.512990 563.867651 1.349565 0.990192 23.745898 1.000000
1.736509 1.371566 30.485733 1.083319 24.078876 535.200110 1.317767 1.040826 23.134392 1.000000
1.674716 1.420332 29.168416 1.204589 24.737830 508.024235 1.294108 1.097538 22.539393 1.000000
1.634270 1.483164 28.074120 1.346030 25.478364 482.267988 1.278386 1.160185 21.960601 1.000000
1.613936 1.561040 27.183848 1.509877 26.292905 457.862967 1.270408 1.228771 21.397733 1.000000
1.612920 1.655361 26.480333 1.698919 27.177113 434.744384 1.270008 1.303426 20.850525 1.000000
1.630867 1.767957 25.948120 1.916571 28.129315 412.851025 1.277054 1.384403 20.318736 1.000000
1.667857 1.901105 25.573594 2.166973 29.150039 392.125197 1.291455 1.472064 19.802151 1.000000
1.724416 2.057576 25.344956 2.455104 30.241649 372.512672 1.313170 1.566877 19.300587 1.000000
1.801527 2.240696 25.252193 2.786923 31.408065 353.962636 1.342210 1.669408 18.813895 1.000000
1.900656 2.454424 25.287016 3.169537 32.654555 336.427654 1.378643 1.780319 18.341964 1.000000
2.023788 2.703464 25.442801 3.611405 33.987602 319.863643 1.422599 1.900370 17.884732 1.000000
2.173480 2.993381 25.714539 4.122572 35.414823 304.229880 1.474273 2.030412 17.442187 1.000000
2.352927 3.330760 26.098787 4.714963 36.944958 289.489021 1.533926 2.171396 17.014377 1.000000
2.566050 3.723390 26.593642 5.402712 38.587902 275.607165 1.601890 2.324373 16.601421 1.000000
2.817597 4.180473 27.198735 6.202573 40.354801 262.553946 1.678570 2.490496 16.203516 1.000000
3.113278 4.712889 27.915263 7.134385 42.258203 250.302680 1.764448 2.671027 15.820957 1.000000
3.459921 5.333498 28.746042 8.221634 44.312272 238.830557 1.860086 2.867339 15.454144 1.000000
3.865659 6.057493 29.695621 9.492099 46.533078 228.118904 1.966128 3.080925 15.103606 1.000000
4.340156 6.902817 30.770447 10.978611 48.938969 218.153530 2.083304 3.313399 14.770021 1.000000
4.894873 7.890652 31.979088 12.719919 51.551054 208.925168 2.212436 3.566500 14.454244 1.000000
5.543377 9.045972 33.332555 14.761690 54.393806 200.430036 2.354438 3.842095 14.157332 1.000000
6.301710 10.398192 34.844714 17.157628 57.495825 192.670565 2.510321 4.142177 13.880582 1.000000
7.188811 11.981890 36.532836 19.970714 60.890796 185.656305 2.681196 4.468861 13.625575 1.000000
8.226999 13.837621 38.418296 23.274557 64.618682 179.405093 2.868274 4.824371 13.394219 1.000000
9.442527 16.012805 40.527470 27.154798 68.727204 173.944525 3.072869 5.211027 13.188803 1.000000
10.866204 18.562677 42.892876 31.710520 73.273664 169.313839 3.296393 5.631209 13.012065 1.000000
12.534075 21.551260 45.554590 37.055528 78.327181 165.566313 3.540350 6.087325 12.867257 1.000000
14.488152 25.052291 48.562025 43.319347 83.971369 162.772325 3.806331 6.581743 12.758226 1.000000
16.777174 29.150033 51.976104 50.647649 90.307529 161.023266 4.095995 7.116716 12.689494 1.000000
19.457347 33.939788 55.871898 59.201760 97.458322 160.436521 4.411048 7.694268 12.666354 1.000000
22.593007 39.527940 60.341774 69.156709 105.571870 161.161800 4.753210 8.316051 12.694952 1.000000
26.257099 46.031209 65.499041 80.697118 114.826091 163.389122 5.124168 8.983157 12.782375 1.000000
30.531332 53.574728 71.482069 94.010032 125.432862 167.358766 5.525516 9.695877 12.936722 1.000000
35.505804 62.288409 78.458682 109.273568 137.641341 173.373478 5.958675 10.453400 13.167136 1.000000
41.277828 72.300954 86.630524 126.640090 151.739317 181.813045 6.424782 11.253448 13.483807 1.000000
47.949606 83.730726 96.236780 146.212555 168.050919 193.151070 6.924565 12.091838 13.897880 1.000000
55.624304 96.672644 107.556321 168.012889 186.928250 207.973155 7.458170 12.961979 14.421274 1.000000
64.400035 111.180312 120.906849 191.941847 208.733755 226.994691 8.024963 13.854308 15.066343 1.000000
74.361195 127.242865 136.639062 217.731126 233.809392 251.074951 8.623294 14.755715 15.845345 1.000000
85.566684 144.756644 155.123279 244.890708 262.428367 281.221972 9.250226 15.648984 16.769674 1.000000
98.034729 163.492907 176.725516 272.657768 294.725843 318.580040 9.901249 16.512352 17.848811 1.000000
111.724442 183.064507 201.769983 299.957761 330.607356 364.388717 10.569978 17.319289 19.088968 1.000000
126.514979 202.896758 230.485746 325.393048 369.638529 419.900312 11.247888 18.038654 20.491469 1.000000
142.184182 222.210334 262.937410 347.277959 410.927636 486.243130 11.924101 18.635395 22.050921 1.000000
158.389906 240.026312 298.943525 363.739279 453.023260 564.223020 12.585305 19.071950 23.753379 1.000000
174.658578 255.204260 337.992036 372.894448 493.860698 654.068170 13.215846 19.310475 25.574756 1.000000
190.386546 266.522030 379.168820 373.104055 530.798240 755.142614 13.798063 19.315902 27.479858 1.000000
204.859790 272.799343 421.121216 363.270319 560.781550 865.680268 14.312924 19.059652 29.422445 1.000000
217.295956 273.056037 462.080494 343.124651 580.654470 982.615536 14.740962 18.523624 31.346699 1.000000
226.908982 266.681847 499.961983 313.426145 587.595890 1101.595814 15.063498 17.703845 33.190297 1.000000
232.991151 253.582259 532.547208 275.993151 579.612245 1217.241633 15.264048 16.613042 34.888990 1.000000
235.001305 234.260494 557.730393 233.522019 555.972221 1323.665805 15.329752 15.281427 36.382218 1.000000
232.643339 209.804122 573.788400 189.207092 517.458063 1415.183988 15.252650 13.755257 37.618931 1.000000
225.918130 181.766581 579.617997 146.243641 466.342305 1487.074196 15.030573 12.093124 38.562601 1.000000
215.136036 151.962956 574.885667 107.340176 406.074811 1536.207213 14.667516 10.360510 39.194479 1.000000
200.885446 122.224585 560.055166 74.365015 340.753955 1561.396287 14.173406 8.623515 39.514507 1.000000
183.963064 94.168019 536.290168 48.203240 274.519142 1563.396138 13.563298 6.942855 39.539804 1.000000
165.280192 69.026129 505.261447 28.827450 211.012834 1544.583932 12.856134 5.369120 39.301195 1.000000
145.763428 47.567150 468.908033 15.522644 153.019308 1508.435596 12.073253 3.939879 38.838584 1.000000
126.267070 30.101068 429.204294 7.175856 102.318899 1458.941956 11.236862 2.678779 38.196099 1.000000
107.509170 16.552142 387.972290 2.548372 59.732322 1400.089846 10.368663 1.596362 37.417774 1.000000
90.036134 6.566922 346.758959 0.478968 25.291392 1335.483543 9.488737 0.692075 36.544268 1.000000
74.214291 -0.371408 306.778734 0.001859 -1.535284 1268.127619 8.614772 -0.043113 35.610780 1.000000
60.242598 -4.843238 268.909487 0.389375 -21.619130 1200.351827 7.761610 -0.623999 34.646094 1.000000
48.178859 -7.417908 233.724286 1.142106 -35.985601 1133.838429 6.941099 -1.068694 33.672517 1.000000
37.972156 -8.606239 201.541984 1.950570 -45.678694 1069.709389 6.162155 -1.396628 32.706412 1.000000
29.495710 -8.836661 172.483336 2.647388 -51.674525 1008.638256 5.430995 -1.627080 31.759066 1.000000
22.576374 -8.448940 146.524017 3.161916 -54.834876 950.962594 4.751460 -1.778178 30.837681 1.000000
17.018763 -7.699275 123.540048 3.483146 -55.889417 896.783355 4.125380 -1.866319 29.946341 1.000000
12.623436 -6.771517 103.344092 3.632406 -55.436275 846.045492 3.552948 -1.905887 29.086861 1.000000
9.199496 -5.790719 85.712951 3.645029 -53.952920 798.599209 3.033067 -1.909196 28.259498 1.000000
6.572423 -4.836547 70.407459 3.559143 -51.811792 754.243949 2.563674 -1.886569 27.463502 1.000000
4.588192 -3.955227 57.186292 3.409583 -49.297144 712.758332 2.142007 -1.846506 26.697534 1.000000
2.890533 -2.995874 44.074944 3.105054 -45.681190 672.056203 1.700157 -1.762116 25.924047 1.000000
0.800763 -1.318153 22.270586 2.169842 -36.660112 619.383352 0.894853 -1.473038 24.887414 1.000000
0.114255 -0.447679 8.079717 1.754116 -31.658329 571.370468 0.338016 -1.324430 23.903357 1.000000
0.003676 0.077705 -1.392336 1.642555 -29.431760 527.366665 -0.060630 -1.281622 22.964465 1.000000
0.131373 0.479167 -7.998196 1.747704 -29.172484 486.943770 -0.362454 -1.322008 22.066802 1.000000
0.371540 0.872959 -12.927232 2.051083 -30.373486 449.786180 -0.609540 -1.432160 21.208163 1.000000
0.691148 1.334892 -16.949072 2.578226 -32.735647 415.643333 -0.831353 -1.605686 20.387333 1.000000
1.101097 1.932596 -20.570917 3.392005 -36.105150 384.310081 -1.049332 -1.841740 19.603828 1.000000
1.638596 2.744589 -24.139541 4.597087 -40.432860 355.619986 -1.280076 -2.144082 18.857889 1.000000
2.364157 3.875571 -27.908078 6.353238 -45.749812 329.445449 -1.537582 -2.520563 18.150632 1.000000
3.366646 5.473255 -32.081031 8.898030 -52.155065 305.702599 -1.834842 -2.982957 17.484353 1.000000
4.774513 7.750567 -36.846778 12.581657 -59.814146 284.360967 -2.185066 -3.547063 16.863006 1.000000
6.773732 11.017043 -42.404606 17.918516 -68.968382 265.459357 -2.602639 -4.233027 16.292924 1.000000
9.634569 15.724031 -48.992537 25.662295 -79.957927 249.130877 -3.103960 -5.065797 15.783880 1.000000
13.750624 22.529593 -56.923021 36.913418 -93.265036 235.642413 -3.708183 -6.075641 15.350649 1.000000
19.694999 32.390317 -66.636284 53.268984 -109.589764 225.457958 -4.437905 -7.298560 15.015258 1.000000
28.299586 46.687636 -78.786487 77.023578 -129.979105 219.342805 -5.319736 -8.776308 14.810226 1.000000
40.763634 67.393203 -94.384796 111.419014 -156.043344 218.540126 -6.384640 -10.555521 14.783103 1.000000
58.794797 97.266167 -115.036697 160.910621 -190.308992 225.078446 -7.667777 -12.685055 15.002615 1.000000
84.775043 140.043787 -143.326332 231.344764 -236.767351 242.317040 -9.207336 -15.210022 15.566536 1.000000
121.915837 200.516131 -183.407577 329.790779 -301.652179 275.914437 -11.041550 -18.160143 16.610672 1.000000
174.306052 284.237843 -241.826504 463.501700 -394.342268 335.502166 -13.202502 -21.529090 18.316718 1.000000
246.642306 396.408195 -328.441261 637.114773 -527.877027 437.368850 -15.704850 -25.241133 20.913365 1.000000
343.262044 539.213313 -456.873621 847.023440 -717.680103 608.087931 -18.527332 -29.103667 24.659439 1.000000
465.956025 707.004827 -643.074029 1072.753218 -975.749680 887.517672 -21.586015 -32.752912 29.791235 1.000000
610.216396 879.899918 -899.553454 1268.769359 -1297.108724 1326.081080 -24.702558 -35.619789 36.415396 1.000000
760.665511 1019.672644 -1223.167209 1366.871886 -1639.656491 1966.880317 -27.580165 -36.971231 44.349524 1.000000
888.779555 1075.996629 -1579.231015 1302.650065 -1911.888317 2806.062070 -29.812406 -36.092244 52.972276 1.000000
958.142398 1009.411210 -1895.057801 1063.423342 -1996.459600 3748.131883 -30.953875 -32.610172 61.221989 1.000000
939.785490 821.717316 -2080.746706 718.482413 -1819.336025 4606.909661 -30.655921 -26.804522 67.874219 1.000000
830.229574 565.689569 -2075.436348 385.441206 -1414.130175 5188.246926 -28.813705 -19.632657 72.029487 1.000000
656.985037 316.806626 -1883.634144 152.768226 -908.312587 5400.545508 -25.631719 -12.359944 73.488404 1.000000
464.647203 130.145144 -1567.714783 36.452944 -439.108348 5289.453206 -21.555677 -6.037627 72.728627 1.000000
292.930854 20.476403 -1207.512050 1.431338 -84.407303 4977.575196 -17.115223 -1.196385 70.551933 1.000000
163.174442 -27.165044 -864.931023 4.522397 143.992461 4584.698834 -12.773975 2.126593 67.710404 1.000000
78.323598 -37.005771 -572.768038 17.484221 270.617325 4188.561716 -8.850062 4.181414 64.719099 1.000000
30.341361 -29.229768 -340.682058 28.158900 328.200751 3825.282053 -5.508299 5.306496 61.848865 1.000000
18.568785 -29.259257 -258.058701 46.104475 406.628956 3586.357019 -4.309151 6.790028 59.886201 1.000000
10.219815 -25.190211 -185.540035 62.089842 457.326519 3368.466401 -3.196845 7.879711 58.038491 1.000000
4.436889 -18.053690 -118.582030 73.460421 482.510004 3169.269917 -2.106392 8.570906 56.296269 1.000000
1.146959 -9.552472 -58.558412 79.557970 487.705023 2989.721699 -1.070962 8.919527 54.678348 1.000000
0.013257 -1.034290 -6.124121 80.690575 477.776045 2828.954289 -0.115141 8.982793 53.187915 1.000000
0.553787 6.560207 38.560439 77.712728 456.789980 2684.979559 0.744169 8.815482 51.816788 1.000000
2.240068 12.673845 75.656949 71.706018 428.051516 2555.268087 1.496686 8.467941 50.549660 1.000000
4.569523 17.069607 105.530735 63.764090 394.213612 2437.176957 2.137644 7.985242 49.367772 1.000000
7.111602 19.752702 128.675882 54.863764 357.401395 2328.235375 2.666759 7.407008 48.251791 1.000000
9.531306 20.893298 145.669724 45.799589 319.318354 2226.312819 3.087281 6.767539 47.183819 1.000000
11.595196 20.758143 157.144052 37.161986 281.325022 2129.696941 3.405172 6.096063 46.148640 1.000000
13.165066 19.654874 163.763959 29.343878 244.492512 2037.105980 3.628370 5.416999 45.134310 1.000000
14.183962 17.890131 166.209176 22.564694 209.638447 1947.656742 3.766160 4.750231 44.132264 1.000000
14.658409 15.741013 165.155838 16.903573 177.353499 1860.805629 3.828630 4.111395 43.137056 1.000000
14.639821 13.438404 161.258723 12.335582 148.025030 1776.276921 3.826202 3.512205 42.145900 1.000000
14.207208 11.160050 155.134963 8.766446 121.861667 1693.989233 3.769245 2.960819 41.158100 1.000000
13.452494 9.031008 147.350475 6.062749 98.920193 1613.987955 3.667764 2.462265 40.174469 1.000000
12.469071 7.129043 138.410027 4.075946 79.134289 1536.388407 3.531157 2.018897 39.196791 1.000000
11.343701 5.492820 128.751357 2.659720 62.343678 1461.331822 3.368041 1.630865 38.227370 1.000000
10.151489 4.131097 118.743224 1.681129 48.321950 1388.954214 3.186140 1.296583 37.268676 1.000000
8.953416 3.031643 108.686886 1.026520 36.801573 1319.366749 2.992226 1.013173 36.323088 1.000000
7.795855 2.169066 98.820252 0.603506 27.495084 1252.645503 2.792106 0.776857 35.392732 1.000000
6.711445 1.511138 89.323875 0.340245 20.112014 1188.828221 2.590646 0.583305 34.479388 1.000000
5.720809 1.023515 80.328022 0.183118 14.371557 1127.915829 2.391821 0.427923 33.584458 1.000000
4.834676 0.672992 71.920146 0.093681 10.011358 1069.876801 2.198790 0.306074 32.708971 1.000000
4.056079 0.429491 64.152262 0.045478 6.792975 1014.652900 2.013971 0.213256 31.853617 1.000000
3.382432 0.267088 57.047862 0.021090 4.504683 962.165259 1.839139 0.145224 31.018789 1.000000
2.807333 0.164321 50.608164 0.009618 2.962231 912.320130 1.675510 0.098072 30.204638 1.000000
2.322060 0.104045 44.817569 0.004662 2.008155 865.013920 1.523831 0.068279 29.411119 1.000000
1.916738 0.073004 39.648308 0.002781 1.510109 820.137381 1.384463 0.052731 28.638041 1.000000
1.581196 0.061266 35.064296 0.002374 1.358615 777.578907 1.257456 0.048722 27.885102 1.000000
1.305575 0.061631 31.024262 0.002909 1.464521 737.227037 1.142617 0.053938 27.151925 1.000000
1.080705 0.069062 27.484225 0.004413 1.756377 698.972250 1.039569 0.066434 26.438083 1.000000
0.898330 0.080185 24.399401 0.007157 2.177888 662.708206 0.947803 0.084601 25.743120 1.000000
0.751200 0.092856 21.725646 0.011478 2.685524 628.332535 0.866718 0.107136 25.066562 1.000000
0.633079 0.105826 19.420486 0.017690 3.246353 595.747289 0.795663 0.133004 24.407935 1.000000
0.538696 0.118466 17.443832 0.026052 3.836117 564.859155 0.733959 0.161407 23.766766 1.000000
0.463663 0.130567 15.758432 0.036768 4.437562 535.579498 0.680928 0.191749 23.142591 1.000000
0.404377 0.142194 14.330129 0.050001 5.039009 507.824286 0.635907 0.223609 22.534957 1.000000
0.357919 0.153582 13.127953 0.065901 5.633155 481.513950 0.598264 0.256713 21.943426 1.000000
0.321950 0.165065 12.124104 0.084630 6.216077 456.573198 0.567407 0.290912 21.367574 1.000000
0.294623 0.177037 11.293857 0.106381 6.786421 432.930809 0.542791 0.326161 20.806989 1.000000
0.274498 0.189924 10.615396 0.131407 7.344748 410.519426 0.523925 0.362502 20.261279 1.000000
0.260478 0.204174 10.069631 0.160040 7.893017 389.275349 0.510370 0.400050 19.730062 1.000000
0.251746 0.220257 9.639979 0.192707 8.434181 369.138332 0.501743 0.438984 19.212973 1.000000
0.247724 0.238672 9.312144 0.229951 8.971882 350.051401 0.497719 0.479532 18.709661 1.000000
0.248029 0.259955 9.073903 0.272455 9.510216 331.960674 0.498025 0.521972 18.219788 1.000000
0.252450 0.284696 8.914889 0.321059 10.053572 314.815207 0.502444 0.566621 17.743033 1.000000
0.260931 0.313556 8.826396 0.376794 10.606517 298.566837 0.510814 0.613836 17.279087 1.000000
0.273549 0.347290 8.801195 0.440908 11.173719 283.170054 0.523020 0.664009 16.827657 1.000000
0.290520 0.386771 8.833366 0.514910 11.759907 268.581876 0.538999 0.717572 16.388468 1.000000
0.312188 0.433017 8.918153 0.600613 12.369853 254.761734 0.558738 0.774992 15.961257 1.000000
0.339037 0.487230 9.051827 0.700198 13.008379 241.671378 0.582269 0.836779 15.545783 1.000000
0.371703 0.550830 9.231579 0.816280 13.680370 229.274785 0.609674 0.903482 15.141822 1.000000
0.410985 0.625505 9.455416 0.951996 14.390812 217.538085 0.641081 0.975703 14.749172 1.000000
0.457875 0.713267 9.722089 1.111110 15.144828 206.429498 0.676665 1.054092 14.367655 1.000000
0.513586 0.816520 10.031021 1.298138 15.947736 195.919278 0.716649 1.139359 13.997117 1.000000
0.579587 0.938140 10.382265 1.518507 16.805104 185.979681 0.761306 1.232277 13.637437 1.000000
0.657656 1.081572 10.776463 1.778740 17.722828 176.584938 0.810960 1.333694 13.288527 1.000000
0.749935 1.250949 11.214836 2.086680 18.707211 167.711251 0.865988 1.444535 12.950338 1.000000
0.859002 1.451233 11.699173 2.451773 19.765061 159.336809 0.926824 1.565814 12.622868 1.000000
0.987958 1.688386 12.231852 2.885393 20.903807 151.441818 0.993961 1.698644 12.306170 1.000000
1.140533 1.969579 12.815870 3.401252 22.131638 144.008569 1.067957 1.844248 12.000357 1.000000
1.321212 2.303439 13.454906 4.015881 23.457668 137.021526 1.149440 2.003966 11.705619 1.000000
1.535392 2.700355 14.153398 4.749222 24.892146 130.467457 1.239109 2.179271 11.422235 1.000000
1.789566 3.172838 14.916662 5.625330 26.446717 124.335612 1.337747 2.371778 11.150588 1.000000
2.091552 3.735959 15.751053 6.673222 28.134745 118.617952 1.446220 2.583258 10.891187 1.000000
2.450763 4.407876 16.664172 7.927887 29.971729 113.309455 1.565491 2.815650 10.644691 1.000000
2.878533 5.210458 17.665149 9.431495 31.975839 108.408505 1.696624 3.071074 10.411940 1.000000
3.388513 6.170034 18.765006 11.234817 34.168596 103.917398 1.840791 3.351838 10.193988 1.000000
3.997137 7.318280 19.977140 13.398895 36.575756 99.842999 1.999284 3.660450 9.992147 1.000000
4.724183 8.693256 21.317950 15.996989 39.228455 96.197587 2.173519 3.999624 9.808037 1.000000
5.593436 10.340625 22.807658 19.116790 42.164685 92.999956 2.365045 4.372275 9.643648 1.000000
6.633466 12.315051 24.471382 22.862930 45.431196 90.276862 2.575552 4.781520 9.501414 1.000000
7.878541 14.681779 26.340521 27.359716 49.085955 88.064912 2.806874 5.230652 9.384291 1.000000
9.369670 17.518402 28.454562 32.754023 53.201279 86.413081 3.060992 5.723113 9.295864 1.000000
11.155799 20.916741 30.863401 39.218174 57.867820 85.386040 3.340030 6.262442 9.240457 1.000000
13.295131 24.984789 33.630320 46.952503 63.199562 85.068619 3.646249 6.852190 9.223265 1.000000
15.856553 29.848533 36.835760 56.187175 69.339999 85.571761 3.982029 7.495810 9.250501 1.000000
18.921110 35.653438 40.582054 67.182511 76.469603 87.040512 4.349840 8.196494 9.329550 1.000000
22.583413 42.565192 44.999269 80.226825 84.814572 89.664668 4.752201 8.956943 9.469143 1.000000
26.952823 50.769144 50.252250 95.630278 94.656641 93.692916 5.191611 9.779073 9.679510 1.000000
32.154126 60.467634 56.548850 113.712771 106.343278 99.451386 5.670461 10.663619 9.972532 1.000000
38.327325 71.874085 64.149136 134.783319 120.296954 107.367567 6.190907 11.609622 10.361832 1.000000
45.625981 85.202407 73.374950 159.107814 137.021104 118.000383 6.754701 12.613795 10.862798 1.000000
54.213359 100.649934 84.618635 186.861863 157.098918 132.076549 7.362972 13.669743 11.492456 1.000000
64.255414 118.371892 98.348854 218.065747 181.179129 150.532017 8.015947 14.767049 12.269149 1.000000
75.909481 138.445501 115.110199 252.500169 209.940696 174.554718 8.712605 15.890254 13.211916 1.000000
89.307425 160.822521 135.511810 289.605073 244.026194 205.620650 9.450261 17.017787 14.339479 1.000000
104.532193 185.270765 160.198660 328.370194 283.932897 245.509158 10.224099 18.120988 15.668732 1.000000
121.587230 211.308246 189.798048 367.235729 329.852836 296.275349 11.026660 19.163396 17.212651 1.000000
140.359442 238.138548 224.834116 404.033866 381.461120 360.149478 11.847339 20.100594 18.977605 1.000000
160.578402 264.602433 265.606241 436.014101 437.668184 439.328542 12.671953 20.880951 20.960166 1.000000
181.777358 289.167424 312.034464 460.001182 496.377566 535.630554 13.482483 21.447638 23.143694 1.000000
203.265012 309.981320 363.487753 472.724831 554.322715 650.005356 14.257104 21.742236 25.495203 1.000000
224.120016 325.013066 418.627781 471.325566 607.083211 781.943633 14.970638 21.710034 27.963255 1.000000
243.221090 332.290475 475.317704 453.977736 649.382608 928.895271 15.595547 21.306753 30.477783 1.000000
259.322711 330.216879 530.653504 420.492239 675.724635 1085.879215 16.103500 20.505907 32.952681 1.000000
271.177887 317.912462 581.164311 372.701236 681.321693 1245.499626 16.467480 19.305472 35.291637 1.000000
277.696227 295.493841 623.190971 314.432107 663.131420 1398.531735 16.664220 17.732234 37.396948 1.000000
278.110672 264.196654 653.393954 250.978762 620.704324 1535.085498 16.676650 15.842309 39.180167 1.000000
272.115905 226.275072 669.282914 188.156617 556.535053 1646.135383 16.495936 13.717019 40.572594 1.000000
259.941880 184.677038 669.630512 131.204746 475.742422 1725.020314 16.122713 11.454464 41.533364 1.000000
242.339539 142.570352 654.654385 83.875316 385.138582 1768.478911 15.567259 9.158347 42.053287 1.000000
220.479042 102.846495 625.920538 47.974635 291.972122 1776.933156 14.848537 6.926372 42.153685 1.000000
195.784773 67.730783 586.009224 23.431133 202.727020 1754.001629 13.992311 4.840572 41.880803 1.000000
169.746456 38.580291 538.050575 8.768600 122.289137 1705.475495 13.028678 2.961182 41.297403 1.000000
143.746917 15.881411 485.256252 1.754606 53.611961 1638.112565 11.989450 1.324615 40.473603 1.000000
118.935928 -0.599992 430.546225 0.003027 -2.171961 1558.570694 10.905775 -0.055016 39.478737 1.000000
96.162609 -11.590624 376.318538 1.397035 -45.358239 1472.668471 9.806254 -1.181962 38.375363 1.000000
75.962979 -18.074681 324.360471 4.300701 -77.178543 1385.013022 8.715674 -2.073813 37.215763 1.000000
58.589116 -21.099066 275.868125 7.598179 -99.345413 1298.931062 7.654353 -2.756479 36.040686 1.000000
44.062785 -21.639100 231.531083 10.626897 -113.704213 1216.596789 6.637980 -3.259892 34.879748 1.000000
32.237979 -20.523900 191.643579 13.066280 -122.007451 1139.254471 5.677850 -3.614731 33.752844 1.000000
22.860985 -18.409068 156.215256 14.824111 -125.794110 1067.460866 4.781316 -3.850209 32.672020 1.000000
15.116778 -15.394436 122.953421 15.677194 -125.211774 1000.050666 3.888030 -3.959444 31.623578 1.000000
4.164471 -7.060099 61.788273 11.969108 -104.750725 916.752880 2.040704 -3.459640 30.277927 1.000000
0.541091 -2.349852 21.366451 10.204949 -92.790334 843.712787 0.735589 -3.194519 29.046735 1.000000
0.044600 0.658901 -5.892212 9.734367 -87.049379 778.437339 -0.211187 -3.119995 27.900490 1.000000
0.863582 2.977062 -24.927935 10.262950 -85.935119 719.563575 -0.929291 -3.203584 26.824682 1.000000
2.280886 5.171316 -38.984068 11.724611 -88.386218 666.301326 -1.510260 -3.424122 25.812813 1.000000
4.078041 7.614107 -50.208925 14.216293 -93.745038 618.173273 -2.019416 -3.770450 24.863091 1.000000
6.272655 10.619202 -60.051223 17.977627 -101.662860 574.899965 -2.504527 -4.240003 23.977072 1.000000
9.012227 14.522720 -69.525334 23.402583 -112.036342 536.357110 -3.002037 -4.837622 23.159385 1.000000
12.542356 19.742714 -79.394236 31.076678 -124.973145 502.572601 -3.541519 -5.574646 22.418131 1.000000
17.212941 26.835725 -90.303107 41.838065 -140.786481 473.751198 -4.148848 -6.468235 21.765826 1.000000
23.507470 36.560977 -102.888451 56.862990 -160.021573 450.326365 -4.848450 -7.540755 21.220895 1.000000
32.090340 49.958169 -117.884016 77.774765 -183.521571 433.047496 -5.664834 -8.819000 20.809793 1.000000
43.870703 68.439662 -136.244613 106.768003 -212.545836 423.120513 -6.623496 -10.332860 20.569893 1.000000
60.080436 93.888689 -159.311010 146.721405 -248.957946 422.433651 -7.751157 -12.112861 20.553191 1.000000
82.357301 128.736404 -189.041117 201.233668 -295.498679 433.920776 -9.075092 -14.185685 20.830765 1.000000
112.808892 175.954500 -228.327970 274.446326 -356.136232 462.141423 -10.621153 -16.566422 21.497475 1.000000
154.002741 238.837925 -281.398004 370.406099 -436.411164 514.178100 -12.409784 -19.245937 22.675496 1.000000
208.777524 320.363641 -354.201970 491.589614 -543.513643 600.922135 -14.449136 -22.171820 24.513713 1.000000
279.702972 421.830773 -454.526333 636.179159 -685.488586 738.619924 -16.724323 -25.222592 27.177563 1.000000
367.967048 540.538197 -591.228382 794.042683 -868.505822 949.951909 -19.182467 -28.178763 30.821290 1.000000
471.543737 666.702968 -771.628709 942.633339 -1090.985014 1262.684282 -21.715058 -30.702334 35.534269 1.000000
582.887093 780.974968 -996.151872 1046.380865 -1334.683313 1702.419841 -24.143055 -32.347811 41.260391 1.000000
687.257998 855.538654 -1250.771227 1065.024183 -1557.032635 2276.333876 -26.215606 -32.634708 47.710941 1.000000
763.780351 862.142941 -1501.327455 973.173046 -1694.674216 2951.089439 -27.636576 -31.195722 54.323931 1.000000
791.124738 786.452464 -1697.135870 781.807785 -1687.112820 3640.728223 -28.126940 -27.960826 60.338447 1.000000
756.824121 640.181770 -1788.337746 541.516433 -1512.717674 4225.753125 -27.510437 -23.270506 65.005793 1.000000
664.842847 459.234961 -1749.475346 317.212934 -1208.436320 4603.590159 -25.784547 -17.810473 67.849762 1.000000
535.201463 286.272725 -1592.017561 153.123783 -851.550745 4735.637118 -23.134422 -12.374320 68.815966 1.000000
395.138872 151.017866 -1356.065110 57.717419 -518.273633 4653.838724 -19.878100 -7.597198 68.219050 1.000000
268.098508 62.433641 -1089.677772 14.539281 -253.759529 4428.960301 -16.373714 -3.813041 66.550434 1.000000
167.325268 13.845829 -831.560705 1.145714 -68.809974 4132.628697 -12.935427 -1.070381 64.285525 1.000000
95.784199 -7.473909 -604.621575 0.583179 47.177788 3816.571569 -9.786940 0.763661 61.778407 1.000000
49.754354 -13.364703 -417.895575 3.589943 112.252495 3509.978484 -7.053677 1.894714 59.245071 1.000000
6.509290 11.934788 5.350737 21.882441 9.810580 4.398389 2.551331 4.677867 2.097234 1.000000
7.751824 14.803958 6.051511 28.271691 11.556803 4.724150 2.784210 5.317113 2.173511 1.000000
9.353870 18.388964 6.971679 36.151238 13.705766 5.196171 3.058410 6.012590 2.279511 1.000000
11.395840 22.864102 8.177311 45.873510 16.406589 5.867791 3.375772 6.772999 2.422352 1.000000
13.978476 28.440050 9.761433 57.862989 19.860222 6.816592 3.738780 7.606773 2.610860 1.000000
17.226340 35.369970 11.853362 72.623363 24.337907 8.156242 4.150463 8.521934 2.855914 1.000000
21.291719 43.954930 14.631169 90.741191 30.204797 10.054196 4.614295 9.525817 3.170835 1.000000
26.358658 54.547508 18.337984 112.882478 37.949251 12.757920 5.134068 10.624617 3.571823 1.000000
32.646616 67.551733 23.302755 139.776713 48.217600 16.633221 5.713722 11.822720 4.078385 1.000000
40.412874 83.416494 29.965724 172.180567 61.852459 22.219271 6.357112 13.121759 4.713732 1.000000
49.952393 102.618207 38.908072 210.810650 79.929636 30.305617 7.067701 14.519320 5.505054 1.000000
61.593107 125.626991 50.883554 256.232254 103.783493 42.036134 7.848128 16.007256 6.483528 1.000000
75.683830 152.849103 66.847159 308.690089 135.002791 59.042238 8.699645 17.569579 7.683895 1.000000
92.571073 184.537671 87.971398 367.870341 175.368357 83.600273 9.621386 19.179946 9.143318 1.000000
112.560359 220.665037 115.634625 432.595090 226.691876 118.792857 10.609447 20.798920 10.899214 1.000000
135.857651 260.755483 151.358346 500.475474 290.506412 168.627595 11.655799 22.371309 12.985669 1.000000
162.488086 303.689258 196.663967 567.593398 367.563774 238.028011 12.747081 23.824219 15.428156 1.000000
192.193543 347.509918 252.818658 628.341312 457.127695 332.567229 13.863389 25.066737 18.236426 1.000000
224.318734 389.296383 320.452858 675.608633 556.133391 457.786259 14.977274 25.992473 21.395940 1.000000
257.707830 425.191133 399.067938 701.521174 658.420618 617.968106 16.053281 26.486245 24.858964 1.000000
290.647799 450.688589 486.516442 698.853407 754.409322 814.381699 17.048396 26.435836 28.537374 1.000000
320.904863 461.255440 578.618375 662.989583 831.682235 1043.297448 17.913818 25.748584 32.300115 1.000000
345.896738 453.254425 669.137838 593.933249 876.821468 1294.448304 18.598299 24.370746 35.978442 1.000000
363.016079 424.983434 750.324018 497.528704 878.405384 1550.857290 19.052981 22.305351 39.380925 1.000000
370.068370 377.488381 814.069044 385.057166 830.391437 1790.772903 19.237161 19.622874 42.317525 1.000000
365.726293 314.772408 853.470929 270.917543 734.563263 1991.687880 19.123972 16.459573 44.628330 1.000000
349.864275 243.190075 864.335321 169.041016 600.798042 2135.329613 18.704659 13.001577 46.209627 1.000000
323.652852 170.145889 846.079098 89.446527 444.787924 2211.782888 17.990354 9.457617 47.029596 1.000000
289.367651 102.534795 801.703137 36.332272 284.076215 2221.146411 17.010810 6.027626 47.129040 1.000000
249.969365 45.466945 736.887180 8.269986 134.032459 2172.277055 15.810419 2.875758 46.607693 1.000000
208.586831 1.648528 658.599519 0.013029 5.205123 2079.485671 14.442535 0.114144 45.601378 1.000000
168.049565 -28.528966 573.724194 4.843225 -97.398396 1958.704570 12.963393 -2.200733 44.257254 1.000000
130.571817 -46.407521 488.076271 16.494050 -173.470895 1824.424691 11.426803 -4.061287 42.713285 1.000000
97.620493 -54.304182 405.933506 30.208250 -225.812086 1687.985858 9.880308 -5.496203 41.085105 1.000000
69.940051 -54.831540 330.008802 42.986783 -258.720013 1557.130834 8.363017 -6.556431 39.460497 1.000000
41.313046 -45.316570 242.997475 49.708063 -266.545636 1429.276685 6.427523 -7.050395 37.805776 1.000000
10.301785 -20.903248 115.576538 42.414570 -234.515184 1296.662243 3.209639 -6.512647 36.009197 1.000000
0.770226 -5.459075 30.255134 38.691902 -214.437182 1188.447781 0.877625 -6.220281 34.473871 1.000000
0.712290 5.202005 -27.955658 37.991338 -204.166066 1097.191752 -0.843973 -6.163711 33.123885 1.000000
4.662657 13.653432 -68.922897 39.980681 -201.823570 1018.810895 -2.159319 -6.323028 31.918817 1.000000
10.354862 21.494788 -99.239287 44.619224 -206.002494 951.092909 -3.217897 -6.679762 30.839794 1.000000
17.047566 29.815464 -123.377002 52.145974 -215.781108 892.906648 -4.128870 -7.221217 29.881544 1.000000
24.725769 39.488877 -144.443341 63.066651 -230.686674 843.811124 -4.972501 -7.941451 29.048427 1.000000
33.742338 51.354021 -164.696836 78.158055 -250.659716 803.887627 -5.808816 -8.840704 28.352912 1.000000
44.674219 66.330469 -185.915553 98.484791 -276.039877 773.703357 -6.683878 -9.923950 27.815524 1.000000
58.279470 85.492354 -209.675974 125.411960 -307.581598 754.365365 -7.634099 -11.198748 27.465713 1.000000
75.496335 110.107183 -237.581683 160.585169 -346.499598 747.652928 -8.688863 -12.672220 27.343243 1.000000
97.448810 141.626045 -271.466344 205.830491 -394.532313 756.232690 -9.871616 -14.346794 27.499685 1.000000
125.427728 181.590290 -313.577741 262.900668 -453.987917 783.965407 -11.199452 -16.214212 27.999382 1.000000
160.809099 231.395888 -366.721022 332.966588 -527.692383 836.297877 -12.681053 -18.247372 28.918815 1.000000
204.857800 291.837939 -434.290205 415.748790 -618.684561 920.677572 -14.312854 -20.389919 30.342669 1.000000
258.354281 362.367375 -520.042128 508.256004 -729.410405 1046.794400 -16.073403 -22.544534 32.354202 1.000000
320.995477 440.076011 -627.381886 603.332163 -860.123390 1226.210520 -17.916347 -24.562821 35.017289 1.000000
390.594532 518.644446 -757.903394 688.673392 -1006.369403 1470.623646 -19.763465 -26.242587 38.348711 1.000000
462.275210 587.850184 -909.116443 747.537032 -1156.073820 1787.880226 -21.500586 -27.341123 42.283333 1.000000
528.114237 634.563218 -1071.875514 762.468515 -1287.927362 2175.508701 -22.980736 -27.612832 46.642349 1.000000
577.875393 645.977342 -1228.954495 722.105028 -1373.785367 2613.589660 -24.039039 -26.872012 51.123279 1.000000
601.281899 614.622721 -1356.797629 628.259540 -1386.901304 3061.625183 -24.521050 -25.065106 55.331954 1.000000
591.440980 542.792773 -1431.500804 498.146060 -1313.754571 3464.749017 -24.319560 -22.319186 58.862119 1.000000
547.904072 443.157494 -1437.182923 358.436038 -1162.426811 3769.810923 -23.407351 -18.932407 61.398786 1.000000
477.466810 334.303344 -1372.200919 234.065957 -960.760719 3943.594240 -21.851014 -15.299214 62.798043 1.000000
391.959321 233.674713 -1249.327763 139.310048 -744.812768 3982.096545 -19.797963 -11.802968 63.103855 1.000000
304.217174 152.221621 -1090.117472 76.167370 -545.463778 3906.275532 -17.441823 -8.727392 62.500204 1.000000
224.429969 93.183180 -917.322824 38.689597 -380.871850 3749.415317 -14.980987 -6.220096 61.232469 1.000000
158.386456 54.197583 -749.296297 18.545639 -256.398490 3544.778736 -12.585168 -4.306465 59.538044 1.000000
107.691521 30.406007 -597.815442 8.584940 -168.789336 3318.583477 -10.377453 -2.930007 57.607148 1.000000
71.086205 16.819270 -468.549257 3.979504 -110.860559 3088.340496 -8.431264 -1.994869 55.572840 1.000000
45.930266 9.470300 -362.705590 1.952669 -74.785783 2864.240843 -6.777187 -1.397379 53.518603 1.000000
29.312343 5.652923 -278.782366 1.090174 -53.763540 2651.429397 -5.414087 -1.044114 51.492032 1.000000
18.666634 3.713140 -213.941046 0.738612 -42.556846 2452.009943 -4.320490 -0.859426 49.517774 1.000000
12.000112 2.724505 -164.916755 0.618572 -37.442696 2266.440171 -3.464118 -0.786493 47.607144 1.000000
7.889871 2.205447 -128.547020 0.616486 -35.932615 2094.373509 -2.808891 -0.785166 45.764326 1.000000
5.380160 1.922132 -102.035484 0.686706 -36.453492 1935.117099 -2.319517 -0.828677 43.989966 1.000000
3.857822 1.768355 -83.049661 0.810582 -38.068453 1787.860235 -1.964134 -0.900323 42.283096 1.000000
2.943132 1.699460 -69.723768 0.981324 -40.260779 1651.779243 -1.715556 -0.990618 40.642087 1.000000
2.407451 1.699097 -60.613256 1.199165 -42.778771 1526.081423 -1.551596 -1.095064 39.065092 1.000000
2.116577 1.764035 -54.629827 1.470214 -45.530575 1410.021270 -1.454846 -1.212524 37.550250 1.000000
1.994234 1.898108 -50.973499 1.806615 -48.516478 1302.905178 -1.412173 -1.344104 36.095778 1.000000
1.999768 2.110505 -49.070401 2.227374 -51.787667 1204.091905 -1.414131 -1.492439 34.700027 1.000000
2.115197 2.416117 -48.520065 2.759848 -55.422814 1112.991843 -1.454372 -1.661279 33.361532 1.000000
2.338244 2.836994 -49.053114 3.442129 -59.516210 1029.066315 -1.529132 -1.855298 32.079063 1.000000
2.679188 3.404677 -50.498757 4.326619 -64.173159 951.827427 -1.636822 -2.080053 30.851701 1.000000
3.160288 4.163529 -52.760825 5.485252 -69.509874 880.838806 -1.777720 -2.342061 29.678929 1.000000
3.817192 5.175438 -55.800992 7.016979 -75.656282 815.717576 -1.953764 -2.648958 28.560770 1.000000
4.702170 6.526407 -59.627930 9.058369 -82.760965 756.138065 -2.168449 -3.009712 27.497965 1.000000
5.889396 8.335844 -64.291534 11.798544 -90.998162 701.837917 -2.426808 -3.434901 26.492224 1.000000
7.482768 10.769573 -69.881762 15.500108 -100.577325 652.627604 -2.735465 -3.937018 25.546577 1.000000
9.627113 14.058020 -76.532230 20.528264 -111.756410 608.404823 -3.102759 -4.530813 24.665864 1.000000
12.523959 18.521416 -84.429476 27.390928 -124.860957 569.175981 -3.538921 -5.233634 23.857409 1.000000
16.453433 24.604323 -93.829837 36.793093 -140.312331 535.088214 -4.056283 -6.065731 23.131974 1.000000
21.804287 32.922048 -105.087472 49.708631 -158.670395 506.477328 -4.669506 -7.050435 22.505051 1.000000
29.114179 44.321173 -118.699314 67.471125 -180.698650 483.940389 -5.395756 -8.214081 21.998645 1.000000
39.122099 59.954575 -135.375909 91.880321 -207.463433 468.447168 -6.254766 -9.585422 21.643640 1.000000
52.833064 81.366105 -156.151157 125.308709 -240.482200 461.513721 -7.268636 -11.194137 21.482870 1.000000
71.590670 110.568289 -182.547826 170.767315 -281.936189 465.475580 -8.461127 -13.067797 21.574883 1.000000
97.142804 150.072548 -216.815898 231.841875 -334.951361 483.917818 -9.856105 -15.226355 21.998132 1.000000
131.665488 202.788618 -262.248133 312.331075 -403.909461 522.339485 -11.474558 -17.672891 22.854748 1.000000
177.674455 271.643679 -323.531849 415.311746 -494.642753 589.127217 -13.329458 -20.379199 24.271943 1.000000
237.701832 358.694991 -406.983260 541.275159 -614.142751 696.819930 -15.417582 -23.265321 26.397347 1.000000
313.561279 463.485796 -520.291128 685.094421 -769.060351 863.317238 -17.707662 -26.174308 29.382261 1.000000
405.026175 580.585646 -671.082859 832.241748 -961.965174 1111.908887 -20.125262 -28.848600 33.345298 1.000000
507.930337 696.924421 -863.435557 956.240677 -1184.708379 1467.762224 -22.537310 -30.923141 38.311385 1.000000
612.236256 790.786289 -1092.003037 1021.407911 -1410.470257 1947.729527 -24.743408 -31.959473 44.133089 1.000000
701.478493 835.442372 -1335.542867 994.989816 -1590.596307 2542.736188 -26.485439 -31.543459 50.425551 1.000000
755.517188 809.220031 -1554.960500 866.740120 -1665.488494 3200.327136 -27.486673 -29.440450 56.571434 1.000000
757.371705 708.503950 -1701.989554 662.789280 -1592.172396 3824.764544 -27.520387 -25.744694 61.844681 1.000000
701.521978 554.065200 -1738.368441 437.603176 -1372.971180 4307.669513 -26.486260 -20.918967 65.632839 1.000000
598.101550 383.073663 -1654.316179 245.352034 -1059.560803 4575.748077 -24.456115 -15.663717 67.644276 1.000000
469.156988 231.257013 -1472.258279 113.991280 -725.706021 4620.083454 -21.660032 -10.676670 67.971196 1.000000
339.244736 118.740831 -1233.721875 41.561102 -431.821471 4486.641949 -18.418598 -6.446790 66.982400 1.000000
226.731233 47.915104 -980.836523 10.125897 -207.280148 4243.086727 -15.057597 -3.182121 65.138980 1.000000
140.252355 10.191909 -744.275441 0.740629 -54.085278 3949.637292 -11.842819 -0.860598 62.846140 1.000000
80.122071 -5.994061 -540.545832 0.448425 40.439102 3646.807820 -8.951093 0.669646 60.388805 1.000000
41.889355 -10.369609 -374.960753 2.566972 92.820633 3356.355490 -6.472199 1.602177 57.934062 1.000000
19.602473 -9.381763 -246.003861 4.490121 117.737686 3087.258412 -4.427468 2.118990 55.563103 1.000000
7.799278 -6.613016 -148.867499 5.607183 126.224905 2841.484950 -2.792719 2.367949 53.305581 1.000000
4.223833 -5.705460 -106.152590 7.706811 143.388587 2667.807487 -2.055196 2.776114 51.650823 1.000000
2.482538 -4.983894 -79.156065 10.005568 158.912163 2523.902325 -1.575607 3.163158 50.238455 1.000000
1.234940 -3.800384 -54.311375 11.695243 167.136981 2388.558323 -1.111278 3.419831 48.872879 1.000000
0.451926 -2.396611 -31.969843 12.709494 169.539597 2261.590869 -0.672254 3.565038 47.556186 1.000000
0.070658 -0.961633 -12.304178 13.087457 167.455215 2142.604926 -0.265816 3.617659 46.288281 1.000000
0.010652 0.371099 4.651246 12.929103 162.049418 2031.077748 0.103206 3.595706 45.067480 1.000000
0.186704 1.519139 18.965020 12.360643 154.310999 1926.427646 0.432093 3.515771 43.891088 1.000000
0.518224 2.442332 30.779014 11.510436 145.058037 1828.065742 0.719878 3.392703 42.755885 1.000000
0.935110 3.132602 40.284222 10.494165 134.951473 1735.431138 0.967011 3.239470 41.658506 1.000000
1.380717 3.603995 47.701551 9.407274 124.512244 1648.011842 1.175039 3.067128 40.595712 1.000000
1.812594 3.884008 53.266798 8.322613 114.139563 1565.354539 1.346326 2.884894 39.564562 1.000000
2.201668 4.006656 57.219114 7.291423 104.128911 1487.066344 1.483802 2.700264 38.562499 1.000000
2.530503 4.007383 59.792330 6.346217 94.689002 1412.811330 1.590755 2.519170 37.587383 1.000000
2.791096 3.919628 61.208658 5.504462 85.957327 1342.304066 1.670657 2.346159 36.637468 1.000000
2.982606 3.772807 61.674326 4.772362 78.014116 1275.301871 1.727022 2.184574 35.711369 1.000000
3.109214 3.591367 61.376823 4.148288 70.894659 1211.596938 1.763296 2.036735 34.808001 1.000000
3.178295 3.394613 60.483442 3.625654 64.600002 1151.009065 1.782777 1.904115 33.926524 1.000000
3.198927 3.197045 59.140860 3.195164 59.106062 1093.379381 1.788555 1.787502 33.066288 1.000000
3.180769 3.008974 57.475523 2.846458 54.371244 1038.565213 1.783471 1.687145 32.226778 1.000000
3.133261 2.837267 55.594622 2.569234 50.342677 986.436080 1.770102 1.602883 31.407580 1.000000
3.065118 2.686104 53.587494 2.353957 46.961187 936.870696 1.750748 1.534261 30.608344 1.000000
2.984035 2.557682 51.527269 2.192246 44.165164 889.754825 1.727436 1.480624 29.828758 1.000000
2.896572 2.452817 49.472671 2.077046 41.893456 844.979820 1.701932 1.441196 29.068537 1.000000
2.808161 2.371444 47.469837 2.002644 40.087462 802.441673 1.675757 1.415148 28.327401 1.000000
2.723184 2.313006 45.554103 1.964611 38.692547 762.040440 1.650207 1.401646 27.605080 1.000000
2.645107 2.276755 43.751697 1.959699 37.658924 723.679930 1.626379 1.399892 26.901300 1.000000
2.576632 2.261961 42.081295 1.985719 36.942122 687.267551 1.605189 1.409155 26.215788 1.000000
2.519851 2.268067 40.555427 2.041442 36.503129 652.714268 1.587404 1.428790 25.548273 1.000000
2.476403 2.294795 39.181727 2.126506 36.308325 619.934610 1.573659 1.458254 24.898486 1.000000
2.447609 2.342212 37.964015 2.241353 36.329239 588.846697 1.564484 1.497115 24.266164 1.000000
2.434601 2.410784 36.903227 2.387201 36.542224 559.372281 1.560321 1.545057 23.651052 1.000000
2.438430 2.501416 35.998210 2.566030 36.928071 531.436774 1.561547 1.601883 23.052912 1.000000
2.460163 2.615482 35.246373 2.780607 37.471603 504.969268 1.568491 1.667515 22.471521 1.000000
2.500973 2.754868 34.644236 3.034539 38.161276 479.902551 1.581446 1.741993 21.906678 1.000000
2.562209 2.922015 34.187879 3.332346 38.988804 456.173108 1.600690 1.825472 21.358209 1.000000
2.645479 3.119973 33.873296 3.679572 39.948819 433.721126 1.626493 1.918221 20.825972 1.000000
2.752712 3.352476 33.696697 4.082917 41.038575 412.490496 1.659130 2.020623 20.309862 1.000000
2.886234 3.624025 33.654741 4.550413 42.257702 392.428831 1.698892 2.133170 19.809817 1.000000
3.048849 3.940000 33.744733 5.091626 43.608012 373.487485 1.746095 2.256463 19.325824 1.000000
3.243917 4.306787 33.964793 5.717907 45.093361 355.621602 1.801088 2.391215 18.857932 1.000000
3.475456 4.731940 34.313995 6.442683 46.719565 338.790185 1.864257 2.538244 18.406254 1.000000
3.748245 5.224366 34.792511 7.281808 48.494381 322.956203 1.936038 2.698483 17.970982 1.000000
4.067958 5.794548 35.401749 8.253966 50.427546 308.086731 2.016918 2.872972 17.552400 1.000000
4.441308 6.454809 36.144498 9.381147 52.530885 294.153148 2.107441 3.062866 17.150893 1.000000
4.876221 7.219617 37.025112 10.689193 54.818498 281.131396 2.208217 3.269433 16.766973 1.000000
5.382038 8.105938 38.049711 12.208429 57.307029 269.002311 2.319922 3.494056 16.401290 1.000000
5.969745 9.133645 39.226444 13.974377 60.016035 257.752052 2.443306 3.738232 16.054658 1.000000
6.652250 10.325987 40.565805 16.028563 62.968467 247.372642 2.579196 4.003569 15.728084 1.000000
7.444692 11.710114 42.081042 18.419403 66.191299 237.862652 2.728496 4.291783 15.422796 1.000000
8.364798 13.317668 43.788657 21.203176 69.716303 229.228063 2.892196 4.604691 15.140280 1.000000
9.433289 15.185424 45.709041 24.445037 73.581036 221.483354 3.071366 4.944192 14.882317 1.000000
10.674330 17.355983 47.867268 28.220051 77.830036 214.652855 3.267159 5.312255 14.651036 1.000000
12.116029 19.878484 50.294069 32.614162 82.516295 208.772467 3.480809 5.710881 14.448961 1.000000
13.790977 22.809313 53.027042 37.725009 87.703022 203.891803 3.713621 6.142069 14.279069 1.000000
15.736805 26.212726 56.112129 43.662424 93.465728 200.076896 3.966964 6.607755 14.144854 1.000000
17.996746 30.161343 59.605387 50.548393 99.894640 197.413578 4.242257 7.109739 14.050394 1.000000
20.620166 34.736340 63.575106 58.516179 107.097417 196.011714 4.540943 7.649587 14.000418 1.000000
23.662980 40.027208 68.104271 67.708184 115.202053 196.010468 4.864461 8.228498 14.000374 1.000000
27.187902 46.130813 73.293354 78.272018 124.359800 197.584785 5.214202 8.847147 14.056486 1.000000
31.264385 53.149461 79.263364 90.354093 134.747733 200.953284 5.591456 9.505477 14.175799 1.000000
35.968098 61.187557 86.158992 104.089941 146.570395 206.387672 5.997341 10.202448 14.366199 1.000000
41.379721 70.346396 94.151553 119.590353 160.059621 214.223652 6.432707 10.935737 14.636381 1.000000
47.582801 80.716504 103.441233 136.922456 175.471272 224.873028 6.898029 11.701387 14.995767 1.000000
54.660330 92.366986 114.257898 156.085046 193.077094 238.836232 7.393262 12.493400 15.454327 1.000000
62.689692 105.331364 126.859392 176.978000 213.149443 256.713744 7.917682 13.303308 16.022289 1.000000
71.735606 119.589634 141.525868 199.366554 235.936206 279.213801 8.469687 14.119722 16.709692 1.000000
81.840756 135.046757 158.548342 222.842842 261.623187 307.152302 9.046588 14.927922 17.525761 1.000000
93.013952 151.508577 178.209427 246.789307 290.281790 341.439095 9.644374 15.709529 18.478071 1.000000
105.215995 168.657351 200.754222 270.351499 321.801597 383.043069 10.257485 16.442369 19.571486 1.000000
118.343912 186.030632 226.349996 292.430726 355.810723 432.927389 10.878599 17.100606 20.806907 1.000000
132.214948 203.008932 255.034737 311.709283 391.592105 491.946775 11.498476 17.655290 22.179873 1.000000
146.552583 218.819086 286.657254 326.720904 428.010732 560.702373 12.105890 18.075423 23.679155 1.000000
160.977749 232.560719 320.815179 335.974931 463.474047 639.357797 12.687701 18.329619 25.285525 1.000000
175.009098 243.261863 356.801618 338.132902 495.952654 727.433011 13.229100 18.388390 26.970966 1.000000
188.076230 249.965684 393.575083 332.220842 523.087181 823.609374 13.714089 18.226926 28.698595 1.000000
199.548833 251.843273 429.769026 317.842169 542.395745 925.595070 14.126175 17.828129 30.423594 1.000000
208.782386 248.318412 463.754640 295.341168 551.573426 1030.107811 14.449304 17.185493 32.095293 1.000000
215.177591 239.181709 493.762219 265.863604 548.843821 1133.022858 14.668933 16.305324 33.660405 1.000000
218.246600 224.667017 518.052823 231.276310 533.292992 1229.704049 14.773172 15.207771 35.067136 1.000000
217.675609 205.466197 535.116392 193.941611 505.101748 1315.487551 14.753834 13.926292 36.269651 1.000000
213.371925 182.670073 543.860283 156.385876 465.604824 1386.236768 14.607256 12.505434 37.232201 1.000000
205.485202 157.641468 543.749077 120.937333 417.146354 1438.853291 14.334755 10.997151 37.932220 1.000000
194.397238 131.844554 534.865282 89.419925 362.757596 1471.630323 13.942641 9.456211 38.361834 1.000000
180.681374 106.666309 517.879197 62.971082 305.733023 1484.374709 13.441777 7.935432 38.527584 1.000000
165.039051 83.266365 493.938359 42.009982 249.204363 1478.287113 12.846753 6.481511 38.448499 1.000000
148.225456 62.481076 464.504743 26.337479 195.801429 1455.651833 12.174788 5.132005 38.153006 1.000000
130.977199 44.791108 431.175643 15.317501 147.451883 1419.425946 11.444527 3.913758 37.675270 1.000000
113.952732 30.345649 395.521042 8.081056 105.327381 1372.822676 10.674865 2.842720 37.051622 1.000000
97.691924 19.025672 358.959514 3.705283 69.907989 1318.961975 9.883922 1.924911 36.317516 1.000000
82.596432 10.525255 322.681362 1.341232 41.119252 1260.626616 9.088258 1.158116 35.505304 1.000000
68.928595 4.432719 287.616437 0.285063 18.496283 1200.129130 8.302325 0.533913 34.642880 1.000000
56.824192 0.299322 254.437085 0.001577 1.340250 1139.272332 7.538182 0.039707 33.753108 1.000000
46.313694 -2.310199 223.584188 0.115236 -11.152726 1079.375973 6.805417 -0.339465 32.853858 1.000000
37.347047 -3.785742 195.305134 0.383748 -19.797410 1021.341664 6.111223 -0.619474 31.958437 1.000000
29.818196 -4.455894 169.695105 0.665868 -25.358454 965.733420 5.460604 -0.816007 31.076252 1.000000
23.586882 -4.583849 146.736092 0.890820 -28.516536 912.858307 4.856633 -0.943833 30.213545 1.000000
18.496437 -4.371056 126.330649 1.032963 -29.854311 862.838227 4.300748 -1.016348 29.374108 1.000000
14.387260 -3.965109 108.329321 1.092779 -29.855415 815.668972 3.793054 -1.045361 28.559919 1.000000
11.106220 -3.469338 92.551872 1.083745 -28.911166 771.265929 3.332600 -1.041031 27.771675 1.000000
8.512597 -2.952411 78.803045 1.023980 -27.331137 729.497669 2.917636 -1.011919 27.009215 1.000000
6.481291 -2.456999 66.883843 0.931426 -25.355066 690.209495 2.545838 -0.965104 26.271838 1.000000
4.903990 -2.007076 56.599279 0.821444 -23.164614 653.239105 2.214496 -0.906335 25.558543 1.000000
3.688957 -1.613737 47.763465 0.705930 -20.894158 618.426438 1.920666 -0.840196 24.868181 1.000000
2.759916 -1.279654 40.202740 0.593320 -18.640269 585.619359 1.661300 -0.770273 24.199574 1.000000
2.054459 -1.002343 33.757375 0.489030 -16.469774 554.676523 1.433339 -0.699307 23.551572 1.000000
1.522237 -0.776476 28.282278 0.396072 -14.426473 525.468407 1.233790 -0.629342 22.923098 1.000000
1.123130 -0.595436 23.647003 0.315675 -12.536647 497.877226 1.059778 -0.561850 22.313163 1.000000
0.825530 -0.452330 19.735300 0.247844 -10.813495 471.796211 0.908587 -0.497839 21.720870 1.000000
0.604785 -0.340586 16.444352 0.191802 -9.260674 447.128596 0.777679 -0.437952 21.145415 1.000000
0.441844 -0.254282 13.683839 0.146340 -7.875090 423.786495 0.664713 -0.382544 20.586075 1.000000
0.322110 -0.188285 11.374896 0.110060 -6.649059 401.689812 0.567547 -0.331753 20.042201 1.000000
0.234487 -0.138274 9.449047 0.081538 -5.571972 380.765237 0.484239 -0.285549 19.513207 1.000000
0.170601 -0.100692 7.847134 0.059431 -4.631542 360.945360 0.413038 -0.243784 18.998562 1.000000
0.124173 -0.072670 6.518295 0.042529 -3.814725 342.167910 0.352383 -0.206226 18.497781 1.000000
0.090529 -0.051929 5.418991 0.029787 -3.108389 324.375115 0.300881 -0.172588 18.010417 1.000000
0.066206 -0.036679 4.512108 0.020321 -2.499771 307.513164 0.257305 -0.142550 17.536053 1.000000
0.048653 -0.025537 3.766132 0.013404 -1.976785 291.531766 0.220573 -0.115775 17.074301 1.000000
0.036002 -0.017442 3.154405 0.008450 -1.528211 276.383781 0.189741 -0.091924 16.624794 1.000000
0.026891 -0.011587 2.654453 0.004993 -1.143791 262.024914 0.163985 -0.070660 16.187184 1.000000
0.020332 -0.007367 2.247399 0.002669 -0.814266 248.413463 0.142591 -0.051663 15.761138 1.000000
0.015611 -0.004326 1.917433 0.001199 -0.531362 235.510102 0.124944 -0.034625 15.346338 1.000000
0.012213 -0.002128 1.651361 0.000371 -0.287754 223.277702 0.110515 -0.019257 14.942480 1.000000
0.009771 -0.000523 1.438206 0.000028 -0.076998 211.681170 0.098851 -0.005292 14.549267 1.000000
0.008022 0.000674 1.268861 0.000057 0.106542 200.687313 0.089568 0.007521 14.166415 1.000000
0.006780 0.001598 1.135798 0.000377 0.267768 190.264719 0.082342 0.019412 13.793648 1.000000
0.005914 0.002353 1.032812 0.000936 0.410934 180.383646 0.076899 0.030597 13.430698 1.000000
0.005331 0.003013 0.954810 0.001703 0.539720 171.015924 0.073013 0.041272 13.077306 1.000000
0.004970 0.003639 0.897625 0.002665 0.657308 162.134867 0.070495 0.051622 12.733219 1.000000
0.004788 0.004277 0.857863 0.003822 0.766450 153.715189 0.069193 0.061820 12.398193 1.000000
0.004759 0.004969 0.832775 0.005188 0.869531 145.732927 0.068984 0.072029 12.071989 1.000000
0.004868 0.005750 0.820148 0.006791 0.968626 138.165375 0.069774 0.082406 11.754377 1.000000
0.005111 0.006656 0.818214 0.008668 1.065551 130.991008 0.071490 0.093101 11.445130 1.000000
0.005488 0.007724 0.825576 0.010871 1.161909 124.189430 0.074082 0.104263 11.144031 1.000000
0.006009 0.008995 0.841145 0.013465 1.259130 117.741307 0.077519 0.116040 10.850867 1.000000
0.006689 0.010516 0.864087 0.016533 1.358503 111.628317 0.081784 0.128580 10.565430 1.000000
0.007548 0.012340 0.893787 0.020175 1.461212 105.833097 0.086881 0.142037 10.287521 1.000000
0.008616 0.014533 0.929807 0.024514 1.568363 100.339194 0.092823 0.156571 10.016945 1.000000
0.009929 0.017173 0.971864 0.029704 1.681002 95.131016 0.099642 0.172348 9.753513 1.000000
0.011531 0.020354 1.019805 0.035928 1.800145 90.193795 0.107381 0.189548 9.497041 1.000000
0.013479 0.024190 1.073590 0.043414 1.926789 85.513539 0.116097 0.208361 9.247353 1.000000
0.015841 0.028821 1.133278 0.052439 2.061936 81.077002 0.125860 0.228995 9.004277 1.000000
0.018702 0.034418 1.199015 0.063341 2.206605 76.871640 0.136755 0.251676 8.767647 1.000000
0.022165 0.041188 1.271031 0.076535 2.361847 72.885583 0.148880 0.276650 8.537305 1.000000
0.026357 0.049385 1.349626 0.092531 2.528760 69.107604 0.162349 0.304190 8.313098 1.000000
0.031433 0.059322 1.435174 0.111953 2.708501 65.527089 0.177294 0.334594 8.094880 1.000000
0.037582 0.071379 1.528118 0.135568 2.902304 62.134009 0.193862 0.368195 7.882513 1.000000
0.045037 0.086025 1.628971 0.164316 3.111485 58.918904 0.212220 0.405360 7.675865 1.000000
0.054082 0.103835 1.738314 0.199358 3.337466 55.872855 0.232556 0.446495 7.474815 1.000000
0.065067 0.125514 1.856805 0.242117 3.581782 52.987468 0.255082 0.492054 7.279249 1.000000
0.078419 0.151930 1.985179 0.294350 3.846105 50.254861 0.280034 0.542540 7.089066 1.000000
0.094665 0.184149 2.124253 0.358221 4.132257 47.667652 0.307677 0.598515 6.904176 1.000000
0.114451 0.223486 2.274939 0.436397 4.442231 45.218952 0.338306 0.660604 6.724504 1.000000
0.138572 0.271558 2.438249 0.532171 4.778221 42.902358 0.372252 0.729501 6.549989 1.000000
0.168006 0.330361 2.615312 0.649608 5.142647 40.711961 0.409885 0.805983 6.380592 1.000000
0.203958 0.402352 2.807384 0.793729 5.538191 38.642345 0.451617 0.890915 6.216297 1.000000
0.247911 0.490568 3.015877 0.970740 5.967839 36.688609 0.497907 0.985261 6.057112 1.000000
0.301696 0.598756 3.242376 1.188314 6.434939 34.846386 0.549268 1.090098 5.903083 1.000000
0.367568 0.731545 3.488678 1.455941 6.943265 33.111873 0.606274 1.206624 5.754292 1.000000
0.448315 0.894654 3.756831 1.785365 7.497108 31.481877 0.669563 1.336175 5.610871 1.000000
0.547374 1.095153 4.049194 2.191118 8.101387 29.953875 0.739847 1.480243 5.473013 1.000000
0.668995 1.341787 4.368503 2.691189 8.761797 28.526090 0.817921 1.640484 5.340982 1.000000
0.818430 1.645369 4.717979 3.307843 9.485008 27.197594 0.904671 1.818748 5.215131 1.000000
1.002168 2.019273 5.101446 4.068640 10.278922 25.968443 1.001084 2.017087 5.095924 1.000000
1.228236 2.480044 5.523514 5.007681 11.153028 24.839847 1.108258 2.237785 4.983959 1.000000
1.506557 3.048140 5.989805 6.167145 12.118864 23.814400 1.227419 2.483374 4.880000 1.000000
1.849402 3.748855 6.507275 7.599166 13.190657 22.896385 1.359927 2.756659 4.785017 1.000000
2.271942 4.613440 7.084641 9.368122 14.386180 22.092172 1.507296 3.060739 4.700231 1.000000
2.792925 5.680475 7.732959 11.553403 15.727910 21.410760 1.671205 3.399030 4.627176 1.000000
3.435511 6.997532 8.466419 14.252743 17.244609 20.864512 1.853513 3.775281 4.567769 1.000000
4.228279 8.623181 9.303419 17.586173 18.973454 20.470171 2.056278 4.193587 4.524397 1.000000
5.206462 10.629378 10.268020 21.700662 20.962922 20.250264 2.281767 4.658397 4.500029 1.000000
6.413420 13.104283 11.391930 26.775455 23.276673 20.235082 2.532473 5.174500 4.498342 1.000000
7.902403 16.155522 12.717176 33.028042 25.998753 20.465492 2.811121 5.747003 4.523880 1.000000
9.738631 19.913880 14.299700 40.720574 29.240510 20.996939 3.120678 6.381267 4.582242 1.000000
12.001689 24.537328 16.214173 50.166312 33.149709 21.905202 3.464345 7.082818 4.680299 1.000000
14.788247 30.215192 18.560373 61.735366 37.922361 23.294678 3.845549 7.857186 4.826456 1.000000
18.215020 37.172076 21.471550 75.858456 43.817801 25.310292 4.267906 8.709676 5.030934 1.000000
22.421831 45.670874 25.125231 93.026691 51.177411 28.154579 4.735170 9.645035 5.306089 1.000000
27.574501 56.013792 29.756879 113.784286 60.446991 32.111980 5.251143 10.666972 5.666743 1.000000
33.867089 68.539749 35.676692 138.709801 72.201999 37.582987 5.819544 11.777513 6.130496 1.000000
41.522732 83.615723 43.289400 168.379798 87.173322 45.131234 6.443813 12.976124 6.717978 1.000000
50.791942 101.618713 53.116155 203.307108 106.268732 55.546722 7.126847 14.258580 7.452967 1.000000
61.946729 122.903956 65.816216 243.844714 130.581121 69.927410 7.870624 15.615528 8.362261 1.000000
75.268346 147.754296 82.203869 290.046656 161.368962 89.778459 8.675733 17.030756 9.475150 1.000000
91.025889 176.305526 103.252722 341.481297 199.987340 117.121894 9.540749 18.479213 10.822287 1.000000
109.442714 208.444300 130.075215 397.002457 247.740908 154.597424 10.461487 19.924921 12.433721 1.000000
130.647901 243.679939 163.860485 454.503382 305.626901 205.516189 11.430131 21.319085 14.335836 1.000000
154.611594 281.000952 205.750407 510.709014 373.943884 273.803721 12.434291 22.598872 16.547015 1.000000
181.066510 318.742102 256.635126 561.100600 451.770013 363.742516 13.456096 23.687562 19.072035 1.000000
209.423960 354.507277 316.860662 600.100434 536.373252 479.413526 14.471488 24.496947 21.895514 1.000000
238.701229 385.211465 385.867605 621.646873 622.705740 623.766411 15.449959 24.932847 24.975316 1.000000
267.486305 407.309897 461.823129 620.223726 703.232756 797.351486 16.355009 24.904291 28.237413 1.000000
293.971843 417.257479 541.360021 592.246530 768.395081 996.934502 17.145607 24.336116 31.574270 1.000000
316.086652 412.174500 619.572322 537.472296 807.917420 1214.445027 17.778826 23.183449 34.848888 1.000000
331.734256 390.592392 690.401169 459.893466 812.895983 1436.854246 18.213573 21.445127 37.905860 1.000000
339.113807 353.055630 747.447867 367.570637 778.177333 1647.465548 18.415043 19.172132 40.588983 1.000000
337.058343 302.328236 785.084648 271.176680 704.190422 1828.638624 18.359149 16.467443 42.762584 1.000000
325.298450 243.047525 799.566860 181.593547 597.398316 1965.294220 18.036032 13.475665 44.331639 1.000000
304.565311 180.869469 789.786229 107.411329 469.023263 2048.041144 17.451800 10.363944 45.255289 1.000000
276.491536 121.363019 757.407806 53.271006 332.456100 2074.807038 16.628035 7.298699 45.550050 1.000000
243.334261 69.011761 706.366036 19.572349 200.331690 2050.483864 15.599175 4.424065 45.282269 1.000000
207.601479 26.612027 641.932568 3.411344 82.288080 1984.944542 14.408382 1.846982 44.552716 1.000000
171.683652 -4.831939 569.685566 0.135992 -16.033476 1890.346812 13.102811 -0.368771 43.478119 1.000000
137.573541 -25.807627 494.669521 4.841291 -92.795796 1778.670035 11.729175 -2.200293 42.174282 1.000000
106.714055 -37.784740 420.893982 13.378618 -149.027883 1660.060089 10.330250 -3.657679 40.743835 1.000000
79.970009 -42.689978 351.171609 22.788971 -187.464129 1542.096840 8.942595 -4.773779 39.269541 1.000000
57.691234 -42.490936 287.203793 31.295563 -211.532276 1429.784277 7.595475 -5.594244 37.812488 1.000000
39.825430 -38.933602 229.797290 38.061746 -224.651343 1325.956684 6.310739 -6.169420 36.413688 1.000000
11.998554 -19.598806 120.328543 32.013291 -196.548334 1206.725268 3.463893 -5.658029 34.737951 1.000000
1.654278 -6.825002 42.767857 28.157685 -176.445938 1105.672191 1.286188 -5.306382 33.251649 1.000000
0.092766 1.581092 -9.723515 26.947881 -165.726095 1019.194743 -0.304575 -5.191135 31.924830 1.000000
2.268025 7.959828 -46.265708 27.935703 -162.373486 943.779679 -1.505996 -5.285424 30.720997 1.000000
6.058351 13.702960 -72.912908 30.993765 -164.916597 877.514682 -2.461372 -5.567204 29.622874 1.000000
10.722909 19.720157 -93.734446 36.266709 -172.384016 819.380895 -3.274585 -6.022185 28.624830 1.000000
16.174096 26.720937 -111.518648 44.145187 -184.237982 768.909054 -4.021703 -6.644184 27.729209 1.000000
22.654487 35.385456 -128.249228 55.270750 -200.320465 726.031203 -4.759673 -7.434430 26.944966 1.000000
30.610287 46.476315 -145.440817 70.566075 -220.826192 691.043213 -5.532656 -8.400362 26.287701 1.000000
40.659469 60.921337 -164.389631 91.280319 -246.310056 664.641012 -6.376478 -9.554073 25.780632 1.000000
53.605023 79.879795 -186.379153 119.033280 -277.733833 648.021146 -7.321545 -10.910237 25.456259 1.000000
70.466746 104.789111 -212.870724 155.828932 -316.554051 643.054313 -8.394447 -12.483146 25.358516 1.000000
92.511100 137.371198 -245.699906 203.984668 -364.843683 652.553520 -9.618269 -14.282320 25.545127 1.000000
121.253058 179.553109 -287.285165 265.884584 -425.415617 680.665439 -11.011497 -16.305968 26.089566 1.000000
158.388225 233.224016 -340.826097 343.418469 -501.860737 733.403186 -12.585238 -18.531553 27.081418 1.000000
205.589740 299.716794 -410.409481 436.938909 -598.311053 819.281847 -14.338401 -20.903084 28.623100 1.000000
264.081334 378.896097 -500.838991 543.628928 -718.588990 949.857726 -16.250579 -23.315851 30.819762 1.000000
333.900480 467.821431 -616.867123 655.455456 -864.280460 1139.636122 -18.272944 -25.601864 33.758497 1.000000
412.846206 559.235134 -761.420079 757.531328 -1031.407951 1404.301475 -20.318617 -27.523287 37.474011 1.000000
495.332646 640.658604 -932.594085 828.621837 -1206.208453 1755.853837 -22.256070 -28.785792 41.902910 1.000000
571.753071 695.453991 -1119.993190 845.918069 -1362.307915 2193.927430 -23.911359 -29.084671 46.839379 1.000000
629.297987 707.092621 -1302.411088 794.504328 -1463.416836 2695.503047 -25.085812 -28.186953 51.918234 1.000000
654.957948 666.134600 -1449.934342 677.501977 -1474.677016 3209.839048 -25.592146 -26.028868 56.655441 1.000000
640.218832 576.411666 -1532.208857 518.963816 -1379.501845 3666.971144 -25.302546 -22.780777 60.555521 1.000000
585.208302 455.511205 -1530.101925 354.558296 -1190.992284 4000.647109 -24.191079 -18.829718 63.250669 1.000000
499.498567 327.906456 -1443.815070 215.261166 -947.823107 4173.389268 -22.349465 -14.671781 64.601774 1.000000
398.654740 214.968214 -1291.969907 115.918183 -696.674179 4187.047273 -19.966340 -10.766531 64.707397 1.000000
298.577266 128.352623 -1102.885369 55.176324 -474.109205 4073.840430 -17.279388 -7.428077 63.826644 1.000000
210.892147 69.603300 -904.305849 22.972023 -298.459056 3877.664872 -14.522126 -4.792914 62.270899 1.000000
141.246806 33.897969 -716.878598 8.135209 -172.044445 3638.418024 -11.884730 -2.852229 60.319301 1.000000
90.183223 14.345026 -552.501013 2.281797 -87.883766 3384.857631 -9.496485 -1.510562 58.179529 1.000000
55.154852 4.747478 -415.783776 0.408641 -35.788773 3134.377894 -7.426631 -0.639251 55.985515 1.000000
32.442249 0.635340 -306.511011 0.012442 -6.002626 2895.884285 -5.695810 -0.111545 53.813421 1.000000
18.411967 -0.772772 -221.845614 0.032434 9.311121 2673.015673 -4.290917 0.180095 51.701215 1.000000
10.105285 -1.013522 -157.878054 0.101652 15.834568 2466.578588 -3.178881 0.318830 49.664661 1.000000
5.370383 -0.845347 -110.558984 0.133065 17.402993 2276.055313 -2.317409 0.364781 47.708021 1.000000
2.763491 -0.596876 -76.187161 0.128917 16.455377 2100.416856 -1.662375 0.359050 45.830305 1.000000
1.374364 -0.384850 -51.616077 0.107766 14.453544 1938.510230 -1.172333 0.328277 44.028516 1.000000
0.657475 -0.234138 -34.298200 0.083381 12.214175 1789.218384 -0.810848 0.288757 42.299153 1.000000
0.299606 -0.136709 -22.244176 0.062380 10.149937 1651.512293 -0.547363 0.249760 40.638803 1.000000
0.127548 -0.077150 -13.944251 0.046665 8.434424 1524.458230 -0.357139 0.216022 39.044311 1.000000
0.048711 -0.041828 -8.279306 0.035918 7.109450 1407.209789 -0.220706 0.189521 37.512795 1.000000
0.025258 -0.030219 -5.776929 0.036154 6.911641 1321.296136 -0.158927 0.190143 36.349637 1.000000
0.015682 -0.024969 -4.432205 0.039754 7.056745 1252.653910 -0.125229 0.199383 35.392851 1.000000
0.008844 -0.019275 -3.240825 0.042009 7.063209 1187.580952 -0.094042 0.204961 34.461296 1.000000
0.004282 -0.013591 -2.195687 0.043136 6.968994 1125.891811 -0.065437 0.207693 33.554311 1.000000
0.001552 -0.008207 -1.287297 0.043388 6.805384 1067.410426 -0.039402 0.208299 32.671248 1.000000
0.000252 -0.003290 -0.504642 0.043014 6.597669 1011.969758 -0.015864 0.207399 31.811472 1.000000
0.000028 0.001089 0.164095 0.042239 6.365890 959.411395 0.005298 0.205521 30.974367 1.000000
0.000587 0.004923 0.730986 0.041253 6.125580 909.585167 0.024237 0.203107 30.159330 1.000000
0.001692 0.008248 1.207938 0.040209 5.888482 862.348740 0.041134 0.200522 29.365775 1.000000
0.003156 0.011127 1.606389 0.039228 5.663206 817.567232 0.056181 0.198062 28.593133 1.000000
0.004841 0.013635 1.937097 0.038402 5.455824 775.112831 0.069578 0.195965 27.840848 1.000000
0.006646 0.015850 2.210013 0.037799 5.270395 734.864425 0.081525 0.194419 27.108383 1.000000
0.008505 0.017852 2.434204 0.037471 5.109410 696.707249 0.092221 0.193573 26.395213 1.000000
0.010375 0.019714 2.617834 0.037458 4.974172 660.532552 0.101858 0.193541 25.700828 1.000000
0.012236 0.021505 2.768172 0.037796 4.865117 626.237275 0.110617 0.194412 25.024733 1.000000
0.014083 0.023290 2.891635 0.038516 4.782061 593.723749 0.118673 0.196256 24.366447 1.000000
0.015923 0.025127 2.993836 0.039652 4.724415 562.899410 0.126186 0.199128 23.725501 1.000000
0.017772 0.027072 3.079653 0.041240 4.691341 533.676528 0.133310 0.203076 23.101440 1.000000
0.019652 0.029178 3.153298 0.043323 4.681881 505.971951 0.140185 0.208141 22.493820 1.000000
0.021592 0.031499 3.218391 0.045952 4.695052 479.706868 0.146944 0.214364 21.902211 1.000000
0.023626 0.034091 3.278028 0.049190 4.729913 454.806578 0.153709 0.221789 21.326195 1.000000
0.025791 0.037011 3.334857 0.053113 4.785619 431.200275 0.160597 0.230462 20.765362 1.000000
0.028129 0.040325 3.391135 0.057810 4.861453 408.820850 0.167718 0.240436 20.219319 1.000000
0.030686 0.044105 3.448790 0.063390 4.956852 387.604695 0.175175 0.251774 19.687679 1.000000
0.033515 0.048431 3.509477 0.069986 5.071418 367.491523 0.183071 0.264549 19.170068 1.000000
0.036674 0.053399 3.574626 0.077754 5.204929 348.424200 0.191503 0.278844 18.666124 1.000000
0.040229 0.059120 3.645485 0.086881 5.357339 330.348580 0.200571 0.294756 18.175494 1.000000
0.044257 0.065720 3.723156 0.097593 5.528782 313.213355 0.210374 0.312399 17.697835 1.000000
0.048846 0.073353 3.808634 0.110158 5.719570 296.969910 0.221011 0.331900 17.232815 1.000000
0.054097 0.082198 3.902834 0.124896 5.930191 281.572189 0.232587 0.353406 16.780113 1.000000
0.060129 0.092465 4.006617 0.142191 6.161307 266.976565 0.245212 0.377082 16.339418 1.000000
0.067081 0.104408 4.120814 0.162503 6.413757 253.141723 0.259001 0.403117 15.910428 1.000000
0.075119 0.118324 4.246244 0.186381 6.688551 240.028544 0.274078 0.431718 15.492855 1.000000
0.084434 0.134572 4.383737 0.214484 6.986879 227.600002 0.290575 0.463124 15.086418 1.000000
0.095257 0.153577 4.534145 0.247602 7.310108 215.821064 0.308637 0.497596 14.690850 1.000000
0.107861 0.175846 4.698362 0.286685 7.659795 204.658600 0.328421 0.535429 14.305894 1.000000
0.122569 0.201990 4.877333 0.332873 8.037686 194.081296 0.350099 0.576951 13.931306 1.000000
0.139770 0.232736 5.072073 0.387540 8.445735 184.059579 0.373858 0.622527 13.566856 1.000000
0.159924 0.268961 5.283675 0.452340 8.886110 174.565545 0.399905 0.672562 13.212325 1.000000
0.183586 0.311714 5.513328 0.529267 9.361211 165.572894 0.428469 0.727507 12.867513 1.000000
0.211417 0.362260 5.762331 0.620729 9.873692 157.056880 0.459801 0.787864 12.532234 1.000000
0.244213 0.422121 6.032104 0.729635 10.426481 148.994256 0.494179 0.854187 12.206320 1.000000
0.282928 0.493131 6.324213 0.859504 11.022808 141.363241 0.531910 0.927094 11.889627 1.000000
0.328713 0.577503 6.640382 1.014594 11.666243 134.143491 0.573335 1.007271 11.582033 1.000000
0.382950 0.677912 6.982523 1.200066 12.360733 127.316074 0.618829 1.095475 11.283442 1.000000
0.447307 0.797590 7.352759 1.422177 13.110653 120.863472 0.668810 1.192551 10.993792 1.000000
0.523798 0.940448 7.753458 1.688519 13.920870 114.769582 0.723739 1.299430 10.713057 1.000000
0.614856 1.111226 8.187274 2.008313 14.796816 109.019742 0.784128 1.417150 10.441252 1.000000
0.723422 1.315665 8.657197 2.392761 15.744583 103.600773 0.850542 1.546855 10.178446 1.000000
0.853056 1.560732 9.166618 2.855482 16.771044 98.501038 0.923610 1.689817 9.924769 1.000000
1.008070 1.854880 9.719405 3.413037 17.884001 93.710543 1.004027 1.847441 9.680421 1.000000
1.193693 2.208375 10.320008 4.085571 19.092379 89.221051 1.092563 2.021280 9.445690 1.000000
1.416265 2.633683 10.973589 4.897593 20.406469 85.026253 1.190069 2.213051 9.220968 1.000000
1.683479 3.145954 11.686193 5.878917 21.838255 81.121982 1.297489 2.424648 9.006774 1.000000
2.004676 3.763593 12.464968 7.065797 23.401819 77.506494 1.415866 2.658157 8.803777 1.000000
2.391200 4.508958 13.318454 8.502300 25.113894 74.180832 1.546351 2.915870 8.612830 1.000000
2.856825 5.409197 14.256966 10.241937 26.994567 71.149302 1.690214 3.200303 8.435005 1.000000
3.418275 6.497257 15.293091 12.349607 29.068215 68.420084 1.848858 3.514201 8.271643 1.000000
4.095850 7.813071 16.442350 14.903884 31.364732 66.006044 2.023821 3.860555 8.124410 1.000000
4.914175 9.404976 17.724066 17.999678 33.921139 63.925791 2.216794 4.242603 7.995361 1.000000
5.903084 11.331357 19.162512 21.751281 36.783697 62.205090 2.429626 4.663827 7.887020 1.000000
7.098678 13.662550 20.788424 26.295779 40.010673 60.878742 2.664334 5.127941 7.802483 1.000000
8.544548 16.482990 22.640983 31.796763 43.675934 59.993127 2.923106 5.638862 7.745523 1.000000
10.293194 19.893576 24.770417 38.448161 47.873593 59.609637 3.208301 6.200658 7.720728 1.000000
12.407628 24.014175 27.241373 46.477906 52.723944 59.809369 3.522446 6.817471 7.733652 1.000000
14.963141 28.986104 30.137281 56.150925 58.380947 60.699533 3.868222 7.493392 7.790991 1.000000
18.049178 34.974341 33.565903 67.770647 65.041482 62.422222 4.248432 8.232293 7.900774 1.000000
21.771217 42.169008 37.666322 81.677803 72.956481 65.166397 4.665964 9.037577 8.072571 1.000000
26.252459 50.785489 42.617538 98.244736 82.443801 69.184167 5.123715 9.911848 8.317702 1.000000
31.635026 61.062182 48.648753 117.862717 93.902216 74.812684 5.624502 10.856460 8.649433 1.000000
38.080215 73.254520 56.051189 140.918968 107.825098 82.503101 6.170917 11.870930 9.083122 1.000000
45.767129 87.623394 65.190824 167.759252 124.811004 92.857988 6.765141 12.952191 9.636285 1.000000
54.888743 104.415640 76.520705 198.631362 145.566430 106.677945 7.408694 14.093664 10.328502 1.000000
65.644206 123.833842 90.590369 233.605087 170.893278 125.016594 8.102111 15.284145 11.181082 1.000000
78.225831 145.992742 108.048237 272.466017 201.650249 149.239980 8.844537 16.506545 12.216382 1.000000
92.799133 170.860251 129.630794 314.585109 238.674106 181.080817 9.633231 17.736547 13.456627 1.000000
109.474326 198.183239 156.130062 358.774497 282.644913 222.669526 10.462998 18.941344 14.922115 1.000000
128.268417 227.402429 188.329024 403.153528 333.881704 276.512507 11.325565 20.078683 16.628665 1.000000
149.058519 257.567476 226.894693 445.066844 392.065436 345.375776 12.208952 21.096607 18.584288 1.000000
171.529776 287.272451 272.222304 481.114491 455.908999 432.024017 13.096938 21.934322 20.785187 1.000000
195.125216 314.641675 324.234238 507.363352 522.831472 538.771172 13.968723 22.524728 23.211445 1.000000
219.009691 337.402152 382.155212 519.795319 588.741030 666.831707 14.798976 22.799020 25.823085 1.000000
242.064239 353.075015 444.309737 514.995386 648.070394 815.532036 15.558414 22.693510 28.557522 1.000000
262.928480 359.297468 508.011900 490.987779 694.209274 981.544832 16.215070 22.158244 31.329616 1.000000
280.103981 354.245783 569.627797 448.012465 720.404774 1158.412051 16.736307 21.166305 34.035453 1.000000
292.118954 337.076918 624.871215 388.954044 721.040728 1336.661077 17.091488 19.721918 36.560376 1.000000
297.735185 308.263010 669.334553 319.163097 693.002020 1504.722205 17.255005 17.865136 38.790749 1.000000
296.157625 269.689048 699.170284 245.586055 636.683147 1650.604427 17.209231 15.671185 40.627631 1.000000
287.194909 224.438425 711.758754 175.395193 556.228569 1763.960667 16.946826 13.243685 41.999532 1.000000
271.323917 176.293307 706.171168 114.546961 458.836256 1837.942351 16.471913 10.702661 42.871230 1.000000
249.635139 129.082318 683.288606 66.746392 353.317557 1870.262820 15.799846 8.169847 43.246535 1.000000
223.670081 86.062776 645.551941 33.114851 248.392597 1863.178601 14.955604 5.754550 43.164553 1.000000
195.192725 49.500267 596.439400 12.553114 151.255174 1822.506235 13.971139 3.543037 42.690821 1.000000
165.951488 20.521990 539.840588 2.537802 66.758084 1756.102723 12.882216 1.593048 41.905879 1.000000
137.482204 -0.779442 479.493302 0.004419 -2.718442 1672.316991 11.725281 -0.066475 40.893973 1.000000
110.982236 -15.082295 418.589853 2.049658 -56.885640 1578.788384 10.534811 -1.431663 39.733970 1.000000
87.261676 -23.519237 359.582681 6.339031 -96.916660 1481.746746 9.341396 -2.517743 38.493464 1.000000
66.758816 -27.392053 304.159368 11.239333 -124.800740 1385.778333 8.170607 -3.352511 37.226044 1.000000
49.597814 -27.962014 253.329109 15.764289 -142.820653 1293.920683 7.042572 -3.970427 35.971109 1.000000
35.665904 -26.324867 207.562062 19.430283 -153.200761 1207.932632 5.972094 -4.407979 34.755325 1.000000
24.692286 -23.357286 166.937584 22.094463 -157.912024 1128.617941 4.969133 -4.700475 33.594909 1.000000
8.709607 -12.691950 95.009076 18.495160 -138.450604 1036.410045 2.951204 -4.300600 32.193323 1.000000
1.513636 -4.855678 37.953004 15.576808 -121.751609 951.636204 1.230299 -3.946746 30.848601 1.000000
0.000165 0.049024 -0.380776 14.539813 -112.933644 877.178279 -0.012857 -3.813111 29.617196 1.000000
0.891304 3.648869 -26.882706 14.937930 -110.053828 810.811479 -0.944089 -3.864962 28.474752 1.000000
2.827455 6.856443 -46.089835 16.626546 -111.765638 751.302047 -1.681504 -4.077566 27.409890 1.000000
5.334340 10.246011 -61.017198 19.680175 -117.199671 697.949224 -2.309619 -4.436234 26.418729 1.000000
8.351594 14.262849 -73.699721 24.358090 -125.864363 650.372744 -2.889912 -4.935392 25.502407 1.000000
12.030701 19.345566 -85.555702 31.107989 -137.574978 608.424888 -3.468530 -5.577454 24.666270 1.000000
16.661463 26.008590 -97.638034 40.599482 -152.413246 572.169802 -4.081845 -6.371772 23.920071 1.000000
22.661545 34.911283 -110.817120 53.782637 -170.719507 541.906303 -4.760414 -7.333665 23.278881 1.000000
30.599986 46.927770 -125.927764 71.967861 -193.121298 518.229045 -5.531725 -8.483387 22.764645 1.000000
41.241989 63.223109 -143.906485 96.919708 -220.605641 502.135735 -6.421993 -9.844781 22.408385 1.000000
55.608213 85.332569 -165.943361 130.945537 -254.645359 495.200220 -7.457091 -11.443144 22.253095 1.000000
75.040311 115.226865 -193.671378 176.934639 -297.388768 499.846044 -8.662581 -13.301678 22.357237 1.000000
101.255371 155.321556 -229.411872 238.256850 -351.908334 519.772989 -10.062573 -15.435571 22.798530 1.000000
136.352333 208.347043 -276.477190 318.355318 -422.458520 560.603801 -11.677000 -17.842514 23.677073 1.000000
182.699821 276.934809 -339.481749 419.775389 -514.583499 630.804437 -13.516650 -20.488421 25.115820 1.000000
242.587650 362.712157 -424.498829 542.319894 -634.702079 742.821226 -15.575226 -23.287763 27.254747 1.000000
317.481387 464.698002 -538.692654 680.179191 -788.485279 914.037129 -17.818007 -26.080245 30.233047 1.000000
406.738762 577.010943 -688.783961 818.563803 -977.128122 1166.407997 -20.167765 -28.610554 34.152716 1.000000
505.847427 686.559713 -877.601843 931.830853 -1191.122139 1522.563827 -22.491052 -30.525905 39.020044 1.000000
604.759803 772.516726 -1098.607008 986.808463 -1403.354332 1995.730128 -24.591865 -31.413508 44.673595 1.000000
687.659577 810.203125 -1330.293958 954.584397 -1567.357392 2573.485593 -26.223264 -30.896349 50.729534 1.000000
735.840786 780.617194 -1535.232464 828.118276 -1628.652394 3203.055285 -27.126385 -28.777044 56.595541 1.000000
734.146555 681.947433 -1668.869319 633.459762 -1550.209751 3793.690487 -27.095139 -25.168627 61.592942 1.000000
678.360264 534.450321 -1697.161476 421.069984 -1337.119143 4246.058073 -26.045350 -20.519990 65.161784 1.000000
578.577884 372.557050 -1612.651351 239.896407 -1038.416169 4494.890750 -24.053646 -15.488590 67.043946 1.000000
455.466994 228.801873 -1436.998368 114.937630 -721.869909 4533.729854 -21.341673 -10.720897 67.332977 1.000000
331.697361 121.451856 -1208.827148 44.469914 -442.615219 4405.410608 -18.212561 -6.668577 66.373267 1.000000
