0.000506 0.012645 0.315921 7.892690 0.006351 0.158673 3.964150 0.079694 1.991017 1.000000
0.000870 0.018112 0.376972 7.845908 0.009115 0.189712 3.948470 0.095473 1.987076 1.000000
0.001374 0.024498 0.436878 7.790959 0.012358 0.220376 3.930013 0.111165 1.982426 1.000000
0.002037 0.031766 0.495465 7.728010 0.016067 0.250605 3.908815 0.126756 1.977072 1.000000
0.002877 0.039874 0.552563 7.657251 0.020230 0.280344 3.884918 0.142233 1.971020 1.000000
0.003913 0.048777 0.608012 7.578892 0.024832 0.309536 3.858370 0.157583 1.964273 1.000000
0.005159 0.058426 0.661661 7.493168 0.029857 0.338127 3.829220 0.172793 1.956839 1.000000
0.006629 0.068766 0.713365 7.400331 0.035288 0.366068 3.797526 0.187850 1.948724 1.000000
0.008334 0.079740 0.762992 7.300653 0.041105 0.393308 3.763349 0.202743 1.939935 1.000000
0.010283 0.091290 0.810419 7.194423 0.047289 0.419802 3.726753 0.217460 1.930480 1.000000
0.012486 0.103353 0.855534 7.081944 0.053819 0.445506 3.687808 0.231990 1.920367 1.000000
0.014946 0.115865 0.898236 6.963537 0.060675 0.470378 3.646587 0.246322 1.909604 1.000000
0.017667 0.128760 0.938436 6.839533 0.067833 0.494382 3.603166 0.260447 1.898201 1.000000
0.020651 0.141974 0.976055 6.710275 0.075271 0.517481 3.557626 0.274356 1.886167 1.000000
0.023897 0.155438 1.011029 6.576117 0.082966 0.539644 3.510048 0.288038 1.873512 1.000000
0.027404 0.169086 1.043302 6.437419 0.090895 0.560841 3.460519 0.301487 1.860247 1.000000
0.031165 0.182852 1.072834 6.294549 0.099033 0.581047 3.409126 0.314695 1.846382 1.000000
0.035176 0.196670 1.099593 6.147879 0.107357 0.600238 3.355961 0.327654 1.831928 1.000000
0.039428 0.210475 1.123560 5.997785 0.115843 0.618395 3.301114 0.340358 1.816897 1.000000
0.043913 0.224206 1.144728 5.844644 0.124469 0.635501 3.244681 0.352801 1.801300 1.000000
0.048619 0.237800 1.163100 5.688834 0.133210 0.651543 3.186756 0.364979 1.785149 1.000000
0.053535 0.251199 1.178691 5.530732 0.142044 0.666509 3.127436 0.376887 1.768456 1.000000
0.058647 0.264347 1.191525 5.370711 0.150949 0.680392 3.066817 0.388522 1.751233 1.000000
0.063942 0.277191 1.201635 5.209143 0.159903 0.693187 3.004998 0.399879 1.733493 1.000000
0.069404 0.289680 1.209065 5.046391 0.168885 0.704892 2.942076 0.410956 1.715248 1.000000
0.075019 0.301767 1.213867 4.882813 0.177875 0.715508 2.878150 0.421753 1.696511 1.000000
0.080771 0.313409 1.216102 4.718762 0.186854 0.725038 2.813317 0.432266 1.677295 1.000000
0.086642 0.324565 1.215836 4.554578 0.195803 0.733487 2.747676 0.442496 1.657611 1.000000
0.092617 0.335198 1.213144 4.390595 0.204704 0.740863 2.681322 0.452443 1.637474 1.000000
0.098679 0.345275 1.208107 4.227135 0.213542 0.747177 2.614352 0.462106 1.616896 1.000000
0.104812 0.354766 1.200812 4.064508 0.222300 0.752441 2.546861 0.471487 1.595889 1.000000
0.110999 0.363645 1.191349 3.903013 0.230964 0.756669 2.478944 0.480587 1.574466 1.000000
0.117224 0.371891 1.179815 3.742937 0.239522 0.759877 2.410692 0.489409 1.552640 1.000000
0.123473 0.379483 1.166309 3.584552 0.247960 0.762083 2.342196 0.497955 1.530424 1.000000
0.129730 0.386407 1.150933 3.428118 0.256267 0.763305 2.273546 0.506228 1.507828 1.000000
0.135980 0.392650 1.133793 3.273879 0.264434 0.763566 2.204830 0.514232 1.484867 1.000000
0.142212 0.398203 1.114996 3.122068 0.272452 0.762885 2.136133 0.521970 1.461551 1.000000
0.148411 0.403060 1.094650 2.972900 0.280313 0.761287 2.067538 0.529446 1.437894 1.000000
0.154565 0.407219 1.072864 2.826577 0.288010 0.758795 1.999128 0.536666 1.413905 1.000000
0.160665 0.410679 1.049747 2.683287 0.295538 0.755433 1.930981 0.543634 1.389598 1.000000
0.166698 0.413442 1.025410 2.543201 0.302892 0.751226 1.863175 0.550356 1.364982 1.000000
0.172658 0.415513 0.999961 2.406476 0.310068 0.746201 1.795785 0.556838 1.340069 1.000000
0.178534 0.416899 0.973508 2.273256 0.317065 0.740383 1.728883 0.563085 1.314870 1.000000
0.184321 0.417608 0.946157 2.143669 0.323879 0.733799 1.662539 0.569104 1.289395 1.000000
0.190011 0.417651 0.918013 2.017829 0.330511 0.726475 1.596821 0.574901 1.263654 1.000000
0.195599 0.417041 0.889180 1.895837 0.336960 0.718438 1.531795 0.580482 1.237657 1.000000
0.201082 0.415790 0.859757 1.777777 0.343227 0.709714 1.467523 0.585856 1.211414 1.000000
0.206454 0.413914 0.829843 1.663725 0.349314 0.700329 1.404066 0.591028 1.184933 1.000000
0.211715 0.411428 0.799532 1.553738 0.355223 0.690309 1.341483 0.596006 1.158224 1.000000
0.216863 0.408350 0.768918 1.447864 0.360958 0.679680 1.279829 0.600798 1.131295 1.000000
0.221895 0.404696 0.738090 1.346139 0.366521 0.668466 1.219158 0.605410 1.104155 1.000000
0.226814 0.400484 0.707134 1.248586 0.371917 0.656693 1.159522 0.609850 1.076811 1.000000
0.231618 0.395733 0.676134 1.155215 0.377150 0.644384 1.100969 0.614126 1.049271 1.000000
0.236310 0.390461 0.645168 1.066028 0.382227 0.631563 1.043548 0.618245 1.021542 1.000000
0.240891 0.384685 0.614314 0.981015 0.387151 0.618252 0.987303 0.622215 0.993631 1.000000
0.245365 0.378426 0.583645 0.900155 0.391930 0.604472 0.932277 0.626043 0.965545 1.000000
0.249734 0.371700 0.553231 0.823419 0.396569 0.590246 0.878511 0.629737 0.937289 1.000000
0.254003 0.364525 0.523138 0.750768 0.401075 0.575592 0.826045 0.633305 0.908870 1.000000
0.258175 0.356919 0.493431 0.682154 0.405455 0.560530 0.774917 0.636753 0.880294 1.000000
0.262255 0.348899 0.464169 0.617522 0.409716 0.545078 0.725162 0.640090 0.851564 1.000000
0.266249 0.340481 0.435410 0.556806 0.413865 0.529254 0.676814 0.643323 0.822687 1.000000
0.270161 0.331680 0.407209 0.499936 0.417909 0.513073 0.629907 0.646459 0.793667 1.000000
0.273997 0.322512 0.379616 0.446832 0.421856 0.496551 0.584471 0.649504 0.764507 1.000000
0.277764 0.312990 0.352683 0.397410 0.425713 0.479702 0.540537 0.652467 0.735212 1.000000
0.281466 0.303127 0.326454 0.351576 0.429488 0.462539 0.498134 0.655353 0.705786 1.000000
0.285112 0.292936 0.300974 0.309234 0.433188 0.445076 0.457289 0.658170 0.676232 1.000000
0.288706 0.282427 0.276286 0.270278 0.436821 0.427322 0.418029 0.660924 0.646552 1.000000
0.292255 0.271613 0.252428 0.234599 0.440394 0.409288 0.380380 0.663622 0.616749 1.000000
0.295766 0.260500 0.229440 0.202083 0.443914 0.390984 0.344366 0.666269 0.586827 1.000000
0.299245 0.249100 0.207357 0.172609 0.447389 0.372418 0.310011 0.668871 0.556786 1.000000
0.302699 0.237417 0.186214 0.146054 0.450825 0.353597 0.277338 0.671435 0.526629 1.000000
0.306135 0.225460 0.166045 0.122288 0.454229 0.334528 0.246371 0.673965 0.496357 1.000000
0.309558 0.213233 0.146882 0.101177 0.457609 0.315215 0.217130 0.676468 0.465972 1.000000
0.312975 0.200741 0.128755 0.082583 0.460970 0.295665 0.189639 0.678948 0.435475 1.000000
0.316391 0.187988 0.111695 0.066365 0.464319 0.275880 0.163918 0.681410 0.404867 1.000000
0.319814 0.174975 0.095731 0.052376 0.467662 0.255865 0.139987 0.683858 0.374149 1.000000
0.323248 0.161705 0.080893 0.040467 0.471004 0.235620 0.117869 0.686297 0.343320 1.000000
0.326700 0.148179 0.067208 0.030483 0.474351 0.215147 0.097583 0.688731 0.312382 1.000000
0.330174 0.134396 0.054705 0.022267 0.477707 0.194448 0.079149 0.691164 0.281334 1.000000
0.333675 0.120355 0.043411 0.015658 0.481079 0.173523 0.062589 0.693598 0.250177 1.000000
0.337209 0.106055 0.033355 0.010491 0.484469 0.152370 0.047922 0.696038 0.218911 1.000000
0.340779 0.091494 0.024565 0.006595 0.487883 0.130990 0.035169 0.698486 0.187534 1.000000
0.344390 0.076669 0.017068 0.003800 0.491323 0.109380 0.024351 0.700944 0.156047 1.000000
0.348045 0.061576 0.010894 0.001927 0.494793 0.087539 0.015487 0.703415 0.124449 1.000000
0.350167 0.046807 0.006257 0.000836 0.496803 0.066407 0.008877 0.704842 0.094216 1.000000
0.346494 0.034330 0.003401 0.000337 0.493322 0.048878 0.004843 0.702369 0.069590 1.000000
0.342869 0.022069 0.001420 0.000091 0.489876 0.031531 0.002029 0.699911 0.045050 1.000000
0.339295 0.010019 0.000296 0.000009 0.486465 0.014365 0.000424 0.697470 0.020596 1.000000
0.335770 -0.001823 0.000010 -0.000000 0.483090 -0.002623 0.000014 0.695047 -0.003773 1.000000
0.332293 -0.013461 0.000545 -0.000022 0.479750 -0.019434 0.000787 0.692640 -0.028058 1.000000
0.328865 -0.024898 0.001885 -0.000143 0.476443 -0.036071 0.002731 0.690249 -0.052258 1.000000
0.325482 -0.036139 0.004013 -0.000446 0.473171 -0.052537 0.005833 0.687874 -0.076375 1.000000
0.322143 -0.047185 0.006911 -0.001012 0.469930 -0.068832 0.010082 0.685514 -0.100410 1.000000
0.318847 -0.058042 0.010566 -0.001923 0.466719 -0.084960 0.015466 0.683168 -0.124362 1.000000
0.315592 -0.068711 0.014960 -0.003257 0.463536 -0.100921 0.021973 0.680835 -0.148232 1.000000
0.312373 -0.079195 0.020078 -0.005090 0.460380 -0.116718 0.029591 0.678513 -0.172020 1.000000
0.309190 -0.089496 0.025905 -0.007498 0.457246 -0.132351 0.038309 0.676200 -0.195728 1.000000
0.306038 -0.099616 0.032425 -0.010555 0.454134 -0.147822 0.048116 0.673895 -0.219354 1.000000
0.302916 -0.109558 0.039624 -0.014331 0.451039 -0.163131 0.059001 0.671595 -0.242900 1.000000
0.299818 -0.119321 0.047487 -0.018899 0.447959 -0.178278 0.070951 0.669297 -0.266366 1.000000
0.296742 -0.128907 0.055999 -0.024326 0.444890 -0.193264 0.083956 0.667001 -0.289751 1.000000
0.293684 -0.138317 0.065143 -0.030681 0.441828 -0.208089 0.098004 0.664702 -0.313056 1.000000
0.290640 -0.147550 0.074907 -0.038028 0.438770 -0.222751 0.113084 0.662397 -0.336280 1.000000
0.287607 -0.156605 0.085273 -0.046432 0.435712 -0.237250 0.129185 0.660085 -0.359424 1.000000
0.284579 -0.165482 0.096227 -0.055956 0.432649 -0.251584 0.146296 0.657761 -0.382486 1.000000
0.281554 -0.174179 0.107753 -0.066660 0.429577 -0.265752 0.164403 0.655421 -0.405467 1.000000
0.278526 -0.182694 0.119835 -0.078604 0.426492 -0.279750 0.183497 0.653064 -0.428365 1.000000
0.275492 -0.191025 0.132456 -0.091844 0.423389 -0.293576 0.203564 0.650684 -0.451181 1.000000
0.272447 -0.199168 0.145599 -0.106438 0.420263 -0.307227 0.224593 0.648277 -0.473913 1.000000
0.269387 -0.207120 0.159246 -0.122438 0.417110 -0.320699 0.246572 0.645841 -0.496560 1.000000
0.266307 -0.214877 0.173380 -0.139896 0.413925 -0.333987 0.269487 0.643370 -0.519121 1.000000
0.263203 -0.222435 0.187981 -0.158864 0.410703 -0.347087 0.293326 0.640861 -0.541595 1.000000
0.260071 -0.229787 0.203030 -0.179388 0.407438 -0.359994 0.318075 0.638308 -0.563981 1.000000
0.256906 -0.236929 0.218506 -0.201515 0.404125 -0.372701 0.343720 0.635709 -0.586276 1.000000
0.253704 -0.243855 0.234388 -0.225288 0.400761 -0.385202 0.370248 0.633057 -0.608480 1.000000
0.250461 -0.250557 0.250654 -0.250750 0.397338 -0.397491 0.397643 0.630348 -0.630590 1.000000
0.247173 -0.257030 0.267280 -0.277938 0.393853 -0.409559 0.425891 0.627577 -0.652604 1.000000
0.243836 -0.263265 0.284242 -0.306890 0.390300 -0.421399 0.454976 0.624740 -0.674519 1.000000
0.240446 -0.269254 0.301515 -0.337640 0.386674 -0.433002 0.484882 0.621831 -0.696335 1.000000
0.236999 -0.274990 0.319071 -0.370218 0.382970 -0.444360 0.515591 0.618846 -0.718047 1.000000
0.233493 -0.280464 0.336884 -0.404654 0.379183 -0.455462 0.547086 0.615778 -0.739653 1.000000
0.229923 -0.285666 0.354923 -0.440972 0.375308 -0.466299 0.579349 0.612624 -0.761150 1.000000
0.226287 -0.290588 0.373160 -0.479195 0.371341 -0.476860 0.612362 0.609378 -0.782535 1.000000
0.222582 -0.295219 0.391560 -0.519341 0.367277 -0.487133 0.646103 0.606034 -0.803805 1.000000
0.218806 -0.299551 0.410093 -0.561427 0.363111 -0.497108 0.680553 0.602587 -0.824957 1.000000
0.214957 -0.303573 0.428722 -0.605464 0.358840 -0.506772 0.715691 0.599032 -0.845985 1.000000
0.211032 -0.307276 0.447413 -0.651461 0.354458 -0.516114 0.751494 0.595364 -0.866888 1.000000
0.207030 -0.310648 0.466127 -0.699422 0.349964 -0.525119 0.787939 0.591577 -0.887659 1.000000
0.202951 -0.313682 0.484826 -0.749347 0.345352 -0.533775 0.825002 0.587666 -0.908296 1.000000
0.198794 -0.316365 0.503470 -0.801233 0.340619 -0.542068 0.862659 0.583626 -0.928794 1.000000
0.194558 -0.318689 0.522018 -0.855072 0.335763 -0.549985 0.900883 0.579451 -0.949149 1.000000
0.190244 -0.320644 0.540425 -0.910852 0.330781 -0.557511 0.939648 0.575136 -0.969354 1.000000
0.185853 -0.322221 0.558649 -0.968555 0.325671 -0.564631 0.978925 0.570676 -0.989407 1.000000
0.181385 -0.323411 0.576644 -1.028160 0.320431 -0.571331 1.018686 0.566066 -1.009300 1.000000
0.176843 -0.324205 0.594363 -1.089641 0.315059 -0.577596 1.058901 0.561301 -1.029029 1.000000
0.172229 -0.324596 0.611758 -1.152965 0.309555 -0.583410 1.099539 0.556376 -1.048589 1.000000
0.167545 -0.324575 0.628780 -1.218097 0.303917 -0.588759 1.140568 0.551286 -1.067974 1.000000
0.162795 -0.324137 0.645379 -1.284994 0.298145 -0.593628 1.181954 0.546027 -1.087177 1.000000
0.157984 -0.323275 0.661505 -1.353610 0.292241 -0.598001 1.223664 0.540593 -1.106194 1.000000
0.153114 -0.321986 0.677106 -1.423892 0.286205 -0.601863 1.265663 0.534981 -1.125017 1.000000
0.148193 -0.320263 0.692130 -1.495782 0.280039 -0.605199 1.307913 0.529187 -1.143640 1.000000
0.143224 -0.318106 0.706525 -1.569217 0.273743 -0.607994 1.350378 0.523205 -1.162058 1.000000
0.138215 -0.315511 0.720236 -1.644128 0.267323 -0.610234 1.393019 0.517033 -1.180262 1.000000
0.133171 -0.312479 0.733213 -1.720441 0.260780 -0.611904 1.435797 0.510666 -1.198248 1.000000
0.128101 -0.309009 0.745400 -1.798075 0.254118 -0.612990 1.478672 0.504101 -1.216007 1.000000
0.123012 -0.305105 0.756746 -1.876945 0.247342 -0.613479 1.521602 0.497335 -1.233532 1.000000
0.117912 -0.300769 0.767198 -1.956961 0.240458 -0.613357 1.564545 0.490365 -1.250818 1.000000
0.112810 -0.296007 0.776704 -2.038024 0.233471 -0.612612 1.607458 0.483188 -1.267855 1.000000
0.107715 -0.290825 0.785213 -2.120034 0.226387 -0.611233 1.650296 0.475801 -1.284638 1.000000
0.102637 -0.285233 0.792675 -2.202882 0.219214 -0.609207 1.693015 0.468203 -1.301159 1.000000
0.097585 -0.279239 0.799041 -2.286457 0.211960 -0.606524 1.735570 0.460391 -1.317410 1.000000
0.092569 -0.272855 0.804264 -2.370641 0.204633 -0.603175 1.777913 0.452364 -1.333384 1.000000
0.087600 -0.266096 0.808299 -2.455311 0.197243 -0.599151 1.819998 0.444121 -1.349073 1.000000
0.082688 -0.258976 0.811102 -2.540340 0.189799 -0.594445 1.861778 0.435660 -1.364470 1.000000
0.077844 -0.251512 0.812631 -2.625598 0.182312 -0.589048 1.903204 0.426981 -1.379567 1.000000
0.073078 -0.243724 0.812849 -2.710947 0.174793 -0.582957 1.944229 0.418083 -1.394356 1.000000
0.068401 -0.235633 0.811719 -2.796249 0.167254 -0.576165 1.984802 0.408967 -1.408830 1.000000
0.063824 -0.227260 0.809207 -2.881360 0.159707 -0.568671 2.024875 0.399633 -1.422981 1.000000
0.059357 -0.218630 0.805285 -2.966133 0.152164 -0.560471 2.064399 0.390082 -1.436802 1.000000
0.055009 -0.209769 0.799926 -3.050419 0.144640 -0.551565 2.103325 0.380315 -1.450284 1.000000
0.050790 -0.200704 0.793108 -3.134066 0.137147 -0.541954 2.141602 0.370334 -1.463421 1.000000
0.046710 -0.191465 0.784811 -3.216920 0.129701 -0.531641 2.179182 0.360140 -1.476205 1.000000
0.042778 -0.182082 0.775021 -3.298824 0.122315 -0.520627 2.216016 0.349736 -1.488629 1.000000
0.039001 -0.172587 0.763728 -3.379622 0.115006 -0.508920 2.252054 0.339125 -1.500684 1.000000
0.035388 -0.163013 0.750925 -3.459154 0.107787 -0.496524 2.287248 0.328309 -1.512365 1.000000
0.031944 -0.153395 0.736613 -3.537263 0.100675 -0.483448 2.321551 0.317293 -1.523664 1.000000
0.028675 -0.143767 0.720794 -3.613790 0.093685 -0.469703 2.354915 0.306081 -1.534573 1.000000
0.025588 -0.134165 0.703477 -3.688578 0.086834 -0.455299 2.387294 0.294675 -1.545087 1.000000
0.022685 -0.124627 0.684675 -3.761468 0.080136 -0.440249 2.418642 0.283082 -1.555198 1.000000
0.019970 -0.115188 0.664407 -3.832308 0.073607 -0.424568 2.448914 0.271307 -1.564901 1.000000
0.017445 -0.105887 0.642698 -3.900944 0.067265 -0.408272 2.478067 0.259354 -1.574188 1.000000
0.015111 -0.096761 0.619574 -3.967225 0.061123 -0.391379 2.506059 0.247231 -1.583054 1.000000
0.012968 -0.087847 0.595072 -4.031006 0.055198 -0.373908 2.532847 0.234942 -1.591492 1.000000
0.011014 -0.079181 0.569229 -4.092143 0.049504 -0.355880 2.558393 0.222495 -1.599498 1.000000
0.009247 -0.070802 0.542091 -4.150499 0.044056 -0.337317 2.582658 0.209896 -1.607065 1.000000
0.007663 -0.062743 0.513705 -4.205939 0.038870 -0.318243 2.605605 0.197154 -1.614189 1.000000
0.006257 -0.055040 0.484126 -4.258335 0.033957 -0.298684 2.627200 0.184275 -1.620864 1.000000
0.005024 -0.047726 0.453414 -4.307565 0.029332 -0.278666 2.647410 0.171267 -1.627086 1.000000
0.003955 -0.040834 0.421630 -4.353514 0.025008 -0.258217 2.666204 0.158139 -1.632851 1.000000
0.003042 -0.034394 0.388843 -4.396073 0.020996 -0.237366 2.683551 0.144899 -1.638155 1.000000
0.002277 -0.028435 0.355124 -4.435139 0.017307 -0.216144 2.699426 0.131555 -1.642993 1.000000
0.001648 -0.022984 0.320548 -4.470619 0.013952 -0.194583 2.713804 0.118118 -1.647363 1.000000
0.001144 -0.018065 0.285195 -4.502427 0.010940 -0.172714 2.726661 0.104595 -1.651260 1.000000
0.000753 -0.013702 0.249148 -4.530485 0.008280 -0.150571 2.737977 0.090997 -1.654683 1.000000
0.000462 -0.009913 0.212490 -4.554726 0.005980 -0.128189 2.747735 0.077333 -1.657629 1.000000
0.000257 -0.006718 0.175310 -4.575090 0.004046 -0.105602 2.755919 0.063612 -1.660096 1.000000
0.000124 -0.004129 0.137697 -4.591526 0.002485 -0.082846 2.762515 0.049845 -1.662082 1.000000
0.000047 -0.002161 0.099745 -4.603994 0.001299 -0.059958 2.767514 0.036041 -1.663585 1.000000
0.000011 -0.000821 0.061546 -4.612464 0.000493 -0.036973 2.770907 0.022211 -1.664604 1.000000
0.000001 -0.000117 0.023194 -4.616914 0.000070 -0.013929 2.772689 0.008365 -1.665139 1.000000
-0.000000 -0.000050 -0.015216 -4.617333 0.000030 0.009138 2.772857 -0.005487 -1.665190 1.000000
-0.000007 -0.000622 -0.053588 -4.613720 0.000374 0.032189 2.771410 -0.019336 -1.664755 1.000000
-0.000036 -0.001831 -0.091827 -4.606084 0.001100 0.055190 2.768351 -0.033170 -1.663836 1.000000
-0.000104 -0.003669 -0.129838 -4.594444 0.002207 0.078101 2.763686 -0.046980 -1.662434 1.000000
-0.000224 -0.006129 -0.167528 -4.578829 0.003691 0.100887 2.757420 -0.060755 -1.660548 1.000000
-0.000413 -0.009200 -0.204806 -4.559278 0.005548 0.123512 2.749565 -0.074487 -1.658181 1.000000
0.019225 0.213125 2.362632 26.191298 0.071766 0.795568 8.819379 0.267891 2.969744 1.000000
0.032881 0.303444 2.800319 25.842607 0.102636 0.947172 8.740928 0.320369 2.956506 1.000000
0.051586 0.407540 3.219659 25.436038 0.138576 1.094780 8.649008 0.372258 2.940920 1.000000
0.075939 0.524174 3.618127 24.974239 0.179327 1.237807 8.544005 0.423470 2.923013 1.000000
0.106443 0.651975 3.993423 24.460187 0.224601 1.375705 8.426357 0.473921 2.902819 1.000000
0.143492 0.789465 4.343498 23.897150 0.274084 1.507964 8.296548 0.523531 2.880373 1.000000
0.187371 0.935083 4.666565 23.288658 0.327443 1.634115 8.155107 0.572226 2.855715 1.000000
0.238256 1.087206 4.961117 22.638461 0.384323 1.753734 8.002603 0.619938 2.828887 1.000000
0.296212 1.244179 5.225931 21.950495 0.444360 1.866447 7.839642 0.666603 2.799936 1.000000
0.361196 1.404335 5.460074 21.228840 0.507180 1.971922 7.666860 0.712166 2.768909 1.000000
0.433067 1.566020 5.662903 20.477685 0.572405 2.069881 7.484921 0.756575 2.735858 1.000000
0.511591 1.727614 5.834057 19.701282 0.639659 2.160093 7.294513 0.799787 2.700836 1.000000
0.596449 1.887554 5.973455 18.903919 0.708569 2.242375 7.096342 0.841765 2.663896 1.000000
0.687248 2.044345 6.081278 18.089871 0.778770 2.316593 6.891128 0.882479 2.625096 1.000000
0.783537 2.196586 6.157962 17.263375 0.849910 2.382658 6.679600 0.921906 2.584492 1.000000
0.884812 2.342974 6.204173 16.428593 0.921653 2.440528 6.462495 0.960027 2.542144 1.000000
0.990533 2.482318 6.220795 15.589580 0.993679 2.490201 6.240551 0.996834 2.498110 1.000000
1.100135 2.613548 6.208907 14.750261 1.065689 2.531717 6.014504 1.032322 2.452449 1.000000
1.213041 2.735721 6.169758 13.914402 1.137410 2.565153 5.785084 1.066494 2.405220 1.000000
1.328670 2.848017 6.104751 13.085590 1.208588 2.590619 5.553015 1.099358 2.356484 1.000000
1.446455 2.949750 6.015415 12.267214 1.278998 2.608256 5.319008 1.130928 2.306297 1.000000
1.565843 3.040357 5.903384 11.462450 1.348442 2.618235 5.083759 1.161224 2.254719 1.000000
1.686312 3.119400 5.770376 10.674245 1.416746 2.620747 4.847950 1.190271 2.201806 1.000000
1.807374 3.186555 5.618169 9.905312 1.483766 2.616006 4.612242 1.218099 2.147613 1.000000
1.928584 3.241612 5.448585 9.158121 1.549384 2.604244 4.377279 1.244742 2.092195 1.000000
2.049540 3.284461 5.263467 8.434893 1.613507 2.585703 4.143682 1.270239 2.035604 1.000000
2.169895 3.315085 5.064662 7.737601 1.676071 2.560639 3.912048 1.294632 1.977890 1.000000
2.289352 3.333547 4.854009 7.067968 1.737034 2.529312 3.682955 1.317966 1.919103 1.000000
2.407670 3.339986 4.633321 6.427470 1.796379 2.491987 3.456952 1.340291 1.859288 1.000000
2.524663 3.334601 4.404374 5.817343 1.854110 2.448928 3.234569 1.361657 1.798491 1.000000
2.640199 3.317639 4.168900 5.238583 1.910254 2.400399 3.016309 1.382119 1.736753 1.000000
2.754203 3.289389 3.928572 4.691958 1.964855 2.346659 2.802654 1.401733 1.674113 1.000000
2.866648 3.250171 3.685005 4.178014 2.017977 2.287958 2.594059 1.420555 1.610608 1.000000
2.977559 3.200320 3.439745 3.697083 2.069698 2.224538 2.390963 1.438644 1.546274 1.000000
3.087011 3.140184 3.194272 3.249292 2.120112 2.156630 2.193777 1.456060 1.481141 1.000000
3.195118 3.070110 2.949993 2.834576 2.169325 2.084451 2.002897 1.472863 1.415238 1.000000
3.302038 2.990440 2.708245 2.452680 2.217455 2.008203 1.818698 1.489112 1.348591 1.000000
3.407966 2.901498 2.470297 2.103178 2.264628 1.928074 1.641537 1.504868 1.281225 1.000000
3.513131 2.803588 2.237350 1.785475 2.310980 1.844234 1.471756 1.520191 1.213160 1.000000
3.617791 2.696985 2.010544 1.498817 2.356653 1.756834 1.309682 1.535139 1.144413 1.000000
3.722231 2.581931 1.790961 1.242303 2.401793 1.666007 1.155629 1.549772 1.075002 1.000000
3.826760 2.458631 1.579630 1.014886 2.446550 1.571869 1.009900 1.564145 1.004938 1.000000
3.931707 2.327245 1.377536 0.815387 2.491079 1.474512 0.872789 1.578315 0.934232 1.000000
4.037416 2.187889 1.185624 0.642494 2.535531 1.374013 0.744582 1.592335 0.862892 1.000000
4.144244 2.040631 1.004809 0.494769 2.580063 1.270426 0.625559 1.606257 0.790923 1.000000
4.252560 1.885488 0.835982 0.370656 2.624825 1.163787 0.515997 1.620131 0.718329 1.000000
4.362736 1.722426 0.680021 0.268475 2.669967 1.054114 0.416169 1.634003 0.645111 1.000000
4.475149 1.551357 0.537794 0.186432 2.715637 0.941404 0.326347 1.647919 0.571268 1.000000
4.442707 1.372646 0.424101 0.131033 2.702497 0.834980 0.257980 1.643927 0.507918 1.000000
4.337552 1.198478 0.331143 0.091496 2.659683 0.734878 0.203049 1.630853 0.450609 1.000000
4.234916 1.030681 0.250844 0.061050 2.617559 0.637054 0.155044 1.617887 0.393757 1.000000
4.134911 0.869091 0.182669 0.038394 2.576187 0.541473 0.113809 1.605051 0.337356 1.000000
4.037612 0.713525 0.126094 0.022283 2.535613 0.448093 0.079187 1.592361 0.281401 1.000000
3.943055 0.563788 0.080612 0.011526 2.495870 0.356866 0.051026 1.579832 0.225888 1.000000
3.851246 0.419679 0.045733 0.004984 2.456975 0.267742 0.029176 1.567474 0.170811 1.000000
3.762162 0.280992 0.020987 0.001567 2.418939 0.180668 0.013494 1.555294 0.116163 1.000000
3.675757 0.147522 0.005921 0.000238 2.381759 0.095589 0.003836 1.543295 0.061938 1.000000
3.591963 0.019069 0.000101 0.000001 2.345423 0.012452 0.000066 1.531477 0.008130 1.000000
3.510695 -0.104563 0.003114 -0.000093 2.309912 -0.068799 0.002049 1.519839 -0.045267 1.000000
3.431852 -0.223562 0.014564 -0.000949 2.275197 -0.148214 0.009655 1.508376 -0.098260 1.000000
3.355321 -0.338104 0.034070 -0.003433 2.241245 -0.225842 0.022757 1.497079 -0.150855 1.000000
3.280975 -0.448354 0.061269 -0.008373 2.208015 -0.301731 0.041232 1.485939 -0.203058 1.000000
3.208682 -0.554466 0.095813 -0.016557 2.175460 -0.375923 0.064960 1.474944 -0.254873 1.000000
3.138300 -0.656575 0.137364 -0.028738 2.143530 -0.448456 0.093823 1.464080 -0.306305 1.000000
3.069682 -0.754805 0.185599 -0.045637 2.112170 -0.519362 0.127706 1.453331 -0.357360 1.000000
3.002676 -0.849261 0.240201 -0.067937 2.081321 -0.588670 0.166496 1.442678 -0.408040 1.000000
2.937128 -0.940035 0.300860 -0.096291 2.050919 -0.656402 0.210083 1.432103 -0.458348 1.000000
2.872881 -1.027199 0.367275 -0.131319 2.020901 -0.722573 0.258356 1.421584 -0.508287 1.000000
2.809777 -1.110809 0.439144 -0.173610 1.991199 -0.787194 0.311207 1.411098 -0.557859 1.000000
2.747660 -1.190904 0.516167 -0.223720 1.961742 -0.850268 0.368527 1.400622 -0.607064 1.000000
2.686372 -1.267507 0.598046 -0.282175 1.932461 -0.911790 0.430208 1.390130 -0.655903 1.000000
2.625761 -1.340622 0.684474 -0.349469 1.903284 -0.971750 0.496141 1.379595 -0.704373 1.000000
2.565676 -1.410238 0.775145 -0.426063 1.874136 -1.030130 0.566217 1.368991 -0.752474 1.000000
2.505969 -1.476329 0.869742 -0.512387 1.844946 -1.086904 0.640322 1.358288 -0.800201 1.000000
2.446499 -1.538851 0.967939 -0.608835 1.815641 -1.142040 0.718345 1.347457 -0.847552 1.000000
2.387130 -1.597748 1.069400 -0.715768 1.786148 -1.195500 0.800169 1.336468 -0.894521 1.000000
2.327735 -1.652949 1.173776 -0.833511 1.756396 -1.247235 0.885675 1.325291 -0.941103 1.000000
2.268192 -1.704372 1.280704 -0.962350 1.726314 -1.297192 0.974740 1.313893 -0.987289 1.000000
2.208391 -1.751922 1.389804 -1.102535 1.695836 -1.345311 1.067239 1.302243 -1.033072 1.000000
2.148230 -1.795495 1.500679 -1.254271 1.664896 -1.391524 1.163039 1.290309 -1.078443 1.000000
2.087618 -1.834980 1.612916 -1.417725 1.633431 -1.435757 1.262006 1.278057 -1.123390 1.000000
2.026479 -1.870258 1.726080 -1.593016 1.601381 -1.477931 1.363997 1.265457 -1.167903 1.000000
1.964748 -1.901205 1.839718 -1.780218 1.568693 -1.517959 1.468866 1.252475 -1.211968 1.000000
1.902374 -1.927696 1.953356 -1.979357 1.535314 -1.555751 1.576459 1.239078 -1.255571 1.000000
1.839322 -1.949606 2.066501 -2.190406 1.501200 -1.591210 1.686617 1.225235 -1.298698 1.000000
1.775574 -1.966809 2.178641 -2.413287 1.466310 -1.624237 1.799172 1.210913 -1.341332 1.000000
1.711127 -1.979187 2.289241 -2.647867 1.430611 -1.654726 1.913951 1.196082 -1.383456 1.000000
1.645998 -1.986629 2.397752 -2.893955 1.394075 -1.682572 2.030772 1.180710 -1.425052 1.000000
1.580219 -1.989031 2.503605 -3.151302 1.356683 -1.707664 2.149447 1.164767 -1.466099 1.000000
1.513845 -1.986305 2.606217 -3.419598 1.318422 -1.729891 2.269778 1.148225 -1.506578 1.000000
1.446947 -1.978378 2.704991 -3.698473 1.279288 -1.749142 2.391562 1.131056 -1.546468 1.000000
1.379616 -1.965194 2.799320 -3.987491 1.239288 -1.765303 2.514586 1.113233 -1.585745 1.000000
1.311962 -1.946720 2.888588 -4.286153 1.198434 -1.778264 2.638630 1.094730 -1.624386 1.000000
1.244115 -1.922947 2.972174 -4.593895 1.156752 -1.787916 2.763466 1.075524 -1.662367 1.000000
1.176220 -1.893893 3.049456 -4.910089 1.114275 -1.794152 2.888858 1.055592 -1.699664 1.000000
1.108442 -1.859606 3.119816 -5.234039 1.071048 -1.796870 3.014565 1.034914 -1.736250 1.000000
1.040962 -1.820167 3.182641 -5.564986 1.027125 -1.795972 3.140336 1.013472 -1.772099 1.000000
0.973973 -1.775689 3.237331 -5.902109 0.982573 -1.791368 3.265914 0.991248 -1.807184 1.000000
0.907683 -1.726325 3.283302 -6.244521 0.937467 -1.782972 3.391039 0.968229 -1.841477 1.000000
0.842309 -1.672262 3.319991 -6.591277 0.891896 -1.770708 3.515440 0.944403 -1.874951 1.000000
0.778078 -1.613728 3.346863 -6.941375 0.845958 -1.754511 3.638846 0.919760 -1.907576 1.000000
0.715220 -1.550994 3.363417 -7.293757 0.799760 -1.734324 3.760979 0.894293 -1.939324 1.000000
0.653969 -1.484366 3.369186 -7.647315 0.753421 -1.710102 3.881557 0.867998 -1.970167 1.000000
0.594558 -1.414194 3.363750 -8.000894 0.707070 -1.681812 4.000298 0.840875 -2.000074 1.000000
0.537216 -1.340865 3.346737 -8.353297 0.660844 -1.649436 4.116916 0.812923 -2.029018 1.000000
0.482164 -1.264808 3.317829 -8.703292 0.614889 -1.612970 4.231124 0.784149 -2.056970 1.000000
0.429613 -1.186483 3.276769 -9.049616 0.569357 -1.572422 4.342636 0.754558 -2.083899 1.000000
0.379757 -1.106388 3.223364 -9.390982 0.524410 -1.527820 4.451168 0.724161 -2.109779 1.000000
0.332773 -1.025050 3.157487 -9.726086 0.480211 -1.479207 4.556437 0.692973 -2.134581 1.000000
0.288816 -0.943022 3.079087 -10.053616 0.436932 -1.426641 4.658165 0.661009 -2.158278 1.000000
0.248015 -0.860881 2.988190 -10.372257 0.394747 -1.370199 4.756077 0.628289 -2.180843 1.000000
0.210470 -0.779221 2.884897 -10.680701 0.353830 -1.309977 4.849904 0.594836 -2.202250 1.000000
0.176252 -0.698650 2.769393 -10.977657 0.314357 -1.246086 4.939388 0.560675 -2.222473 1.000000
0.145396 -0.619780 2.641946 -11.261856 0.276504 -1.178656 5.024274 0.525836 -2.241489 1.000000
0.117901 -0.543227 2.502904 -11.532060 0.240443 -1.107836 5.104320 0.490350 -2.259274 1.000000
0.093732 -0.469600 2.352702 -11.787075 0.206344 -1.033788 5.179296 0.454251 -2.275807 1.000000
0.072813 -0.399494 2.191854 -12.025755 0.174371 -0.956696 5.248980 0.417577 -2.291065 1.000000
0.055031 -0.333489 2.020952 -12.247012 0.144679 -0.876757 5.313167 0.380367 -2.305031 1.000000
0.040235 -0.272137 1.840669 -12.449826 0.117418 -0.794184 5.371664 0.342663 -2.317685 1.000000
0.028236 -0.215959 1.651746 -12.633250 0.092726 -0.709205 5.424296 0.304509 -2.329012 1.000000
0.018811 -0.165438 1.454995 -12.796419 0.070730 -0.622060 5.470902 0.265952 -2.338996 1.000000
0.011703 -0.121013 1.251291 -12.938556 0.051547 -0.533003 5.511340 0.227039 -2.347624 1.000000
0.006626 -0.083073 1.041562 -13.058979 0.035277 -0.442299 5.545484 0.187822 -2.354885 1.000000
0.003265 -0.051955 0.826788 -13.157107 0.022008 -0.350220 5.573230 0.148350 -2.360769 1.000000
0.001284 -0.027935 0.607990 -13.232464 0.011811 -0.257049 5.594490 0.108677 -2.365267 1.000000
0.000326 -0.011228 0.386221 -13.284681 0.004741 -0.163074 5.609198 0.068855 -2.368375 1.000000
0.000024 -0.001985 0.162561 -13.313504 0.000837 -0.068588 5.617308 0.028939 -2.370086 1.000000
-0.000001 -0.000288 -0.061898 -13.318791 0.000121 0.026113 5.618795 -0.011016 -2.370400 1.000000
-0.000132 -0.006152 -0.286052 -13.300516 0.002597 0.120732 5.613654 -0.050956 -2.369315 1.000000
-0.000749 -0.019525 -0.508804 -13.258769 0.008250 0.214973 5.601902 -0.090827 -2.366834 1.000000
-0.002226 -0.040287 -0.729067 -13.193755 0.017049 0.308540 5.583574 -0.130574 -2.362959 1.000000
-0.004925 -0.068252 -0.945775 -13.105790 0.028948 0.401144 5.558728 -0.170142 -2.357696 1.000000
-0.009192 -0.103169 -1.157890 -12.995303 0.043882 0.492499 5.527443 -0.209480 -2.351051 1.000000
-0.015352 -0.144729 -1.364416 -12.862828 0.061770 0.582328 5.489814 -0.248536 -2.343035 1.000000
-0.023704 -0.192567 -1.564397 -12.709004 0.082517 0.670363 5.445959 -0.287258 -2.333658 1.000000
-0.034518 -0.246265 -1.756936 -12.534565 0.106015 0.756344 5.396011 -0.325599 -2.322932 1.000000
-0.048034 -0.305358 -1.941191 -12.340338 0.132140 0.840026 5.340124 -0.363511 -2.310871 1.000000
-0.064456 -0.369343 -2.116389 -12.127232 0.160759 0.921174 5.278467 -0.400948 -2.297491 1.000000
-0.083951 -0.437679 -2.281826 -11.896238 0.191728 0.999569 5.211224 -0.437868 -2.282811 1.000000
-0.106651 -0.509799 -2.436873 -11.648413 0.224893 1.075005 5.138596 -0.474229 -2.266847 1.000000
-0.132647 -0.585114 -2.580979 -11.384878 0.260095 1.147295 5.060797 -0.509995 -2.249622 1.000000
-0.161993 -0.663020 -2.713676 -11.106806 0.297165 1.216265 4.978052 -0.545128 -2.231155 1.000000
-0.194705 -0.742904 -2.834576 -10.815419 0.335932 1.281761 4.890601 -0.579597 -2.211470 1.000000
-0.230764 -0.824151 -2.943374 -10.511969 0.376223 1.343644 4.798690 -0.613370 -2.190591 1.000000
-0.270115 -0.906151 -3.039850 -10.197741 0.417862 1.401794 4.702578 -0.646422 -2.168543 1.000000
-0.312671 -0.988302 -3.123865 -9.874037 0.460672 1.456109 4.602529 -0.678728 -2.145350 1.000000
-0.358314 -1.070020 -3.195357 -9.542168 0.504479 1.506504 4.498814 -0.710267 -2.121041 1.000000
-0.406902 -1.150739 -3.254347 -9.203450 0.549111 1.552912 4.391711 -0.741020 -2.095641 1.000000
-0.458268 -1.229922 -3.300925 -8.859190 0.594401 1.595283 4.281501 -0.770974 -2.069179 1.000000
-0.512223 -1.307055 -3.335256 -8.510684 0.640186 1.633583 4.168466 -0.800116 -2.041682 1.000000
-0.568564 -1.381663 -3.357570 -8.159207 0.686309 1.667794 4.052894 -0.828437 -2.013180 1.000000
-0.627074 -1.453301 -3.368156 -7.806005 0.732621 1.697915 3.935071 -0.855933 -1.983701 1.000000
-0.687529 -1.521565 -3.367365 -7.452292 0.778982 1.723959 3.815281 -0.882599 -1.953275 1.000000
-0.749695 -1.586087 -3.355594 -7.099243 0.825258 1.745951 3.693811 -0.908437 -1.921929 1.000000
-0.813339 -1.646540 -3.333291 -6.747986 0.871327 1.763932 3.570942 -0.933449 -1.889694 1.000000
-0.878228 -1.702639 -3.300942 -6.399603 0.917075 1.777953 3.446953 -0.957640 -1.856597 1.000000
-0.944135 -1.754138 -3.259067 -6.055122 0.962401 1.788075 3.322119 -0.981020 -1.822668 1.000000
-1.010837 -1.800829 -3.208218 -5.715513 1.007211 1.794370 3.196712 -1.003599 -1.787935 1.000000
-1.078121 -1.842545 -3.148969 -5.381690 1.051425 1.796920 3.070995 -1.025390 -1.752425 1.000000
-1.145789 -1.879155 -3.081914 -5.054503 1.094972 1.795813 2.945228 -1.046409 -1.716167 1.000000
-1.213652 -1.910564 -3.007661 -4.734740 1.137792 1.791142 2.819664 -1.066673 -1.679186 1.000000
-1.281540 -1.936710 -2.926826 -4.423125 1.179836 1.783010 2.694549 -1.086202 -1.641508 1.000000
-1.349298 -1.957561 -2.840030 -4.120315 1.221064 1.771520 2.570121 -1.105018 -1.603160 1.000000
-1.416789 -1.973116 -2.747895 -3.826905 1.261450 1.756781 2.446612 -1.123143 -1.564165 1.000000
-1.483893 -1.983396 -2.651039 -3.543422 1.300974 1.738902 2.324245 -1.140602 -1.524548 1.000000
-1.550513 -1.988447 -2.550075 -3.270331 1.339626 1.717997 2.203236 -1.157422 -1.484330 1.000000
-1.616566 -1.988335 -2.445603 -3.008030 1.377407 1.694176 2.083794 -1.173630 -1.443535 1.000000
-1.681992 -1.983143 -2.338213 -2.756856 1.414325 1.667552 1.966117 -1.189254 -1.402183 1.000000
-1.746748 -1.972966 -2.228481 -2.517087 1.450397 1.638235 1.850399 -1.204324 -1.360294 1.000000
-1.810810 -1.957913 -2.116965 -2.288938 1.485646 1.606333 1.736825 -1.218871 -1.317886 1.000000
-1.874173 -1.938099 -2.004206 -2.072568 1.520104 1.571953 1.625571 -1.232925 -1.274979 1.000000
-1.936848 -1.913648 -1.890727 -1.868080 1.553807 1.535195 1.516807 -1.246518 -1.231587 1.000000
-1.998862 -1.884685 -1.777029 -1.675523 1.586799 1.496159 1.410696 -1.259682 -1.187727 1.000000
-2.060260 -1.851334 -1.663595 -1.494894 1.619128 1.454937 1.307396 -1.272450 -1.143414 1.000000
-2.121099 -1.813722 -1.550888 -1.326142 1.650849 1.411617 1.207054 -1.284854 -1.098660 1.000000
-2.181452 -1.771968 -1.439349 -1.169167 1.682017 1.366283 1.109816 -1.296926 -1.053478 1.000000
-2.241403 -1.726189 -1.329403 -1.023823 1.712695 1.319011 1.015820 -1.308700 -1.007879 1.000000
-2.301048 -1.676491 -1.221453 -0.889922 1.742946 1.269870 0.925198 -1.320207 -0.961872 1.000000
-2.360495 -1.622974 -1.115886 -0.767235 1.772837 1.218925 0.838080 -1.331479 -0.915467 1.000000
-2.419860 -1.565725 -1.013073 -0.655490 1.802437 1.166233 0.754589 -1.342549 -0.868671 1.000000
-2.479268 -1.504821 -0.913369 -0.554380 1.831818 1.111844 0.674847 -1.353447 -0.821491 1.000000
-2.538852 -1.440326 -0.817117 -0.463562 1.861051 1.055800 0.598970 -1.364203 -0.773931 1.000000
-2.598750 -1.372287 -0.724645 -0.382654 1.890208 0.998137 0.527073 -1.374848 -0.725998 1.000000
-2.659107 -1.300739 -0.636275 -0.311243 1.919363 0.938883 0.459268 -1.385411 -0.677693 1.000000
-2.720072 -1.225701 -0.552317 -0.248881 1.948589 0.878060 0.395666 -1.395919 -0.629020 1.000000
-2.781797 -1.147174 -0.473078 -0.195091 1.977958 0.815682 0.336376 -1.406399 -0.579979 1.000000
-2.844439 -1.065144 -0.398860 -0.149359 2.007541 0.751755 0.281506 -1.416877 -0.530572 1.000000
-2.908154 -0.979581 -0.329961 -0.111144 2.037409 0.686280 0.231166 -1.427378 -0.480797 1.000000
-2.973099 -0.890435 -0.266683 -0.079871 2.067630 0.619249 0.185463 -1.437926 -0.430655 1.000000
-3.039431 -0.797640 -0.209325 -0.054933 2.098271 0.550651 0.144508 -1.448541 -0.380142 1.000000
-3.107307 -0.701115 -0.158196 -0.035694 2.129395 0.480465 0.108409 -1.459245 -0.329256 1.000000
-3.176880 -0.600761 -0.113606 -0.021483 2.161062 0.408666 0.077280 -1.470055 -0.277993 1.000000
-3.248298 -0.496461 -0.075878 -0.011597 2.193329 0.335223 0.051235 -1.480989 -0.226350 1.000000
-3.321705 -0.388086 -0.045341 -0.005297 2.226251 0.260100 0.030388 -1.492063 -0.174323 1.000000
-3.397240 -0.275488 -0.022340 -0.001812 2.259874 0.183257 0.014861 -1.503288 -0.121904 1.000000
-3.475031 -0.158510 -0.007230 -0.000330 2.294242 0.104650 0.004773 -1.514675 -0.069090 1.000000
0.252446 1.569160 9.753618 60.626744 0.399435 2.482815 15.432733 0.632008 3.928452 1.000000
0.429133 2.217278 11.456394 59.193728 0.568934 2.939608 15.188578 0.754277 3.897253 1.000000
0.668472 2.951507 13.031788 57.539253 0.764520 3.375587 14.904228 0.874369 3.860599 1.000000
0.976143 3.757618 14.464786 55.681557 0.984031 3.787985 14.581681 0.991983 3.818597 1.000000
1.356017 4.620350 15.742903 53.640735 1.225114 4.174328 14.223173 1.106849 3.771362 1.000000
1.810146 5.523803 16.856320 51.438389 1.485282 4.532457 13.831148 1.218722 3.719025 1.000000
2.338815 6.451832 17.797957 49.097263 1.761965 4.860539 13.408232 1.327390 3.661725 1.000000
2.940658 7.388426 18.563475 46.640870 2.052562 5.157078 12.957198 1.432677 3.599611 1.000000
3.612830 8.318058 19.151220 44.093128 2.354498 5.420918 12.480939 1.534437 3.532837 1.000000
4.351216 9.225991 19.562098 41.478003 2.665265 5.651228 11.982439 1.632564 3.461566 1.000000
5.150681 10.098539 19.799418 38.819175 2.982472 5.847501 11.464740 1.726984 3.385962 1.000000
6.005332 10.923277 19.868675 36.139726 3.303883 6.009532 10.930916 1.817659 3.306194 1.000000
6.908787 11.689194 19.777315 33.461863 3.627448 6.137393 10.384049 1.904586 3.222429 1.000000
7.854447 12.386787 19.534473 30.806670 3.951334 6.231417 9.827201 1.987796 3.134837 1.000000
8.835750 13.008104 19.150696 28.193899 4.273945 6.292157 9.263393 2.067352 3.043582 1.000000
9.846405 13.546735 18.637668 25.641799 4.593938 6.320364 8.695589 2.143347 2.948828 1.000000
10.880602 13.997757 18.007936 23.166981 4.910231 6.316950 8.126676 2.215904 2.850733 1.000000
11.933187 14.357634 17.274653 20.784317 5.222009 6.282957 7.559455 2.285172 2.749446 1.000000
12.999811 14.624097 16.451333 18.506877 5.528721 6.219518 6.996628 2.351323 2.645114 1.000000
14.077040 14.795981 15.551641 16.345894 5.830076 6.127829 6.440790 2.414555 2.537871 1.000000
15.162439 14.873057 14.589198 14.310757 6.126034 6.009116 5.894429 2.475083 2.427845 1.000000
16.254624 14.855840 13.577428 12.409029 6.416792 5.864598 5.359923 2.533139 2.315151 1.000000
17.353288 14.745400 12.529430 10.646481 6.702773 5.695466 4.839540 2.588971 2.199895 1.000000
18.459209 14.543161 11.457887 9.027142 6.984608 5.502851 4.335443 2.642841 2.082173 1.000000
19.574236 14.250714 10.375008 7.553361 7.263120 5.287800 3.849699 2.695018 1.962065 1.000000
20.701264 13.869623 9.292497 6.225873 7.539304 5.051252 3.384284 2.745779 1.839642 1.000000
21.844201 13.401249 8.221563 5.043865 7.814313 4.794020 2.941094 2.795409 1.714962 1.000000
22.708316 12.771198 7.182545 4.039476 8.019057 4.509932 2.536394 2.831794 1.592606 1.000000
22.025859 11.739147 6.256626 3.334601 7.857576 4.187861 2.232009 2.803137 1.493991 1.000000
21.330604 10.740189 5.407801 2.722886 7.691342 3.872673 1.949933 2.773327 1.396400 1.000000
20.630584 9.777781 4.634140 2.196332 7.522133 3.565084 1.689657 2.742651 1.299868 1.000000
19.932561 8.854293 3.933188 1.747171 7.351491 3.265624 1.450631 2.711363 1.204421 1.000000
19.242130 7.971168 3.302104 1.367916 7.180733 2.974662 1.232271 2.679689 1.110077 1.000000
18.563829 7.129077 2.737783 1.051392 7.010974 2.692428 1.033975 2.647824 1.016845 1.000000
17.901253 6.328058 2.236956 0.790760 6.843143 2.419038 0.855125 2.615940 0.924730 1.000000
17.257168 5.567636 1.796272 0.579527 6.677999 2.154506 0.695103 2.584182 0.833728 1.000000
16.633615 4.846934 1.412367 0.411555 6.516150 1.898767 0.553289 2.552675 0.743834 1.000000
16.032011 4.164770 1.081917 0.281059 6.358071 1.651689 0.429073 2.521521 0.655037 1.000000
15.453244 3.519733 0.801678 0.182595 6.204114 1.413090 0.321855 2.490806 0.567322 1.000000
14.897750 2.910258 0.568515 0.111059 6.054530 1.182745 0.231048 2.460596 0.480674 1.000000
14.365593 2.334682 0.379430 0.061665 5.909477 0.960402 0.156084 2.430942 0.395074 1.000000
13.856524 1.791293 0.231568 0.029936 5.769031 0.745788 0.096411 2.401881 0.310502 1.000000
13.370046 1.278373 0.122231 0.011687 5.633201 0.538617 0.051500 2.373437 0.226935 1.000000
12.905457 0.794225 0.048878 0.003008 5.501937 0.338599 0.020838 2.345621 0.144354 1.000000
12.461895 0.337207 0.009124 0.000247 5.375135 0.145446 0.003936 2.318434 0.062735 1.000000
12.038373 -0.094253 0.000738 -0.000006 5.252651 -0.041125 0.000322 2.291866 -0.017944 1.000000
11.633811 -0.501637 0.021630 -0.000933 5.134301 -0.221385 0.009546 2.265900 -0.097703 1.000000
11.247064 -0.886327 0.069847 -0.005504 5.019873 -0.395592 0.031175 2.240507 -0.176564 1.000000
10.876937 -1.249594 0.143559 -0.016493 4.909129 -0.563984 0.064793 2.215655 -0.254545 1.000000
10.522210 -1.592592 0.241047 -0.036484 4.801806 -0.726779 0.110002 2.191302 -0.331665 1.000000
10.181652 -1.916358 0.360691 -0.067888 4.697630 -0.884173 0.166416 2.167402 -0.407941 1.000000
9.854029 -2.221801 0.500952 -0.112950 4.596309 -1.036336 0.233664 2.143900 -0.483388 1.000000
9.538121 -2.509711 0.660366 -0.173758 4.497542 -1.183412 0.311384 2.120741 -0.558018 1.000000
9.232730 -2.780755 0.837520 -0.252248 4.401021 -1.325519 0.399226 2.097861 -0.631843 1.000000
8.936685 -3.035480 1.031046 -0.350210 4.306432 -1.462745 0.496843 2.075195 -0.704871 1.000000
8.648851 -3.274316 1.239603 -0.469294 4.213461 -1.595148 0.603898 2.052672 -0.777108 1.000000
8.368139 -3.497582 1.461864 -0.611007 4.121791 -1.722761 0.720052 2.030219 -0.848559 1.000000
8.093506 -3.705490 1.696503 -0.776719 4.031108 -1.845583 0.844972 2.007762 -0.919224 1.000000
7.823966 -3.898152 1.942185 -0.967659 3.941105 -1.963585 0.978321 1.985222 -0.989101 1.000000
7.558593 -4.075584 2.197550 -1.184916 3.851477 -2.076712 1.119761 1.962518 -1.058187 1.000000
7.296529 -4.237721 2.461208 -1.429435 3.761931 -2.184877 1.268945 1.939570 -1.126475 1.000000
7.036986 -4.384417 2.731725 -1.702010 3.672184 -2.287966 1.425525 1.916294 -1.193953 1.000000
6.779257 -4.515463 3.007617 -2.003285 3.581965 -2.385842 1.589139 1.892608 -1.260611 1.000000
6.522716 -4.630594 3.287343 -2.333744 3.491020 -2.478338 1.759417 1.868427 -1.326430 1.000000
6.266829 -4.729500 3.569297 -2.693705 3.399110 -2.565267 1.935976 1.843668 -1.391394 1.000000
6.011155 -4.811842 3.851808 -3.083316 3.306019 -2.646419 2.118420 1.818246 -1.455479 1.000000
5.755357 -4.877261 4.133137 -3.502544 3.211551 -2.721564 2.306335 1.792080 -1.518662 1.000000
5.499199 -4.925400 4.411473 -3.951170 3.115537 -2.790455 2.499293 1.765088 -1.580915 1.000000
5.242556 -4.955911 4.684939 -4.428783 3.017834 -2.852830 2.696847 1.737192 -1.642208 1.000000
4.985418 -4.968478 4.951595 -4.934769 2.918330 -2.908413 2.898531 1.708312 -1.702507 1.000000
4.727888 -4.962827 5.209441 -5.468309 2.816943 -2.956923 3.103860 1.678375 -1.761777 1.000000
4.470186 -4.938750 5.456429 -6.028372 2.713628 -2.998071 3.312328 1.647309 -1.819980 1.000000
4.212648 -4.896117 5.690473 -6.613707 2.608376 -3.031564 3.523411 1.615047 -1.877075 1.000000
3.955728 -4.834894 5.909457 -7.222844 2.501214 -3.057113 3.736562 1.581523 -1.933019 1.000000
3.699986 -4.755162 6.111258 -7.854091 2.392214 -3.074435 3.951215 1.546678 -1.987766 1.000000
3.446090 -4.657129 6.293756 -8.505533 2.281486 -3.083255 4.166784 1.510459 -2.041270 1.000000
3.194806 -4.541146 6.454856 -9.175031 2.169184 -3.083311 4.382666 1.472815 -2.093482 1.000000
2.946985 -4.407723 6.592509 -9.860232 2.055505 -3.074362 4.598238 1.433703 -2.144350 1.000000
2.703553 -4.257535 6.704735 -10.558568 1.940692 -3.056187 4.812861 1.393087 -2.193823 1.000000
2.465497 -4.091437 6.789648 -11.267270 1.825028 -3.028594 5.025884 1.350936 -2.241848 1.000000
2.233844 -3.910464 6.845477 -11.983376 1.708842 -2.991420 5.236641 1.307227 -2.288371 1.000000
2.009646 -3.715840 6.870596 -12.703745 1.592501 -2.944538 5.444456 1.261943 -2.333336 1.000000
1.793958 -3.508977 6.863547 -13.425075 1.476414 -2.887861 5.648648 1.215078 -2.376688 1.000000
1.587814 -3.291468 6.823068 -14.143919 1.361026 -2.821347 5.848527 1.166630 -2.418373 1.000000
1.392203 -3.065085 6.748117 -14.856712 1.246814 -2.744996 6.043406 1.116608 -2.458334 1.000000
1.208047 -2.831764 6.637896 -15.559789 1.134286 -2.658862 6.232598 1.065029 -2.496517 1.000000
1.036177 -2.593593 6.491870 -16.249417 1.023975 -2.563051 6.415421 1.011916 -2.532868 1.000000
0.877306 -2.352789 6.309792 -16.921820 0.916433 -2.457722 6.591203 0.957305 -2.567334 1.000000
0.732009 -2.111679 6.091715 -17.573213 0.812227 -2.343091 6.759285 0.901237 -2.599863 1.000000
0.600702 -1.872674 5.838009 -18.199833 0.711934 -2.219434 6.919025 0.843762 -2.630404 1.000000
0.483624 -1.638233 5.549366 -18.797971 0.616130 -2.087083 7.069803 0.784939 -2.658910 1.000000
0.380820 -1.410842 5.226811 -19.364012 0.525388 -1.946428 7.211023 0.724836 -2.685335 1.000000
0.292130 -1.192967 4.871698 -19.894462 0.440269 -1.797917 7.342120 0.663528 -2.709635 1.000000
0.217185 -0.987031 4.485711 -20.385988 0.361316 -1.642054 7.462560 0.601095 -2.731769 1.000000
0.155399 -0.795366 4.070848 -20.835450 0.289045 -1.479394 7.571849 0.537629 -2.751699 1.000000
0.105975 -0.620184 3.629416 -21.239936 0.223942 -1.310546 7.669531 0.473225 -2.769392 1.000000
0.067910 -0.463538 3.164006 -21.596788 0.166452 -1.136164 7.755196 0.407985 -2.784815 1.000000
0.040008 -0.327291 2.677471 -21.903637 0.116975 -0.956943 7.828481 0.342017 -2.797942 1.000000
0.020895 -0.213079 2.172902 -22.158425 0.075863 -0.773619 7.889072 0.275432 -2.808749 1.000000
0.009044 -0.122291 1.653589 -22.359430 0.043408 -0.586958 7.936710 0.208347 -2.817217 1.000000
0.002796 -0.056036 1.122993 -22.505284 0.019848 -0.397755 7.971187 0.140882 -2.823329 1.000000
0.000392 -0.015131 0.584703 -22.594989 0.005352 -0.206823 7.992355 0.073158 -2.827075 1.000000
0.000000 -0.000079 0.042397 -22.627931 0.000028 -0.014989 8.000121 0.005300 -2.828449 1.000000
-0.000245 -0.011069 -0.500200 -22.603883 0.003915 0.176909 7.994452 -0.062568 -2.827446 1.000000
-0.002213 -0.047963 -1.039361 -22.523009 0.016984 0.368037 7.975372 -0.130321 -2.824070 1.000000
-0.007743 -0.110306 -1.571398 -22.385866 0.039139 0.557564 7.942964 -0.197835 -2.818326 1.000000
-0.018607 -0.197329 -2.092704 -22.193391 0.070218 0.744675 7.897369 -0.264987 -2.810226 1.000000
-0.036481 -0.307968 -2.599797 -21.946896 0.109997 0.928571 7.838785 -0.331658 -2.799783 1.000000
-0.062917 -0.440877 -3.089357 -21.648048 0.158190 1.108482 7.767462 -0.397731 -2.787017 1.000000
-0.099312 -0.594455 -3.558260 -21.298854 0.214454 1.283667 7.683708 -0.463091 -2.771950 1.000000
-0.146891 -0.766874 -4.003613 -20.901638 0.278397 1.453423 7.587876 -0.527633 -2.754610 1.000000
-0.206689 -0.956107 -4.422784 -20.459012 0.349579 1.617090 7.480370 -0.591252 -2.735027 1.000000
-0.279536 -1.159967 -4.813419 -19.973852 0.427522 1.774052 7.361640 -0.653852 -2.713234 1.000000
-0.366049 -1.376135 -5.173472 -19.449265 0.511713 1.923746 7.232173 -0.715341 -2.689270 1.000000
-0.466634 -1.602202 -5.501208 -18.888555 0.601614 2.065658 7.092497 -0.775638 -2.663174 1.000000
-0.581482 -1.835706 -5.795221 -18.295192 0.696665 2.199333 6.943173 -0.834665 -2.634990 1.000000
-0.710578 -2.074162 -6.054436 -17.672777 0.796296 2.324371 6.784792 -0.892354 -2.604763 1.000000
-0.853713 -2.315103 -6.278108 -17.025005 0.899928 2.440430 6.617971 -0.948646 -2.572542 1.000000
-1.010499 -2.556111 -6.465819 -16.355633 1.006987 2.547227 6.443348 -1.003487 -2.538375 1.000000
-1.180383 -2.794842 -6.617464 -15.668445 1.116903 2.644537 6.261580 -1.056836 -2.502315 1.000000
-1.362673 -3.029061 -6.733248 -14.967221 1.229120 2.732190 6.073338 -1.108657 -2.464414 1.000000
-1.556554 -3.256659 -6.813660 -14.255702 1.343103 2.810073 5.879302 -1.158923 -2.424727 1.000000
-1.761118 -3.475674 -6.859458 -13.537564 1.458340 2.878125 5.680157 -1.207618 -2.383308 1.000000
-1.975383 -3.684309 -6.871649 -12.816392 1.574348 2.936336 5.476594 -1.254730 -2.340212 1.000000
-2.198321 -3.880942 -6.851461 -12.095651 1.690677 2.984742 5.269299 -1.300260 -2.295495 1.000000
-2.428879 -4.064132 -6.800324 -11.378669 1.806913 3.023424 5.058957 -1.344215 -2.249212 1.000000
-2.666004 -4.232626 -6.719839 -10.668611 1.922681 3.052504 4.846244 -1.386608 -2.201419 1.000000
-2.908663 -4.385359 -6.611755 -9.968469 2.037647 3.072137 4.631827 -1.427462 -2.152168 1.000000
-3.155862 -4.521448 -6.477944 -9.281043 2.151520 3.082513 4.416360 -1.466806 -2.101514 1.000000
-3.406663 -4.640192 -6.320371 -8.608932 2.264051 3.083847 4.200486 -1.504676 -2.049509 1.000000
-3.660204 -4.741054 -6.141078 -7.954525 2.375036 3.076379 3.984827 -1.541115 -1.996203 1.000000
-3.915704 -4.823661 -5.942152 -7.319993 2.484314 3.060367 3.769992 -1.576171 -1.941647 1.000000
-4.172481 -4.887782 -5.725710 -6.707286 2.591769 3.036084 3.556569 -1.609897 -1.885887 1.000000
-4.429954 -4.933318 -5.493878 -6.118133 2.697322 3.003812 3.345127 -1.642353 -1.828969 1.000000
-4.687656 -4.960286 -5.248772 -5.554036 2.800940 2.963840 3.136215 -1.673601 -1.770936 1.000000
-4.945230 -4.968802 -4.992485 -5.016282 2.902626 2.916461 2.930362 -1.703709 -1.711830 1.000000
-5.202440 -4.959063 -4.727072 -4.505934 3.002419 2.861963 2.728077 -1.732749 -1.651689 1.000000
-5.459162 -4.931334 -4.454540 -4.023846 3.100397 2.800630 2.529847 -1.760794 -1.590549 1.000000
-5.715390 -4.885925 -4.176839 -3.570661 3.196666 2.732739 2.336141 -1.787922 -1.528444 1.000000
-5.971232 -4.823180 -3.895857 -3.146824 3.291364 2.658554 2.147410 -1.814212 -1.465404 1.000000
-6.226905 -4.743457 -3.613413 -2.752583 3.384658 2.578324 1.964085 -1.839744 -1.401458 1.000000
-6.482732 -4.647114 -3.331260 -2.387997 3.476739 2.492283 1.786580 -1.864601 -1.336630 1.000000
-6.739138 -4.534495 -3.051079 -2.052949 3.567820 2.400642 1.615296 -1.888867 -1.270943 1.000000
-6.996643 -4.405915 -2.774486 -1.747145 3.658136 2.303595 1.450616 -1.912625 -1.204415 1.000000
-7.255858 -4.261647 -2.503030 -1.470127 3.747939 2.201310 1.292915 -1.935959 -1.137064 1.000000
-7.517479 -4.101910 -2.238206 -1.221276 3.837498 2.093929 1.142552 -1.958953 -1.068902 1.000000
-7.782280 -3.926859 -1.981453 -0.999821 3.927094 1.981571 0.999881 -1.981690 -0.999940 1.000000
-8.051110 -3.736575 -1.734169 -0.804840 4.017019 1.864325 0.865246 -2.004250 -0.930186 1.000000
-8.324884 -3.531052 -1.497718 -0.635266 4.107575 1.742253 0.738988 -2.026715 -0.859644 1.000000
-8.604580 -3.310195 -1.273437 -0.489893 4.199070 1.615388 0.621442 -2.049163 -0.788316 1.000000
-8.891231 -3.073808 -1.062653 -0.367372 4.291818 1.483734 0.512945 -2.071670 -0.716202 1.000000
-9.185921 -2.821589 -0.866692 -0.266217 4.386133 1.347265 0.413832 -2.094310 -0.643298 1.000000
-9.489776 -2.553126 -0.686892 -0.184801 4.482332 1.205925 0.324442 -2.117152 -0.569598 1.000000
-9.803964 -2.267890 -0.524617 -0.121356 4.580728 1.059631 0.245118 -2.140263 -0.495094 1.000000
-10.129677 -1.965233 -0.381270 -0.073969 4.681630 0.908271 0.176211 -2.163707 -0.419775 1.000000
-10.468135 -1.644386 -0.258308 -0.040576 4.785341 0.751705 0.118081 -2.187542 -0.343630 1.000000
-10.820568 -1.304455 -0.157256 -0.018958 4.892153 0.589765 0.071098 -2.211821 -0.266642 1.000000
-11.188210 -0.944426 -0.079721 -0.006729 5.002346 0.422261 0.035644 -2.236593 -0.188797 1.000000
-11.572283 -0.563162 -0.027406 -0.001334 5.116183 0.248978 0.012116 -2.261898 -0.110075 1.000000
-11.973986 -0.159409 -0.002122 -0.000028 5.233905 0.069679 0.000928 -2.287773 -0.030457 1.000000
-12.394475 0.268196 -0.005803 0.000126 5.355731 -0.115889 0.002508 -2.314245 0.050076 1.000000
-12.834841 0.721122 -0.040516 0.002276 5.481848 -0.307996 0.017305 -2.341335 0.131547 1.000000
-13.296086 1.200927 -0.108470 0.009797 5.612408 -0.506923 0.045786 -2.369052 0.213977 1.000000
-13.779096 1.709245 -0.212025 0.026301 5.747520 -0.712958 0.088440 -2.397399 0.297388 1.000000
-14.284598 2.247764 -0.353698 0.055656 5.887244 -0.926392 0.145773 -2.426364 0.381802 1.000000
-14.813128 2.818201 -0.536163 0.102005 6.031581 -1.147510 0.218314 -2.455928 0.467241 1.000000
-15.364974 3.422271 -0.762249 0.169777 6.180466 -1.376588 0.306610 -2.486054 0.553724 1.000000
-15.940125 4.061650 -1.034935 0.263708 6.333754 -1.613882 0.411228 -2.516695 0.641271 1.000000
-16.538209 4.737920 -1.357335 0.388854 6.491210 -1.859623 0.532751 -2.547785 0.729898 1.000000
-17.158414 5.452520 -1.732676 0.550601 6.652498 -2.113999 0.671777 -2.579244 0.819620 1.000000
-17.799411 6.206673 -2.164273 0.754684 6.817164 -2.377152 0.828915 -2.610970 0.910448 1.000000
-18.459263 7.001311 -2.655489 1.007186 6.984622 -2.649159 1.004785 -2.642844 1.002389 1.000000
-19.135323 7.836978 -3.209678 1.314541 7.154136 -2.930016 1.200004 -2.674722 1.095447 1.000000
-19.824134 8.713722 -3.830127 1.683537 7.324806 -3.219628 1.415191 -2.706438 1.189618 1.000000
-20.521312 9.630982 -4.519975 2.121297 7.495548 -3.517782 1.650952 -2.737800 1.284894 1.000000
-21.221434 10.587444 -5.282111 2.635262 7.665076 -3.824132 1.907872 -2.768587 1.381257 1.000000
-21.917929 11.580893 -6.119058 3.233159 7.831886 -4.138175 2.186510 -2.798551 1.478685 1.000000
-22.602968 12.608054 -7.032839 3.922955 7.994236 -4.459227 2.487380 -2.827408 1.577143 1.000000
-22.030936 13.322194 -8.055983 4.871485 7.858783 -4.752237 2.873697 -2.803352 1.695198 1.000000
-20.884735 13.804300 -9.124306 6.030944 7.583784 -5.012697 3.313270 -2.753867 1.820239 1.000000
-19.755156 14.199284 -10.205926 7.335647 7.307805 -5.252583 3.775365 -2.703295 1.943030 1.000000
-18.638135 14.505831 -11.289710 8.786642 7.029670 -5.471106 4.258094 -2.651353 2.063515 1.000000
-17.530613 14.722397 -12.364027 10.383443 6.748357 -5.667343 4.759496 -2.597760 2.181627 1.000000
-16.430575 14.847386 -13.416746 12.123958 6.463015 -5.840263 5.277517 -2.542246 2.297285 1.000000
-15.337073 14.879331 -14.435252 14.004426 6.172982 -5.988746 5.810010 -2.484549 2.410396 1.000000
-14.250242 14.817097 -15.406501 16.019350 5.877800 -6.111611 6.354723 -2.424417 2.520858 1.000000
-13.171298 14.660066 -16.317110 18.161452 5.577236 -6.207638 6.909295 -2.361617 2.628554 1.000000
-12.102516 14.408339 -17.153476 20.421629 5.271292 -6.275601 7.471255 -2.295930 2.733360 1.000000
-11.047177 14.062922 -17.901927 22.788934 4.960219 -6.314299 8.038025 -2.227155 2.835141 1.000000
-10.009496 13.625902 -18.548907 25.250583 4.644527 -6.322583 8.606917 -2.155116 2.933755 1.000000
-8.994508 13.100607 -19.081189 27.791977 4.324988 -6.299397 9.175146 -2.079661 3.029050 1.000000
-8.007934 12.491737 -19.486110 30.396771 4.002644 -6.243805 9.739836 -2.000661 3.120871 1.000000
-7.056006 11.805466 -19.751829 33.046961 3.678798 -6.155030 10.298035 -1.918019 3.209055 1.000000
-6.145258 11.049504 -19.867602 35.723015 3.355007 -6.032483 10.846728 -1.831668 3.293437 1.000000
-5.282304 10.233116 -19.824051 38.404042 3.033069 -5.875797 11.382857 -1.741571 3.373849 1.000000
-4.473577 9.367084 -19.613447 41.067989 2.715001 -5.684856 11.903343 -1.647726 3.450122 1.000000
