0.890997 -1.498797 2.521212 -0.943927 1.587832 1.000000
0.867329 -1.585287 2.897557 -0.931305 1.702221 1.000000
0.843153 -1.667011 3.295872 -0.918234 1.815454 1.000000
0.818521 -1.743842 3.715218 -0.904722 1.927490 1.000000
0.793483 -1.815662 4.154629 -0.890777 2.038291 1.000000
0.768089 -1.882361 4.613118 -0.876407 2.147817 1.000000
0.742389 -1.943842 5.089678 -0.861620 2.256031 1.000000
0.716435 -2.000015 5.583280 -0.846425 2.362896 1.000000
0.690278 -2.050800 6.092880 -0.830829 2.468376 1.000000
0.663966 -2.096125 6.617417 -0.814841 2.572434 1.000000
0.637551 -2.135931 7.155816 -0.798468 2.675036 1.000000
0.611083 -2.170164 7.706992 -0.781718 2.776147 1.000000
0.584611 -2.198781 8.269846 -0.764598 2.875734 1.000000
0.558184 -2.221749 8.843271 -0.747117 2.973764 1.000000
0.531851 -2.239043 9.426155 -0.729281 3.070204 1.000000
0.505662 -2.250645 10.017377 -0.711099 3.165024 1.000000
0.479663 -2.256549 10.615815 -0.692577 3.258192 1.000000
0.453902 -2.256754 11.220342 -0.673723 3.349678 1.000000
0.428427 -2.251271 11.829832 -0.654544 3.439452 1.000000
0.403284 -2.240117 12.443159 -0.635046 3.527486 1.000000
0.378518 -2.223318 13.059199 -0.615238 3.613751 1.000000
0.354175 -2.200906 13.676831 -0.595126 3.698220 1.000000
0.330299 -2.172925 14.294941 -0.574716 3.780865 1.000000
0.306934 -2.139423 14.912419 -0.554016 3.861660 1.000000
0.284124 -2.100458 15.528167 -0.533033 3.940580 1.000000
0.261910 -2.056093 16.141092 -0.511772 4.017598 1.000000
0.240335 -2.006400 16.750114 -0.490240 4.092690 1.000000
0.219439 -1.951457 17.354164 -0.468443 4.165833 1.000000
0.199263 -1.891352 17.952189 -0.446389 4.237002 1.000000
0.179846 -1.826175 18.543147 -0.424083 4.306175 1.000000
0.161227 -1.756027 19.126015 -0.401531 4.373330 1.000000
0.143443 -1.681013 19.699784 -0.378739 4.438444 1.000000
0.126532 -1.601245 20.263466 -0.355714 4.501496 1.000000
0.110530 -1.516842 20.816092 -0.332461 4.562466 1.000000
0.095472 -1.427927 21.356712 -0.308986 4.621332 1.000000
0.081393 -1.334631 21.884400 -0.285295 4.678077 1.000000
0.068326 -1.237090 22.398251 -0.261393 4.732679 1.000000
0.056305 -1.135445 22.897385 -0.237287 4.785121 1.000000
0.045361 -1.029844 23.380945 -0.212981 4.835385 1.000000
0.035525 -0.920438 23.848103 -0.188481 4.883452 1.000000
0.026828 -0.807385 24.298054 -0.163793 4.929306 1.000000
0.019299 -0.690847 24.730024 -0.138921 4.972929 1.000000
0.012967 -0.570990 25.143266 -0.113872 5.014306 1.000000
0.007859 -0.447988 25.537063 -0.088650 5.053421 1.000000
0.004002 -0.322016 25.910729 -0.063261 5.090258 1.000000
0.001422 -0.193254 26.263607 -0.037710 5.124803 1.000000
0.000144 -0.061888 26.595074 -0.012001 5.157041 1.000000
0.000718 0.137093 26.191199 0.026788 5.117734 1.000000
0.005896 0.385297 25.177133 0.076788 5.017682 1.000000
0.016075 0.623490 24.182595 0.126788 4.917580 1.000000
0.031254 0.851663 23.207617 0.176788 4.817428 1.000000
0.051433 1.069810 22.252227 0.226788 4.717227 1.000000
0.076612 1.277923 21.316457 0.276788 4.616975 1.000000
0.106790 1.475994 20.400336 0.326788 4.516673 1.000000
0.141969 1.664016 19.503894 0.376788 4.416321 1.000000
0.182148 1.841982 18.627161 0.426788 4.315919 1.000000
0.227327 2.009884 17.770168 0.476788 4.215468 1.000000
0.277505 2.167714 16.932945 0.526788 4.114966 1.000000
0.332684 2.315466 16.115521 0.576788 4.014414 1.000000
0.392863 2.453130 15.317927 0.626788 3.913812 1.000000
0.458042 2.580701 14.540193 0.676788 3.813161 1.000000
0.528221 2.698170 13.782350 0.726788 3.712459 1.000000
0.603399 2.805530 13.044427 0.776788 3.611707 1.000000
0.683578 2.902774 12.326455 0.826788 3.510905 1.000000
0.768757 2.989894 11.628464 0.876788 3.410053 1.000000
0.858936 3.066882 10.950484 0.926788 3.309152 1.000000
0.954115 3.133731 10.292546 0.976788 3.208200 1.000000
1.054293 3.190433 9.654680 1.026788 3.107198 1.000000
1.159472 3.236982 9.036915 1.076788 3.006146 1.000000
1.269651 3.273369 8.439283 1.126788 2.905044 1.000000
1.384830 3.299587 7.861814 1.176788 2.803893 1.000000
1.505009 3.315628 7.304538 1.226788 2.702691 1.000000
1.630187 3.321486 6.767485 1.276788 2.601439 1.000000
1.760366 3.317152 6.250687 1.326788 2.500137 1.000000
1.895545 3.302619 5.754172 1.376788 2.398786 1.000000
2.035724 3.277879 5.277972 1.426788 2.297384 1.000000
2.180903 3.242926 4.822117 1.476788 2.195932 1.000000
2.331081 3.197751 4.386638 1.526788 2.094430 1.000000
2.486260 3.142347 3.971564 1.576788 1.992878 1.000000
2.646439 3.076706 3.576927 1.626788 1.891277 1.000000
2.811618 3.000821 3.202757 1.676788 1.789625 1.000000
2.981796 2.914685 2.849084 1.726788 1.687923 1.000000
3.156975 2.818290 2.515939 1.776788 1.586171 1.000000
3.337154 2.711628 2.203353 1.826788 1.484369 1.000000
3.522333 2.594692 1.911355 1.876788 1.382518 1.000000
3.712512 2.467475 1.639977 1.926788 1.280616 1.000000
3.907690 2.329969 1.389249 1.976788 1.178664 1.000000
4.107869 2.182166 1.159202 2.026788 1.076662 1.000000
4.313048 2.024059 0.949866 2.076788 0.974610 1.000000
4.523227 1.855641 0.761271 2.126788 0.872509 1.000000
4.738406 1.676904 0.593450 2.176788 0.770357 1.000000
4.958584 1.487840 0.446431 2.226788 0.668155 1.000000
5.183763 1.288442 0.320247 2.276788 0.565903 1.000000
5.413942 1.078702 0.214926 2.326788 0.463602 1.000000
5.649121 0.858614 0.130501 2.376788 0.361250 1.000000
5.889300 0.628169 0.067002 2.426788 0.258848 1.000000
6.134478 0.387360 0.024460 2.476788 0.156396 1.000000
6.384657 0.136180 0.002905 2.526788 0.053894 1.000000
6.349943 -0.030581 0.000147 2.519909 -0.012136 1.000000
6.002055 -0.090610 0.001368 2.449909 -0.036985 1.000000
5.663968 -0.145494 0.003737 2.379909 -0.061134 1.000000
5.335681 -0.195379 0.007154 2.309909 -0.084583 1.000000
5.017193 -0.240415 0.011520 2.239909 -0.107332 1.000000
4.708506 -0.280746 0.016740 2.169909 -0.129381 1.000000
4.409619 -0.316520 0.022720 2.099909 -0.150730 1.000000
4.120531 -0.347885 0.029371 2.029909 -0.171380 1.000000
3.841244 -0.374987 0.036607 1.959909 -0.191329 1.000000
3.571757 -0.397973 0.044343 1.889909 -0.210578 1.000000
3.312070 -0.416990 0.052499 1.819909 -0.229127 1.000000
3.062182 -0.432185 0.060997 1.749909 -0.246976 1.000000
2.822095 -0.443706 0.069762 1.679909 -0.264125 1.000000
2.591808 -0.451699 0.078722 1.609909 -0.280574 1.000000
2.371320 -0.456311 0.087807 1.539909 -0.296323 1.000000
2.160633 -0.457689 0.096953 1.469909 -0.311372 1.000000
1.959746 -0.455980 0.106094 1.399909 -0.325721 1.000000
1.768659 -0.451332 0.115172 1.329909 -0.339370 1.000000
1.587371 -0.443891 0.124129 1.259909 -0.352320 1.000000
1.415884 -0.433804 0.132910 1.189909 -0.364569 1.000000
1.254197 -0.421218 0.141465 1.119909 -0.376118 1.000000
1.102309 -0.406280 0.149743 1.049909 -0.386967 1.000000
0.960222 -0.389138 0.157701 0.979909 -0.397116 1.000000
0.827935 -0.369937 0.165295 0.909909 -0.406565 1.000000
0.705448 -0.348826 0.172486 0.839909 -0.415314 1.000000
0.592760 -0.325951 0.179236 0.769909 -0.423363 1.000000
0.489873 -0.301460 0.185513 0.699909 -0.430712 1.000000
0.396786 -0.275498 0.191285 0.629909 -0.437361 1.000000
0.313498 -0.248214 0.196524 0.559909 -0.443310 1.000000
0.240011 -0.219753 0.201206 0.489909 -0.448560 1.000000
0.176324 -0.190265 0.205307 0.419909 -0.453109 1.000000
0.122436 -0.159894 0.208810 0.349909 -0.456958 1.000000
0.078349 -0.128788 0.211698 0.279909 -0.460107 1.000000
0.044062 -0.097095 0.213958 0.209909 -0.462556 1.000000
0.019575 -0.064961 0.215579 0.139909 -0.464305 1.000000
0.004887 -0.032533 0.216554 0.069909 -0.465354 1.000000
0.000000 0.000075 0.216880 -0.000161 -0.465703 1.000000
0.004923 0.032649 0.216552 -0.070161 -0.465352 1.000000
0.019645 0.065077 0.215575 -0.140161 -0.464300 1.000000
0.044168 0.097210 0.213951 -0.210161 -0.462548 1.000000
0.078490 0.128901 0.211689 -0.280161 -0.460097 1.000000
0.122613 0.160004 0.208799 -0.350161 -0.456945 1.000000
0.176535 0.190372 0.205294 -0.420161 -0.453094 1.000000
0.240258 0.219858 0.201190 -0.490161 -0.448542 1.000000
0.313780 0.248314 0.196506 -0.560161 -0.443290 1.000000
0.397103 0.275594 0.191265 -0.630161 -0.437339 1.000000
0.490225 0.301550 0.185491 -0.700161 -0.430687 1.000000
0.593148 0.326036 0.179213 -0.770161 -0.423336 1.000000
0.705870 0.348905 0.172461 -0.840161 -0.415284 1.000000
0.828393 0.370010 0.165269 -0.910161 -0.406532 1.000000
0.960715 0.389203 0.157673 -0.980161 -0.397081 1.000000
1.102838 0.406338 0.149714 -1.050161 -0.386929 1.000000
1.254760 0.421267 0.141434 -1.120161 -0.376078 1.000000
1.416483 0.433844 0.132879 -1.190161 -0.364526 1.000000
1.588005 0.443922 0.124097 -1.260161 -0.352274 1.000000
1.769328 0.451354 0.115140 -1.330161 -0.339323 1.000000
1.960450 0.455992 0.106062 -1.400161 -0.325671 1.000000
2.161373 0.457690 0.096920 -1.470161 -0.311319 1.000000
2.372095 0.456300 0.087775 -1.540161 -0.296268 1.000000
2.592618 0.451676 0.078689 -1.610161 -0.280516 1.000000
2.822940 0.443671 0.069730 -1.680161 -0.264065 1.000000
3.063063 0.432138 0.060966 -1.750161 -0.246913 1.000000
3.312985 0.416929 0.052469 -1.820161 -0.229061 1.000000
3.572708 0.397897 0.044314 -1.890161 -0.210510 1.000000
3.842230 0.374897 0.036580 -1.960161 -0.191258 1.000000
4.121553 0.347780 0.029346 -2.030161 -0.171307 1.000000
4.410675 0.316400 0.022697 -2.100161 -0.150655 1.000000
4.709598 0.280609 0.016719 -2.170161 -0.129303 1.000000
5.018320 0.240261 0.011503 -2.240161 -0.107252 1.000000
5.336843 0.195209 0.007140 -2.310161 -0.084500 1.000000
5.665165 0.145305 0.003727 -2.380161 -0.061049 1.000000
6.003288 0.090403 0.001361 -2.450161 -0.036897 1.000000
6.351210 0.030356 0.000145 -2.520161 -0.012045 1.000000
6.432735 -0.345101 0.018514 -2.536284 0.136066 1.000000
6.266076 -0.983379 0.154328 -2.503213 0.392847 1.000000
6.099415 -1.596984 0.418131 -2.469699 0.646631 1.000000
5.932914 -2.185799 0.805290 -2.435757 0.897380 1.000000
5.766727 -2.749736 1.311150 -2.401401 1.145055 1.000000
5.601004 -3.288735 1.931043 -2.366644 1.389620 1.000000
5.435888 -3.802766 2.660288 -2.331499 1.631039 1.000000
5.271518 -4.291823 3.494201 -2.295979 1.869278 1.000000
5.108029 -4.755928 4.428097 -2.260095 2.104304 1.000000
4.945550 -5.195124 5.457292 -2.223859 2.336085 1.000000
4.784203 -5.609479 6.577115 -2.187282 2.564589 1.000000
4.624111 -5.999085 7.782905 -2.150375 2.789786 1.000000
4.465388 -6.364050 9.070015 -2.113147 3.011647 1.000000
4.308146 -6.704508 10.433822 -2.075607 3.230143 1.000000
4.152493 -7.020609 11.869726 -2.037767 3.445247 1.000000
3.998532 -7.312522 13.373152 -1.999633 3.656932 1.000000
3.846363 -7.580433 14.939557 -1.961215 3.865172 1.000000
3.696084 -7.824546 16.564431 -1.922520 4.069942 1.000000
3.547787 -8.045082 18.243302 -1.883557 4.271218 1.000000
3.401563 -8.242276 19.971736 -1.844333 4.468975 1.000000
3.257498 -8.416377 21.745342 -1.804854 4.663190 1.000000
3.115676 -8.567650 23.559773 -1.765128 4.853841 1.000000
2.976180 -8.696374 25.410732 -1.725161 5.040906 1.000000
2.839087 -8.802838 27.293969 -1.684959 5.224363 1.000000
2.704473 -8.887346 29.205287 -1.644528 5.404192 1.000000
2.572412 -8.950214 31.140545 -1.603874 5.580371 1.000000
2.442976 -8.991768 33.095656 -1.563002 5.752882 1.000000
2.316232 -9.012346 35.066595 -1.521917 5.921705 1.000000
2.192249 -9.012296 37.049394 -1.480624 6.086821 1.000000
2.071090 -8.991977 39.040149 -1.439128 6.248212 1.000000
1.952818 -8.951757 41.035022 -1.397433 6.405858 1.000000
1.837496 -8.892013 43.030238 -1.355543 6.559744 1.000000
1.725182 -8.813131 45.022092 -1.313462 6.709850 1.000000
1.615933 -8.715508 47.006947 -1.271194 6.856161 1.000000
1.509807 -8.599546 48.981237 -1.228742 6.998660 1.000000
1.406857 -8.465658 50.941470 -1.186110 7.137329 1.000000
1.307137 -8.314262 52.884226 -1.143301 7.272154 1.000000
1.210700 -8.145785 54.806161 -1.100318 7.403118 1.000000
1.117595 -7.960661 56.704007 -1.057164 7.530206 1.000000
1.027873 -7.759333 58.574574 -1.013841 7.653403 1.000000
0.941583 -7.542246 60.414751 -0.970352 7.772693 1.000000
0.858771 -7.309857 62.221509 -0.926699 7.888061 1.000000
0.779484 -7.062626 63.991898 -0.882884 7.999494 1.000000
0.703770 -6.801021 65.723052 -0.838910 8.106976 1.000000
0.631671 -6.525513 67.412189 -0.794777 8.210493 1.000000
0.563233 -6.236583 69.056611 -0.750489 8.310031 1.000000
0.498500 -5.934716 70.653707 -0.706045 8.405576 1.000000
0.437514 -5.620402 72.200951 -0.661448 8.497114 1.000000
0.380318 -5.294136 73.695907 -0.616699 8.584632 1.000000
0.326954 -4.956421 75.136228 -0.571799 8.668116 1.000000
0.277464 -4.607763 76.519655 -0.526749 8.747551 1.000000
0.231890 -4.248673 77.844022 -0.481549 8.822926 1.000000
0.190271 -3.879669 79.107252 -0.436201 8.894226 1.000000
0.152650 -3.501273 80.307364 -0.390704 8.961438 1.000000
0.119066 -3.114012 81.442469 -0.345060 9.024548 1.000000
0.089562 -2.718417 82.510772 -0.299268 9.083544 1.000000
0.064176 -2.315025 83.510574 -0.253329 9.138412 1.000000
0.042949 -1.904379 84.440273 -0.207242 9.189139 1.000000
0.025924 -1.487024 85.298362 -0.161008 9.235711 1.000000
0.013139 -1.063513 86.083434 -0.114626 9.278116 1.000000
0.004637 -0.634400 86.794180 -0.068095 9.316339 1.000000
0.000459 -0.200247 87.429392 -0.021416 9.350369 1.000000
0.000738 0.252877 86.682354 0.027161 9.310336 1.000000
0.005954 0.710673 84.829326 0.077161 9.210284 1.000000
0.016170 1.158459 82.995408 0.127161 9.110182 1.000000
0.031386 1.596225 81.180630 0.177161 9.010029 1.000000
0.051602 2.023964 79.385021 0.227161 8.909827 1.000000
0.076818 2.441669 77.608613 0.277161 8.809575 1.000000
0.107034 2.849333 75.851435 0.327161 8.709273 1.000000
0.142250 3.246948 74.113517 0.377161 8.608921 1.000000
0.182466 3.634506 72.394889 0.427161 8.508519 1.000000
0.227682 4.012000 70.695581 0.477161 8.408066 1.000000
0.277899 4.379423 69.015624 0.527161 8.307564 1.000000
0.333115 4.736766 67.355048 0.577161 8.207012 1.000000
0.393331 5.084023 65.713882 0.627161 8.106410 1.000000
0.458547 5.421186 64.092158 0.677161 8.005758 1.000000
0.528763 5.748247 62.489905 0.727161 7.905056 1.000000
0.603979 6.065199 60.907153 0.777161 7.804303 1.000000
0.684195 6.372035 59.343932 0.827161 7.703501 1.000000
0.769411 6.668746 57.800274 0.877161 7.602649 1.000000
0.859627 6.955326 56.276208 0.927161 7.501747 1.000000
0.954843 7.231767 54.771764 0.977161 7.400795 1.000000
1.055059 7.498061 53.286973 1.027161 7.299793 1.000000
1.160276 7.754202 51.821865 1.077161 7.198741 1.000000
1.270492 8.000180 50.376470 1.127161 7.097638 1.000000
1.385708 8.235990 48.950819 1.177161 6.996486 1.000000
1.505924 8.461623 47.544942 1.227161 6.895284 1.000000
1.631140 8.677072 46.158869 1.277161 6.794032 1.000000
1.761356 8.882329 44.792631 1.327161 6.692730 1.000000
1.896572 9.077387 43.446258 1.377161 6.591378 1.000000
2.036788 9.262239 42.119780 1.427161 6.489975 1.000000
2.182004 9.436877 40.813229 1.477161 6.388523 1.000000
2.332220 9.601293 39.526634 1.527161 6.287021 1.000000
2.487436 9.755479 38.260026 1.577161 6.185469 1.000000
2.647652 9.899430 37.013434 1.627161 6.083867 1.000000
2.812869 10.033136 35.786891 1.677161 5.982215 1.000000
2.983085 10.156591 34.580426 1.727161 5.880512 1.000000
3.158301 10.269787 33.394070 1.777161 5.778760 1.000000
3.338517 10.372716 32.227853 1.827161 5.676958 1.000000
3.523733 10.465371 31.081806 1.877161 5.575106 1.000000
3.713949 10.547744 29.955960 1.927161 5.473204 1.000000
3.909165 10.619828 28.850344 1.977161 5.371252 1.000000
4.109381 10.681616 27.764990 2.027161 5.269249 1.000000
4.314597 10.733100 26.699928 2.077161 5.167197 1.000000
4.524813 10.774272 25.655189 2.127161 5.065095 1.000000
4.740029 10.805125 24.630803 2.177161 4.962943 1.000000
4.960246 10.825652 23.626801 2.227161 4.860741 1.000000
5.185462 10.835844 22.643214 2.277161 4.758489 1.000000
5.415678 10.835695 21.680073 2.327161 4.656186 1.000000
5.650894 10.825197 20.737407 2.377161 4.553834 1.000000
5.891110 10.804342 19.815248 2.427161 4.451432 1.000000
6.136326 10.773123 18.913627 2.477161 4.348980 1.000000
6.386542 10.731533 18.032574 2.527161 4.246478 1.000000
6.641758 10.679563 17.172120 2.577161 4.143926 1.000000
6.901974 10.617207 16.332296 2.627161 4.041324 1.000000
7.167190 10.544457 15.513132 2.677161 3.938671 1.000000
7.437406 10.461305 14.714660 2.727161 3.835969 1.000000
7.712622 10.367744 13.936909 2.777161 3.733217 1.000000
7.992839 10.263767 13.179912 2.827161 3.630415 1.000000
8.278055 10.149365 12.443699 2.877161 3.527563 1.000000
8.568271 10.024532 11.728300 2.927161 3.424661 1.000000
8.863487 9.889260 11.033747 2.977161 3.321708 1.000000
9.163703 9.743542 10.360070 3.027161 3.218706 1.000000
9.468919 9.587369 9.707300 3.077161 3.115654 1.000000
9.779135 9.420734 9.075469 3.127161 3.012552 1.000000
10.094351 9.243631 8.464607 3.177161 2.909400 1.000000
10.414567 9.056051 7.874745 3.227161 2.806198 1.000000
10.739783 8.857987 7.305914 3.277161 2.702945 1.000000
11.069999 8.649431 6.758145 3.327161 2.599643 1.000000
11.405216 8.430377 6.231469 3.377161 2.496291 1.000000
11.745432 8.200815 5.725918 3.427161 2.392889 1.000000
12.090648 7.960740 5.241521 3.477161 2.289437 1.000000
12.440864 7.710143 4.778310 3.527161 2.185935 1.000000
12.796080 7.449017 4.336317 3.577161 2.082382 1.000000
13.156296 7.177354 3.915571 3.627161 1.978780 1.000000
13.521512 6.895148 3.516106 3.677161 1.875128 1.000000
13.891728 6.602390 3.137950 3.727161 1.771426 1.000000
14.266944 6.299072 2.781136 3.777161 1.667674 1.000000
14.647160 5.985188 2.445695 3.827161 1.563872 1.000000
15.032376 5.660730 2.131657 3.877161 1.460019 1.000000
15.422592 5.325691 1.839054 3.927161 1.356117 1.000000
15.817809 4.980062 1.567918 3.977161 1.252165 1.000000
16.218025 4.623837 1.318278 4.027161 1.148163 1.000000
16.623241 4.257008 1.090167 4.077161 1.044111 1.000000
17.033457 3.879567 0.883616 4.127161 0.940009 1.000000
17.448673 3.491507 0.698656 4.177161 0.835857 1.000000
17.868889 3.092821 0.535318 4.227161 0.731654 1.000000
18.294105 2.683500 0.393634 4.277161 0.627402 1.000000
18.724321 2.263538 0.273634 4.327161 0.523100 1.000000
19.159537 1.832927 0.175350 4.377161 0.418748 1.000000
19.599753 1.391659 0.098813 4.427161 0.314346 1.000000
20.044969 0.939727 0.044055 4.477161 0.209894 1.000000
20.495186 0.477124 0.011107 4.527161 0.105391 1.000000
20.950402 0.003841 0.000001 4.577161 0.000839 1.000000
20.323632 -0.203629 0.002040 4.508174 -0.045169 1.000000
19.697387 -0.398995 0.008082 4.438174 -0.089901 1.000000
19.080943 -0.585040 0.017938 4.368174 -0.133932 1.000000
18.474299 -0.761912 0.031423 4.298174 -0.177264 1.000000
17.877454 -0.929758 0.048354 4.228174 -0.219896 1.000000
17.290410 -1.088725 0.068554 4.158174 -0.261828 1.000000
16.713166 -1.238959 0.091845 4.088174 -0.303059 1.000000
16.145721 -1.380609 0.118055 4.018174 -0.343591 1.000000
15.588077 -1.513820 0.147013 3.948174 -0.383423 1.000000
15.040233 -1.638740 0.178552 3.878174 -0.422555 1.000000
14.502188 -1.755516 0.212508 3.808174 -0.460986 1.000000
13.973944 -1.864295 0.248720 3.738174 -0.498718 1.000000
13.455500 -1.965223 0.287028 3.668174 -0.535750 1.000000
12.946855 -2.058449 0.327277 3.598174 -0.572082 1.000000
12.448011 -2.144118 0.369315 3.528174 -0.607713 1.000000
11.958967 -2.222378 0.412993 3.458174 -0.642645 1.000000
11.479722 -2.293376 0.458162 3.388174 -0.676877 1.000000
11.010278 -2.357259 0.504680 3.318174 -0.710408 1.000000
10.550634 -2.414174 0.552406 3.248174 -0.743240 1.000000
10.100789 -2.464267 0.601202 3.178174 -0.775372 1.000000
9.660745 -2.507686 0.650932 3.108174 -0.806804 1.000000
9.230501 -2.544578 0.701466 3.038174 -0.837535 1.000000
8.810056 -2.575090 0.752673 2.968174 -0.867567 1.000000
8.399412 -2.599369 0.804428 2.898174 -0.896899 1.000000
7.998568 -2.617562 0.856607 2.828174 -0.925531 1.000000
7.607523 -2.629815 0.909091 2.758174 -0.953462 1.000000
7.226279 -2.636276 0.961761 2.688174 -0.980694 1.000000
6.854834 -2.637093 1.014504 2.618174 -1.007226 1.000000
6.493190 -2.632410 1.067208 2.548174 -1.033058 1.000000
6.141346 -2.622377 1.119765 2.478174 -1.058189 1.000000
5.799301 -2.607140 1.172068 2.408174 -1.082621 1.000000
5.467057 -2.586845 1.224017 2.338174 -1.106353 1.000000
5.144613 -2.561641 1.275510 2.268174 -1.129385 1.000000
4.831968 -2.531673 1.326450 2.198174 -1.151716 1.000000
4.529124 -2.497089 1.376746 2.128174 -1.173348 1.000000
4.236080 -2.458035 1.426304 2.058174 -1.194280 1.000000
3.952835 -2.414660 1.475038 1.988174 -1.214512 1.000000
3.679391 -2.367110 1.522863 1.918174 -1.234043 1.000000
3.415747 -2.315531 1.569696 1.848174 -1.252875 1.000000
3.161902 -2.260071 1.615458 1.778174 -1.271007 1.000000
2.917858 -2.200877 1.660074 1.708174 -1.288438 1.000000
2.683614 -2.138096 1.703469 1.638174 -1.305170 1.000000
2.459169 -2.071874 1.745575 1.568174 -1.321202 1.000000
2.244525 -2.002360 1.786322 1.498174 -1.336534 1.000000
2.039681 -1.929699 1.825648 1.428174 -1.351165 1.000000
1.844636 -1.854039 1.863490 1.358174 -1.365097 1.000000
1.659392 -1.775527 1.899791 1.288174 -1.378329 1.000000
1.483948 -1.694310 1.934493 1.218174 -1.390861 1.000000
1.318303 -1.610535 1.967546 1.148174 -1.402692 1.000000
1.162459 -1.524348 1.998899 1.078174 -1.413824 1.000000
1.016415 -1.435898 2.028505 1.008174 -1.424256 1.000000
0.880170 -1.345330 2.056320 0.938174 -1.433988 1.000000
0.753726 -1.252792 2.082305 0.868174 -1.443019 1.000000
0.637082 -1.158431 2.106420 0.798174 -1.451351 1.000000
0.530237 -1.062393 2.128631 0.728174 -1.458983 1.000000
0.433193 -0.964827 2.148906 0.658174 -1.465915 1.000000
0.345949 -0.865878 2.167215 0.588174 -1.472146 1.000000
0.268504 -0.765694 2.183532 0.518174 -1.477678 1.000000
0.200860 -0.664422 2.197835 0.448174 -1.482510 1.000000
0.143015 -0.562209 2.210103 0.378174 -1.486642 1.000000
0.094971 -0.459202 2.220318 0.308174 -1.490073 1.000000
0.056727 -0.355547 2.228467 0.238174 -1.492805 1.000000
0.028282 -0.251393 2.234537 0.168174 -1.494837 1.000000
0.009638 -0.146885 2.238520 0.098174 -1.496168 1.000000
0.000794 -0.042171 2.240411 0.028174 -1.496800 1.000000
0.001755 0.062707 2.240205 -0.041896 -1.496732 1.000000
0.012521 0.167392 2.237904 -0.111896 -1.495963 1.000000
0.033086 0.271843 2.233511 -0.181896 -1.494494 1.000000
0.063452 0.375911 2.227033 -0.251896 -1.492325 1.000000
0.103617 0.479450 2.218478 -0.321896 -1.489456 1.000000
0.153583 0.582313 2.207859 -0.391896 -1.485887 1.000000
0.213348 0.684353 2.195191 -0.461896 -1.481618 1.000000
0.282913 0.785424 2.180492 -0.531896 -1.476649 1.000000
0.362279 0.885377 2.163782 -0.601896 -1.470980 1.000000
0.451444 0.984066 2.145085 -0.671896 -1.464611 1.000000
0.550410 1.081345 2.124428 -0.741896 -1.457542 1.000000
0.659175 1.177065 2.101842 -0.811896 -1.449773 1.000000
0.777741 1.271080 2.077357 -0.881896 -1.441304 1.000000
0.906106 1.363244 2.051011 -0.951896 -1.432135 1.000000
1.044272 1.453408 2.022841 -1.021896 -1.422266 1.000000
1.192237 1.541427 1.992889 -1.091896 -1.411697 1.000000
1.350003 1.627152 1.961199 -1.161896 -1.400428 1.000000
1.517568 1.710437 1.927819 -1.231896 -1.388459 1.000000
1.694933 1.791136 1.892799 -1.301896 -1.375790 1.000000
1.882099 1.869100 1.856192 -1.371896 -1.362421 1.000000
2.079064 1.944184 1.818054 -1.441896 -1.348352 1.000000
2.285830 2.016239 1.778445 -1.511896 -1.333583 1.000000
2.502395 2.085120 1.737426 -1.581896 -1.318114 1.000000
2.728761 2.150679 1.695062 -1.651896 -1.301945 1.000000
2.964926 2.212768 1.651422 -1.721896 -1.285076 1.000000
3.210892 2.271242 1.606575 -1.791896 -1.267508 1.000000
3.466657 2.325952 1.560597 -1.861896 -1.249239 1.000000
3.732223 2.376753 1.513563 -1.931896 -1.230270 1.000000
4.007588 2.423497 1.465554 -2.001896 -1.210601 1.000000
4.292754 2.466036 1.416651 -2.071896 -1.190232 1.000000
4.587719 2.504225 1.366941 -2.141896 -1.169163 1.000000
4.892484 2.537916 1.316512 -2.211896 -1.147394 1.000000
5.207050 2.566961 1.265456 -2.281896 -1.124925 1.000000
5.531415 2.591215 1.213866 -2.351896 -1.101756 1.000000
5.865581 2.610530 1.161840 -2.421896 -1.077887 1.000000
6.209546 2.624759 1.109479 -2.491896 -1.053318 1.000000
6.563312 2.633755 1.056885 -2.561896 -1.028049 1.000000
6.926877 2.637370 1.004164 -2.631896 -1.002080 1.000000
7.300243 2.635459 0.951427 -2.701896 -0.975411 1.000000
7.683408 2.627874 0.898784 -2.771896 -0.948042 1.000000
8.076374 2.614468 0.846350 -2.841896 -0.919973 1.000000
8.479139 2.595094 0.794245 -2.911896 -0.891204 1.000000
8.891704 2.569605 0.742588 -2.981896 -0.861735 1.000000
9.314070 2.537854 0.691502 -3.051896 -0.831566 1.000000
9.746235 2.499694 0.641116 -3.121896 -0.800697 1.000000
10.188201 2.454978 0.591558 -3.191896 -0.769128 1.000000
10.639966 2.403559 0.542962 -3.261896 -0.736859 1.000000
11.101532 2.345290 0.495462 -3.331896 -0.703890 1.000000
11.572897 2.280024 0.449197 -3.401896 -0.670221 1.000000
12.054063 2.207614 0.404308 -3.471896 -0.635852 1.000000
12.545028 2.127913 0.360941 -3.541896 -0.600783 1.000000
13.045794 2.040774 0.319241 -3.611896 -0.565015 1.000000
13.556359 1.946050 0.279360 -3.681896 -0.528546 1.000000
14.076724 1.843594 0.241451 -3.751896 -0.491377 1.000000
14.606890 1.733259 0.205669 -3.821896 -0.453508 1.000000
15.146855 1.614898 0.172174 -3.891896 -0.414939 1.000000
15.696621 1.488364 0.141128 -3.961896 -0.375670 1.000000
16.256186 1.353511 0.112695 -4.031896 -0.335701 1.000000
16.825552 1.210190 0.087044 -4.101896 -0.295032 1.000000
17.404717 1.058255 0.064345 -4.171896 -0.253663 1.000000
17.993683 0.897559 0.044772 -4.241896 -0.211594 1.000000
18.592448 0.727955 0.028502 -4.311896 -0.168825 1.000000
19.201014 0.549297 0.015714 -4.381896 -0.125356 1.000000
19.819379 0.361436 0.006591 -4.451896 -0.081187 1.000000
20.447544 0.164226 0.001319 -4.521896 -0.036318 1.000000
20.763989 -0.405728 0.007928 -4.556752 0.089039 1.000000
19.835739 -2.335948 0.275092 -4.453733 0.524492 1.000000
18.949437 -4.138845 0.903987 -4.353095 0.950782 1.000000
18.102307 -5.820896 1.871741 -4.254681 1.368116 1.000000
17.291828 -7.388076 3.156617 -4.158344 1.776687 1.000000
16.515710 -8.845909 4.737919 -4.063952 2.176676 1.000000
15.771865 -10.199511 6.595924 -3.971381 2.568253 1.000000
15.058392 -11.453633 8.711800 -3.880514 2.951576 1.000000
14.373553 -12.612696 11.067555 -3.791247 3.326794 1.000000
13.715758 -13.680820 13.645971 -3.703479 3.694045 1.000000
13.083552 -14.661856 16.430555 -3.617119 4.053462 1.000000
12.475600 -15.559407 19.405492 -3.532081 4.405166 1.000000
11.890676 -16.376855 22.555603 -3.448286 4.749274 1.000000
11.327654 -17.117376 25.866307 -3.365658 5.085893 1.000000
10.785497 -17.783965 29.323583 -3.284128 5.415125 1.000000
10.263250 -18.379444 32.913937 -3.203631 5.737067 1.000000
9.760033 -18.906484 36.624380 -3.124105 6.051808 1.000000
9.275033 -19.367615 40.442392 -3.045494 6.359433 1.000000
8.807499 -19.765236 44.355903 -2.967743 6.660023 1.000000
8.356738 -20.101631 48.353267 -2.890802 6.953651 1.000000
7.922107 -20.378974 52.423247 -2.814624 7.240390 1.000000
7.503013 -20.599340 56.554990 -2.739163 7.520305 1.000000
7.098904 -20.764713 60.738012 -2.664377 7.793460 1.000000
6.709272 -20.876995 64.962182 -2.590226 8.059912 1.000000
6.333642 -20.938008 69.217710 -2.516673 8.319718 1.000000
5.971577 -20.949506 73.495129 -2.443681 8.572930 1.000000
5.622669 -20.913175 77.785284 -2.371217 8.819597 1.000000
5.286541 -20.830642 82.079321 -2.299248 9.059764 1.000000
4.962842 -20.703481 86.368680 -2.227744 9.293475 1.000000
4.651248 -20.533210 90.645077 -2.156675 9.520771 1.000000
4.351456 -20.321304 94.900502 -2.086014 9.741689 1.000000
4.063188 -20.069192 99.127210 -2.015735 9.956265 1.000000
3.786183 -19.778265 103.317708 -1.945812 10.164532 1.000000
3.520202 -19.449874 107.464756 -1.876220 10.366521 1.000000
3.265021 -19.085338 111.561352 -1.806937 10.562261 1.000000
3.020435 -18.685945 115.600733 -1.737940 10.751778 1.000000
2.786254 -18.252950 119.576365 -1.669208 10.935098 1.000000
2.562303 -17.787585 123.481941 -1.600720 11.112243 1.000000
2.348421 -17.291057 127.311372 -1.532456 11.283234 1.000000
2.144458 -16.764548 131.058788 -1.464397 11.448091 1.000000
1.950280 -16.209220 134.718529 -1.396524 11.606831 1.000000
1.562500 4.367969 12.210657 1.250000 3.494375 1.000000
1.690000 4.411030 11.513128 1.300000 3.393100 1.000000
1.822500 4.443896 10.835783 1.350000 3.291775 1.000000
1.960000 4.466560 10.178652 1.400000 3.190400 1.000000
2.102500 4.479014 9.541767 1.450000 3.088975 1.000000
2.250000 4.481250 8.925156 1.500000 2.987500 1.000000
2.402500 4.473261 8.328852 1.550000 2.885975 1.000000
2.560000 4.455040 7.752883 1.600000 2.784400 1.000000
2.722500 4.426579 7.197282 1.650000 2.682775 1.000000
2.890000 4.387870 6.662077 1.700000 2.581100 1.000000
3.062500 4.338906 6.147300 1.750000 2.479375 1.000000
3.240000 4.279680 5.652982 1.800000 2.377600 1.000000
3.422500 4.210184 5.179152 1.850000 2.275775 1.000000
3.610000 4.130410 4.725841 1.900000 2.173900 1.000000
3.802500 4.040351 4.293080 1.950000 2.071975 1.000000
4.000000 3.940000 3.880900 2.000000 1.970000 1.000000
4.202500 3.829349 3.489331 2.050000 1.867975 1.000000
4.410000 3.708390 3.118403 2.100000 1.765900 1.000000
4.622500 3.577116 2.768147 2.150000 1.663775 1.000000
4.840000 3.435520 2.438595 2.200000 1.561600 1.000000
5.062500 3.283594 2.129775 2.250000 1.459375 1.000000
5.290000 3.121330 1.841720 2.300000 1.357100 1.000000
5.522500 2.948721 1.574460 2.350000 1.254775 1.000000
5.760000 2.765760 1.328026 2.400000 1.152400 1.000000
6.002500 2.572439 1.102448 2.450000 1.049975 1.000000
6.250000 2.368750 0.897756 2.500000 0.947500 1.000000
6.502500 2.154686 0.713983 2.550000 0.844975 1.000000
6.760000 1.930240 0.551158 2.600000 0.742400 1.000000
7.022500 1.695404 0.409312 2.650000 0.639775 1.000000
7.290000 1.450170 0.288476 2.700000 0.537100 1.000000
7.562500 1.194531 0.188682 2.750000 0.434375 1.000000
7.840000 0.928480 0.109959 2.800000 0.331600 1.000000
8.122500 0.652009 0.052338 2.850000 0.228775 1.000000
8.410000 0.365110 0.015851 2.900000 0.125900 1.000000
8.702500 0.067776 0.000528 2.950000 0.022975 1.000000
8.449652 -0.066554 0.000524 2.906829 -0.022896 1.000000
8.047596 -0.146420 0.002664 2.836829 -0.051614 1.000000
7.655340 -0.220329 0.006341 2.766829 -0.079632 1.000000
7.272884 -0.288427 0.011438 2.696829 -0.106951 1.000000
6.900228 -0.350863 0.017841 2.626829 -0.133569 1.000000
6.537372 -0.407781 0.025436 2.556829 -0.159487 1.000000
6.184316 -0.459331 0.034116 2.486829 -0.184705 1.000000
5.841060 -0.505658 0.043775 2.416829 -0.209224 1.000000
5.507604 -0.546910 0.054309 2.346829 -0.233042 1.000000
5.183948 -0.583233 0.065618 2.276829 -0.256160 1.000000
4.870092 -0.614775 0.077606 2.206829 -0.278579 1.000000
4.566036 -0.641683 0.090178 2.136829 -0.300297 1.000000
4.271780 -0.664103 0.103243 2.066829 -0.321315 1.000000
3.987324 -0.682183 0.116713 1.996829 -0.341633 1.000000
3.712668 -0.696070 0.130503 1.926829 -0.361252 1.000000
3.447812 -0.705911 0.144529 1.856829 -0.380170 1.000000
3.192756 -0.711852 0.158713 1.786829 -0.398388 1.000000
2.947500 -0.714040 0.172978 1.716829 -0.415907 1.000000
2.712044 -0.712624 0.187251 1.646829 -0.432725 1.000000
2.486388 -0.707749 0.201460 1.576829 -0.448843 1.000000
2.270532 -0.699562 0.215539 1.506829 -0.464261 1.000000
2.064476 -0.688212 0.229422 1.436829 -0.478980 1.000000
1.868220 -0.673844 0.243047 1.366829 -0.492998 1.000000
1.681764 -0.656605 0.256356 1.296829 -0.506316 1.000000
1.505108 -0.636644 0.269293 1.226829 -0.518935 1.000000
1.338252 -0.614106 0.281805 1.156829 -0.530853 1.000000
1.181196 -0.589138 0.293841 1.086829 -0.542071 1.000000
1.033940 -0.561889 0.305355 1.016829 -0.552589 1.000000
0.896484 -0.532504 0.316302 0.946829 -0.562408 1.000000
0.768828 -0.501130 0.326642 0.876829 -0.571526 1.000000
0.650972 -0.467916 0.336335 0.806829 -0.579944 1.000000
0.542916 -0.433007 0.345347 0.736829 -0.587663 1.000000
0.444660 -0.396550 0.353645 0.666829 -0.594681 1.000000
0.356204 -0.358693 0.361200 0.596829 -0.600999 1.000000
0.277548 -0.319583 0.367985 0.526829 -0.606617 1.000000
0.208692 -0.279367 0.373976 0.456829 -0.611536 1.000000
0.149636 -0.238191 0.379153 0.386829 -0.615754 1.000000
0.100380 -0.196203 0.383498 0.316829 -0.619272 1.000000
0.060924 -0.153550 0.386997 0.246829 -0.622091 1.000000
0.031268 -0.110378 0.389637 0.176829 -0.624209 1.000000
0.011412 -0.066835 0.391409 0.106829 -0.625627 1.000000
0.001356 -0.023067 0.392309 0.036829 -0.626345 1.000000
0.001105 0.020821 0.392331 -0.033241 -0.626363 1.000000
0.010659 0.064596 0.391477 -0.103241 -0.625681 1.000000
0.030013 0.108154 0.389749 -0.173241 -0.624299 1.000000
0.059166 0.151349 0.387153 -0.243241 -0.622216 1.000000
0.098120 0.194032 0.383698 -0.313241 -0.619434 1.000000
0.146874 0.236058 0.379396 -0.383241 -0.615951 1.000000
0.205428 0.277279 0.374261 -0.453241 -0.611769 1.000000
0.273782 0.317548 0.368311 -0.523241 -0.606887 1.000000
0.351935 0.356719 0.361567 -0.593241 -0.601304 1.000000
0.439889 0.394643 0.354051 -0.663241 -0.595022 1.000000
0.537643 0.431175 0.345790 -0.733241 -0.588039 1.000000
0.645197 0.466167 0.336814 -0.803241 -0.580357 1.000000
0.762551 0.499472 0.327155 -0.873241 -0.571974 1.000000
0.889704 0.530943 0.316847 -0.943241 -0.562892 1.000000
1.026658 0.560434 0.305930 -1.013241 -0.553110 1.000000
1.173412 0.587796 0.294444 -1.083241 -0.542627 1.000000
1.329966 0.612884 0.282434 -1.153241 -0.531445 1.000000
1.496320 0.635550 0.269945 -1.223241 -0.519562 1.000000
1.672473 0.655647 0.257029 -1.293241 -0.506980 1.000000
1.858427 0.673029 0.243737 -1.363241 -0.493698 1.000000
2.054181 0.687548 0.230127 -1.433241 -0.479715 1.000000
2.259735 0.699056 0.216255 -1.503241 -0.465033 1.000000
2.475089 0.707408 0.202185 -1.573241 -0.449650 1.000000
2.700242 0.712457 0.187981 -1.643241 -0.433568 1.000000
2.935196 0.714054 0.173710 -1.713241 -0.416785 1.000000
3.179950 0.712054 0.159443 -1.783241 -0.399303 1.000000
3.434504 0.706309 0.145253 -1.853241 -0.381121 1.000000
3.698858 0.696672 0.131217 -1.923241 -0.362238 1.000000
3.973012 0.682996 0.117413 -1.993241 -0.342656 1.000000
4.256965 0.665134 0.103925 -2.063241 -0.322373 1.000000
4.550719 0.642940 0.090837 -2.133241 -0.301391 1.000000
4.854273 0.616265 0.078237 -2.203241 -0.279709 1.000000
5.167627 0.584964 0.066217 -2.273241 -0.257326 1.000000
5.490781 0.548890 0.054870 -2.343241 -0.234244 1.000000
5.823734 0.507894 0.044294 -2.413241 -0.210461 1.000000
6.166488 0.461830 0.034588 -2.483241 -0.185979 1.000000
6.519042 0.410552 0.025856 -2.553241 -0.160796 1.000000
6.881396 0.353912 0.018202 -2.623241 -0.134914 1.000000
7.253550 0.291763 0.011736 -2.693241 -0.108332 1.000000
7.635503 0.223959 0.006569 -2.763241 -0.081049 1.000000
8.027257 0.150351 0.002816 -2.833241 -0.053067 1.000000
8.428811 0.070794 0.000595 -2.903241 -0.024384 1.000000
8.726897 -0.147471 0.002492 -2.954132 0.049920 1.000000
8.469017 -1.000555 0.118209 -2.910158 0.343815 1.000000
8.213989 -1.816312 0.401631 -2.866006 0.633743 1.000000
7.961889 -2.595075 0.845831 -2.821682 0.919691 1.000000
7.712793 -3.337188 1.443942 -2.777192 1.201641 1.000000
7.466770 -4.043011 2.189158 -2.732539 1.479580 1.000000
7.223890 -4.712916 3.074740 -2.687730 1.753494 1.000000
6.984216 -5.347287 4.094014 -2.642767 2.023367 1.000000
6.747811 -5.946518 5.240378 -2.597655 2.289187 1.000000
6.514736 -6.511016 6.507298 -2.552398 2.550941 1.000000
6.285046 -7.041195 7.888315 -2.506999 2.808614 1.000000
6.058798 -7.537481 9.377046 -2.461462 3.062196 1.000000
5.836044 -8.000310 10.967183 -2.415790 3.311674 1.000000
5.616835 -8.430123 12.652495 -2.369986 3.557035 1.000000
5.401221 -8.827373 14.426835 -2.324053 3.798267 1.000000
5.189249 -9.192519 16.284133 -2.277992 4.035360 1.000000
4.980964 -9.526028 18.218404 -2.231807 4.268302 1.000000
4.776411 -9.828374 20.223746 -2.185500 4.497082 1.000000
4.575634 -10.100037 22.294344 -2.139073 4.721689 1.000000
4.378672 -10.341505 24.424466 -2.092528 4.942112 1.000000
4.185567 -10.553272 26.608473 -2.045866 5.158340 1.000000
3.996357 -10.735836 28.840809 -1.999089 5.370364 1.000000
3.811081 -10.889704 31.116011 -1.952199 5.578173 1.000000
3.629776 -11.015385 33.428707 -1.905197 5.781756 1.000000
3.452477 -11.113396 35.773616 -1.858084 5.981105 1.000000
3.279219 -11.184258 38.145548 -1.810862 6.176208 1.000000
3.110039 -11.228496 40.539411 -1.763530 6.367057 1.000000
2.944968 -11.246642 42.950203 -1.716091 6.553640 1.000000
2.784040 -11.239230 45.373020 -1.668544 6.735950 1.000000
2.627288 -11.206801 47.803053 -1.620891 6.913975 1.000000
2.474744 -11.149897 50.235591 -1.573132 7.087707 1.000000
2.326439 -11.069068 52.666019 -1.525267 7.257136 1.000000
2.182404 -10.964864 55.089823 -1.477296 7.422252 1.000000
2.042670 -10.837842 57.502585 -1.429220 7.583046 1.000000
1.907269 -10.688562 59.899990 -1.381039 7.739508 1.000000
1.776229 -10.517588 62.277820 -1.332752 7.891630 1.000000
1.649581 -10.325487 64.631962 -1.284360 8.039401 1.000000
1.527356 -10.112829 66.958403 -1.235862 8.182811 1.000000
1.409583 -9.880190 69.253232 -1.187258 8.321853 1.000000
1.296291 -9.628147 71.512642 -1.138548 8.456515 1.000000
1.187512 -9.357282 73.732930 -1.089730 8.586788 1.000000
1.083274 -9.068180 75.910496 -1.040805 8.712663 1.000000
0.983609 -8.761430 78.041847 -0.991771 8.834130 1.000000
0.888546 -8.437622 80.123594 -0.942627 8.951178 1.000000
0.798115 -8.097353 82.152456 -0.893373 9.063799 1.000000
0.712349 -7.741221 84.125257 -0.844007 9.171982 1.000000
0.631277 -7.369829 86.038929 -0.794529 9.275717 1.000000
0.554931 -6.983781 87.890513 -0.744937 9.374994 1.000000
0.483344 -6.583686 89.677157 -0.695230 9.469802 1.000000
0.416548 -6.170158 91.396121 -0.645405 9.560132 1.000000
0.354575 -5.743811 93.044771 -0.595462 9.645972 1.000000
0.297460 -5.305266 94.620587 -0.545399 9.727311 1.000000
0.245237 -4.855146 96.121160 -0.495214 9.804140 1.000000
0.197940 -4.394076 97.544189 -0.444905 9.876446 1.000000
0.155606 -3.922689 98.887491 -0.394469 9.944219 1.000000
0.118271 -3.441617 100.148992 -0.343906 10.007447 1.000000
0.085973 -2.951499 101.326733 -0.293211 10.066118 1.000000
0.058750 -2.452978 102.418870 -0.242384 10.120221 1.000000
0.036642 -1.946699 103.423674 -0.191421 10.169743 1.000000
0.019689 -1.433313 104.339532 -0.140319 10.214672 1.000000
0.007935 -0.913475 105.164948 -0.089076 10.254996 1.000000
0.001420 -0.387843 105.898543 -0.037689 10.290702 1.000000
0.000181 0.138579 105.824020 0.013471 10.287080 1.000000
0.004029 0.646583 103.775820 0.063471 10.187042 1.000000
0.012876 1.144578 101.746627 0.113471 10.086953 1.000000
0.026723 1.632556 99.736470 0.163471 9.986815 1.000000
0.045570 2.110510 97.745380 0.213471 9.886626 1.000000
0.069417 2.578431 95.773388 0.263471 9.786388 1.000000
0.098264 3.036313 93.820522 0.313471 9.686099 1.000000
0.132111 3.484148 91.886813 0.363471 9.585761 1.000000
0.170958 3.921928 89.972291 0.413471 9.485372 1.000000
0.214806 4.349646 88.076986 0.463471 9.384934 1.000000
0.263653 4.767295 86.200929 0.513471 9.284446 1.000000
0.317500 5.174867 84.344149 0.563471 9.183907 1.000000
0.376347 5.572354 82.506676 0.613471 9.083319 1.000000
0.440194 5.959749 80.688542 0.663471 8.982680 1.000000
0.509041 6.337045 78.889775 0.713471 8.881992 1.000000
0.582888 6.704234 77.110407 0.763471 8.781253 1.000000
0.661735 7.061308 75.350467 0.813471 8.680465 1.000000
0.745582 7.408260 73.609986 0.863471 8.579626 1.000000
0.834430 7.745082 71.888994 0.913471 8.478738 1.000000
0.928277 8.071768 70.187521 0.963471 8.377799 1.000000
1.027124 8.388309 68.505597 1.013471 8.276811 1.000000
1.130971 8.694698 66.843253 1.063471 8.175772 1.000000
1.239818 8.990928 65.200519 1.113471 8.074684 1.000000
1.353665 9.276990 63.577426 1.163471 7.973545 1.000000
1.472512 9.552878 61.974003 1.213471 7.872357 1.000000
1.596359 9.818584 60.390282 1.263471 7.771118 1.000000
1.725207 10.074101 58.826292 1.313471 7.669830 1.000000
1.859054 10.319420 57.282064 1.363471 7.568492 1.000000
1.997901 10.554535 55.757628 1.413471 7.467103 1.000000
2.141748 10.779438 54.253014 1.463471 7.365665 1.000000
2.290595 10.994121 52.768254 1.513471 7.264176 1.000000
2.444442 11.198577 51.303378 1.563471 7.162638 1.000000
2.603289 11.392799 49.858415 1.613471 7.061049 1.000000
2.767136 11.576779 48.433397 1.663471 6.959411 1.000000
2.935983 11.750509 47.028354 1.713471 6.857722 1.000000
3.109831 11.913983 45.643316 1.763471 6.755984 1.000000
3.288678 12.067191 44.278315 1.813471 6.654195 1.000000
3.472525 12.210128 42.933380 1.863471 6.552357 1.000000
3.661372 12.342785 41.608542 1.913471 6.450468 1.000000
3.855219 12.465155 40.303831 1.963471 6.348530 1.000000
4.054066 12.577231 39.019279 2.013471 6.246541 1.000000
4.257913 12.679005 37.754916 2.063471 6.144503 1.000000
4.466760 12.770469 36.510772 2.113471 6.042414 1.000000
4.680608 12.851616 35.286879 2.163471 5.940276 1.000000
4.899455 12.922438 34.083266 2.213471 5.838087 1.000000
5.123302 12.982929 32.899964 2.263471 5.735849 1.000000
5.352149 13.033080 31.737005 2.313471 5.633561 1.000000
5.585996 13.072884 30.594418 2.363471 5.531222 1.000000
5.824843 13.102333 29.472234 2.413471 5.428834 1.000000
6.068690 13.121421 28.370485 2.463471 5.326395 1.000000
6.317537 13.130139 27.289201 2.513471 5.223907 1.000000
6.571384 13.128480 26.228412 2.563471 5.121368 1.000000
6.830232 13.116436 25.188150 2.613471 5.018780 1.000000
7.094079 13.094000 24.168445 2.663471 4.916141 1.000000
7.362926 13.061165 23.169328 2.713471 4.813453 1.000000
7.636773 13.017923 22.190829 2.763471 4.710714 1.000000
7.915620 12.964267 21.232981 2.813471 4.607926 1.000000
8.199467 12.900188 20.295812 2.863471 4.505087 1.000000
8.488314 12.825680 19.379355 2.913471 4.402199 1.000000
8.782161 12.740734 18.483640 2.963471 4.299260 1.000000
9.081008 12.645345 17.608698 3.013471 4.196272 1.000000
9.384856 12.539503 16.754560 3.063471 4.093233 1.000000
9.693703 12.423201 15.921257 3.113471 3.990145 1.000000
10.007550 12.296433 15.108820 3.163471 3.887007 1.000000
10.326397 12.159190 14.317279 3.213471 3.783818 1.000000
10.650244 12.011465 13.546666 3.263471 3.680580 1.000000
10.979091 11.853251 12.797012 3.313471 3.577291 1.000000
11.312938 11.684540 12.068347 3.363471 3.473953 1.000000
11.651785 11.505324 11.360703 3.413471 3.370564 1.000000
11.995633 11.315596 10.674110 3.463471 3.267126 1.000000
12.344480 11.115348 10.008601 3.513471 3.163637 1.000000
12.698327 10.904574 9.364205 3.563471 3.060099 1.000000
13.057174 10.683265 8.740953 3.613471 2.956510 1.000000
13.421021 10.451414 8.138878 3.663471 2.852872 1.000000
13.789868 10.209013 7.558009 3.713471 2.749183 1.000000
14.163715 9.956056 6.998379 3.763471 2.645445 1.000000
14.542562 9.692533 6.460017 3.813471 2.541656 1.000000
14.926409 9.418439 5.942956 3.863471 2.437818 1.000000
15.315257 9.133766 5.447227 3.913471 2.333929 1.000000
15.709104 8.838505 4.972860 3.963471 2.229991 1.000000
16.107951 8.532650 4.519887 4.013471 2.126003 1.000000
16.511798 8.216193 4.088339 4.063471 2.021964 1.000000
16.920645 7.889126 3.678247 4.113471 1.917876 1.000000
17.334492 7.551442 3.289642 4.163471 1.813737 1.000000
17.753339 7.203134 2.922557 4.213471 1.709549 1.000000
18.177186 6.844194 2.577021 4.263471 1.605310 1.000000
18.606034 6.474614 2.253066 4.313471 1.501022 1.000000
19.039881 6.094387 1.950724 4.363471 1.396683 1.000000
19.478728 5.703506 1.670026 4.413471 1.292295 1.000000
19.922575 5.301962 1.411003 4.463471 1.187856 1.000000
20.371422 4.889749 1.173686 4.513471 1.083368 1.000000
20.825269 4.466860 0.958107 4.563471 0.978829 1.000000
21.284116 4.033285 0.764297 4.613471 0.874241 1.000000
21.747963 3.589019 0.592288 4.663471 0.769602 1.000000
22.216810 3.134053 0.442111 4.713471 0.664914 1.000000
22.690658 2.668380 0.313797 4.763471 0.560175 1.000000
23.169505 2.191992 0.207377 4.813471 0.455387 1.000000
23.653352 1.704883 0.122884 4.863471 0.350549 1.000000
24.142199 1.207044 0.060349 4.913471 0.245660 1.000000
24.636046 0.698468 0.019803 4.963471 0.140722 1.000000
25.134893 0.179147 0.001277 5.013471 0.035733 1.000000
24.843750 -0.165191 0.001098 4.984350 -0.033142 1.000000
24.150840 -0.406099 0.006829 4.914350 -0.082635 1.000000
23.467731 -0.636688 0.017274 4.844350 -0.131429 1.000000
22.794422 -0.857103 0.032228 4.774350 -0.179522 1.000000
22.130913 -1.067492 0.051491 4.704350 -0.226916 1.000000
21.477204 -1.268002 0.074862 4.634350 -0.273609 1.000000
20.833295 -1.458780 0.102146 4.564350 -0.319603 1.000000
20.199186 -1.639973 0.133149 4.494350 -0.364896 1.000000
19.574877 -1.811727 0.167682 4.424350 -0.409490 1.000000
18.960368 -1.974191 0.205557 4.354350 -0.453383 1.000000
18.355659 -2.127510 0.246589 4.284350 -0.496577 1.000000
17.760750 -2.271832 0.290597 4.214350 -0.539070 1.000000
17.175641 -2.407304 0.337403 4.144350 -0.580864 1.000000
16.600332 -2.534073 0.386831 4.074350 -0.621957 1.000000
16.034823 -2.652285 0.438709 4.004350 -0.662351 1.000000
15.479114 -2.762089 0.492866 3.934350 -0.702044 1.000000
14.933205 -2.863631 0.549137 3.864350 -0.741038 1.000000
14.397095 -2.957057 0.607358 3.794350 -0.779332 1.000000
13.870786 -3.042515 0.667366 3.724350 -0.816925 1.000000
13.354277 -3.120152 0.729006 3.654350 -0.853819 1.000000
12.847568 -3.190115 0.792121 3.584350 -0.890012 1.000000
12.350659 -3.252551 0.856560 3.514350 -0.925506 1.000000
11.863550 -3.307606 0.922174 3.444350 -0.960299 1.000000
11.386241 -3.355429 0.988817 3.374350 -0.994393 1.000000
10.918732 -3.396165 1.056344 3.304350 -1.027786 1.000000
10.461023 -3.429962 1.124617 3.234350 -1.060480 1.000000
10.013114 -3.456968 1.193497 3.164350 -1.092473 1.000000
9.575005 -3.477328 1.262851 3.094350 -1.123767 1.000000
9.146696 -3.491189 1.332547 3.024350 -1.154360 1.000000
8.728187 -3.498700 1.402456 2.954350 -1.184254 1.000000
8.319478 -3.500007 1.472454 2.884350 -1.213447 1.000000
7.920569 -3.495256 1.542416 2.814350 -1.241941 1.000000
7.531459 -3.484595 1.612225 2.744350 -1.269734 1.000000
7.152150 -3.468171 1.681762 2.674350 -1.296828 1.000000
6.782641 -3.446131 1.750914 2.604350 -1.323221 1.000000
6.422932 -3.418622 1.819571 2.534350 -1.348915 1.000000
6.073023 -3.385791 1.887623 2.464350 -1.373908 1.000000
5.732914 -3.347785 1.954968 2.394350 -1.398202 1.000000
5.402605 -3.304750 2.021501 2.324350 -1.421795 1.000000
5.082096 -3.256834 2.087125 2.254350 -1.444689 1.000000
4.771387 -3.204185 2.151743 2.184350 -1.466882 1.000000
4.470478 -3.146948 2.215262 2.114350 -1.488376 1.000000
4.179369 -3.085271 2.277591 2.044350 -1.509169 1.000000
3.898060 -3.019300 2.338644 1.974350 -1.529263 1.000000
3.626551 -2.949184 2.398336 1.904350 -1.548656 1.000000
3.364842 -2.875069 2.456585 1.834350 -1.567350 1.000000
3.112933 -2.797101 2.513313 1.764350 -1.585343 1.000000
2.870823 -2.715428 2.568444 1.694350 -1.602637 1.000000
2.638514 -2.630197 2.621906 1.624350 -1.619230 1.000000
2.416005 -2.541555 2.673629 1.554350 -1.635124 1.000000
2.203296 -2.449649 2.723547 1.484350 -1.650317 1.000000
2.000387 -2.354626 2.771595 1.414350 -1.664811 1.000000
1.807278 -2.256632 2.817712 1.344350 -1.678604 1.000000
1.623969 -2.155816 2.861841 1.274350 -1.691698 1.000000
1.450460 -2.052323 2.903927 1.204350 -1.704091 1.000000
1.286751 -1.946301 2.943917 1.134350 -1.715785 1.000000
1.132842 -1.837897 2.981763 1.064350 -1.726778 1.000000
0.988733 -1.727258 3.017418 0.994350 -1.737072 1.000000
0.854424 -1.614531 3.050839 0.924350 -1.746665 1.000000
0.729915 -1.499862 3.081986 0.854350 -1.755559 1.000000
0.615206 -1.383400 3.110822 0.784350 -1.763752 1.000000
0.510297 -1.265290 3.137311 0.714350 -1.771246 1.000000
0.415188 -1.145680 3.161423 0.644350 -1.778039 1.000000
0.329878 -1.024717 3.183130 0.574350 -1.784133 1.000000
0.254369 -0.902548 3.202404 0.504350 -1.789526 1.000000
0.188660 -0.779320 3.219224 0.434350 -1.794220 1.000000
0.132751 -0.655180 3.233571 0.364350 -1.798213 1.000000
0.086642 -0.530274 3.245427 0.294350 -1.801507 1.000000
0.050333 -0.404751 3.254778 0.224350 -1.804100 1.000000
0.023824 -0.278756 3.261613 0.154350 -1.805994 1.000000
0.007115 -0.152437 3.265926 0.084350 -1.807187 1.000000
0.000206 -0.025941 3.267710 0.014350 -1.807681 1.000000
0.003105 0.100712 3.266961 -0.055720 -1.807474 1.000000
0.015805 0.227121 3.263683 -0.125720 -1.806567 1.000000
0.038306 0.353266 3.257878 -0.195720 -1.804959 1.000000
0.070607 0.479000 3.249555 -0.265720 -1.802652 1.000000
0.112708 0.604176 3.238722 -0.335720 -1.799645 1.000000
0.164608 0.728647 3.225392 -0.405720 -1.795938 1.000000
0.226309 0.852266 3.209582 -0.475720 -1.791531 1.000000
0.297810 0.974886 3.191308 -0.545720 -1.786423 1.000000
0.379111 1.096360 3.170594 -0.615720 -1.780616 1.000000
0.470211 1.216541 3.147463 -0.685720 -1.774109 1.000000
0.571112 1.335282 3.121942 -0.755720 -1.766902 1.000000
0.681813 1.452436 3.094062 -0.825720 -1.758995 1.000000
0.802313 1.567856 3.063856 -0.895720 -1.750387 1.000000
0.932614 1.681395 3.031360 -0.965720 -1.741080 1.000000
1.072715 1.792906 2.996614 -1.035720 -1.731073 1.000000
1.222616 1.902242 2.959658 -1.105720 -1.720366 1.000000
1.382316 2.009256 2.920539 -1.175720 -1.708959 1.000000
1.551817 2.113801 2.879305 -1.245720 -1.696851 1.000000
1.731118 2.215730 2.836005 -1.315720 -1.684044 1.000000
1.920219 2.314896 2.790694 -1.385720 -1.670537 1.000000
2.119119 2.411152 2.743428 -1.455720 -1.656330 1.000000
2.327820 2.504351 2.694268 -1.525720 -1.641423 1.000000
2.546321 2.594345 2.643276 -1.595720 -1.625815 1.000000
2.774622 2.680989 2.590517 -1.665720 -1.609508 1.000000
3.012722 2.764135 2.536059 -1.735720 -1.592501 1.000000
3.260623 2.843636 2.479976 -1.805720 -1.574794 1.000000
3.518324 2.919345 2.422339 -1.875720 -1.556387 1.000000
3.785825 2.991115 2.363228 -1.945720 -1.537279 1.000000
4.063125 3.058798 2.302722 -2.015720 -1.517472 1.000000
4.350226 3.122249 2.240904 -2.085720 -1.496965 1.000000
4.647127 3.181320 2.177861 -2.155720 -1.475758 1.000000
4.953827 3.235864 2.113682 -2.225720 -1.453851 1.000000
5.270328 3.285734 2.048458 -2.295720 -1.431243 1.000000
5.596629 3.330782 1.982284 -2.365720 -1.407936 1.000000
5.932730 3.370863 1.915260 -2.435720 -1.383929 1.000000
6.278630 3.405829 1.847484 -2.505720 -1.359222 1.000000
6.634331 3.435532 1.779062 -2.575720 -1.333815 1.000000
6.999832 3.459827 1.710099 -2.645720 -1.307707 1.000000
7.375133 3.478566 1.640706 -2.715720 -1.280900 1.000000
7.760233 3.491602 1.570994 -2.785720 -1.253393 1.000000
8.155134 3.498787 1.501080 -2.855720 -1.225186 1.000000
8.559835 3.499976 1.431083 -2.925720 -1.196279 1.000000
8.974336 3.495021 1.361122 -2.995720 -1.166671 1.000000
9.398636 3.483774 1.291324 -3.065720 -1.136364 1.000000
9.832737 3.466090 1.221814 -3.135720 -1.105357 1.000000
10.276638 3.441820 1.152724 -3.205720 -1.073650 1.000000
10.730338 3.410819 1.084186 -3.275720 -1.041243 1.000000
11.193839 3.372939 1.016337 -3.345720 -1.008136 1.000000
11.667140 3.328032 0.949316 -3.415720 -0.974328 1.000000
12.150241 3.275953 0.883264 -3.485720 -0.939821 1.000000
12.643141 3.216553 0.818326 -3.555720 -0.904614 1.000000
13.145842 3.149687 0.754651 -3.625720 -0.868707 1.000000
13.658343 3.075207 0.692390 -3.695720 -0.832100 1.000000
14.180644 2.992965 0.631695 -3.765720 -0.794792 1.000000
14.712744 2.902816 0.572724 -3.835720 -0.756785 1.000000
15.254645 2.804611 0.515636 -3.905720 -0.718078 1.000000
15.806346 2.698205 0.460594 -3.975720 -0.678671 1.000000
16.367847 2.583449 0.407763 -4.045720 -0.638564 1.000000
16.939147 2.460198 0.357313 -4.115720 -0.597756 1.000000
17.520248 2.328303 0.309413 -4.185720 -0.556249 1.000000
18.111149 2.187618 0.264239 -4.255720 -0.514042 1.000000
18.711850 2.037997 0.221968 -4.325720 -0.471135 1.000000
19.322350 1.879291 0.182780 -4.395720 -0.427528 1.000000
19.942651 1.711355 0.146858 -4.465720 -0.383220 1.000000
20.572752 1.534040 0.114388 -4.535720 -0.338213 1.000000
21.212652 1.347201 0.085560 -4.605720 -0.292506 1.000000
21.862353 1.150689 0.060565 -4.675720 -0.246099 1.000000
22.521854 0.944358 0.039598 -4.745720 -0.198992 1.000000
23.191155 0.728062 0.022857 -4.815720 -0.151184 1.000000
23.870255 0.501652 0.010543 -4.885720 -0.102677 1.000000
24.559156 0.264982 0.002859 -4.955720 -0.053470 1.000000
25.257857 0.017906 0.000013 -5.025720 -0.003563 1.000000
24.155652 -2.180916 0.196906 -4.914840 0.443741 1.000000
22.978980 -4.365069 0.829185 -4.793640 0.910596 1.000000
21.863666 -6.390492 1.867865 -4.675860 1.366699 1.000000
20.805082 -8.266580 3.284598 -4.561259 1.812346 1.000000
19.799073 -10.001907 5.052668 -4.449615 2.247814 1.000000
18.841895 -11.604318 7.146851 -4.340725 2.673359 1.000000
17.930167 -13.081009 9.543290 -4.234403 3.089222 1.000000
17.060835 -14.438591 12.219386 -4.130476 3.495624 1.000000
16.231130 -15.683161 15.153693 -4.028788 3.892774 1.000000
15.438539 -16.820347 18.325833 -3.929191 4.280868 1.000000
14.680778 -17.855359 21.716415 -3.831550 4.660087 1.000000
13.955767 -18.793032 25.306959 -3.735742 5.030602 1.000000
13.261611 -19.637858 29.079838 -3.641649 5.392572 1.000000
12.596576 -20.394028 33.018210 -3.549165 5.746147 1.000000
11.959079 -21.065452 37.105976 -3.458190 6.091467 1.000000
11.347669 -21.655791 41.327722 -3.368630 6.428664 1.000000
10.761016 -22.168478 45.668682 -3.280399 6.757861 1.000000
10.197901 -22.606740 50.114695 -3.193415 7.079173 1.000000
9.657201 -22.973615 54.652171 -3.107604 7.392711 1.000000
9.137884 -23.271971 59.268057 -3.022893 7.698575 1.000000
8.639000 -23.504519 63.949810 -2.939218 7.996862 1.000000
8.159675 -23.673831 68.685364 -2.856515 8.287663 1.000000
7.699101 -23.782345 73.463113 -2.774725 8.571063 1.000000
7.256532 -23.832382 78.271881 -2.693795 8.847140 1.000000
6.831281 -23.826154 83.100906 -2.613672 9.115970 1.000000
6.422711 -23.765774 87.939820 -2.534307 9.377623 1.000000
6.030234 -23.653264 92.778630 -2.455654 9.632166 1.000000
5.653308 -23.490560 97.607702 -2.377669 9.879661 1.000000
5.291428 -23.279523 102.417751 -2.300310 10.120166 1.000000
4.944130 -23.021942 107.199819 -2.223540 10.353735 1.000000
4.610982 -22.719543 111.945271 -2.147320 10.580419 1.000000
4.291586 -22.373989 116.645779 -2.071614 10.800268 1.000000
3.985574 -21.986892 121.293311 -1.996390 11.013324 1.000000
3.692604 -21.559811 125.880125 -1.921615 11.219631 1.000000
3.412361 -21.094257 130.398757 -1.847258 11.419227 1.000000
3.144555 -20.591701 134.842012 -1.773289 11.612149 1.000000
2.888917 -20.053574 139.202960 -1.699682 11.798430 1.000000
2.645200 -19.481270 143.474927 -1.626407 11.978102 1.000000
2.413176 -18.876149 147.651489 -1.553440 12.151193 1.000000
2.192636 -18.239542 151.726464 -1.480755 12.317730 1.000000
1.983389 -17.572751 155.693910 -1.408328 12.477737 1.000000
1.785260 -16.877052 159.548118 -1.336136 12.631236 1.000000
1.598090 -16.153698 163.283608 -1.264156 12.778247 1.000000
1.421736 -15.403921 166.895124 -1.192366 12.918790 1.000000
1.256066 -14.628931 170.377632 -1.120744 13.052878 1.000000
1.100966 -13.829923 173.726315 -1.049269 13.180528 1.000000
0.956331 -13.008075 176.936569 -0.977922 13.301751 1.000000
0.822072 -12.164549 180.004003 -0.906682 13.416557 1.000000
0.698109 -11.300496 182.924434 -0.835529 13.524956 1.000000
0.584376 -10.417055 185.693885 -0.764445 13.626954 1.000000
0.480817 -9.515354 188.308585 -0.693410 13.722558 1.000000
0.387388 -8.596512 190.764963 -0.622405 13.811769 1.000000
0.304055 -7.661643 193.059652 -0.551412 13.894591 1.000000
0.230796 -6.711851 195.189482 -0.480412 13.971023 1.000000
0.167598 -5.748237 197.151484 -0.409388 14.041064 1.000000
0.114460 -4.771899 198.942884 -0.338320 14.104711 1.000000
0.071390 -3.783931 200.561107 -0.267190 14.161960 1.000000
0.038408 -2.785424 202.003774 -0.195980 14.212803 1.000000
0.015543 -1.777470 203.268701 -0.124671 14.257233 1.000000
0.002835 -0.761163 204.353901 -0.053246 14.295241 1.000000
0.000165 0.183803 204.312877 0.012859 14.293806 1.000000
0.003951 0.892205 201.463041 0.062859 14.193768 1.000000
0.012737 1.590597 198.631811 0.112859 14.093680 1.000000
0.026523 2.278973 195.819217 0.162859 13.993542 1.000000
0.045309 2.957324 193.025289 0.212859 13.893354 1.000000
0.069095 3.625644 190.250056 0.262859 13.793116 1.000000
0.097881 4.283923 187.493550 0.312859 13.692828 1.000000
0.131667 4.932156 184.755799 0.362859 13.592491 1.000000
0.170452 5.570335 182.036835 0.412859 13.492103 1.000000
0.214238 6.198451 179.336687 0.462859 13.391665 1.000000
2.722500 -5.100562 9.555827 1.650000 -3.091250 1.000000
2.496400 -4.909692 9.655935 1.580000 -3.107400 1.000000
2.280100 -4.715503 9.752192 1.510000 -3.122850 1.000000
2.073600 -4.518144 9.844534 1.440000 -3.137600 1.000000
1.876900 -4.317760 9.932898 1.370000 -3.151650 1.000000
1.690000 -4.114500 10.017225 1.300000 -3.165000 1.000000
1.512900 -3.908509 10.097460 1.230000 -3.177650 1.000000
1.345600 -3.699936 10.173548 1.160000 -3.189600 1.000000
1.188100 -3.488926 10.245441 1.090000 -3.200850 1.000000
1.040400 -3.275628 10.313090 1.020000 -3.211400 1.000000
0.902500 -3.060187 10.376452 0.950000 -3.221250 1.000000
0.774400 -2.842752 10.435484 0.880000 -3.230400 1.000000
0.656100 -2.623468 10.490149 0.810000 -3.238850 1.000000
0.547600 -2.402484 10.540412 0.740000 -3.246600 1.000000
0.448900 -2.179945 10.586238 0.670000 -3.253650 1.000000
0.360000 -1.956000 10.627600 0.600000 -3.260000 1.000000
0.280900 -1.730794 10.664470 0.530000 -3.265650 1.000000
0.211600 -1.504476 10.696824 0.460000 -3.270600 1.000000
0.152100 -1.277191 10.724643 0.390000 -3.274850 1.000000
0.102400 -1.049088 10.747907 0.320000 -3.278400 1.000000
0.062500 -0.820312 10.766602 0.250000 -3.281250 1.000000
0.032400 -0.591012 10.780716 0.180000 -3.283400 1.000000
0.012100 -0.361333 10.790240 0.110000 -3.284850 1.000000
0.001600 -0.131424 10.795167 0.040000 -3.285600 1.000000
0.000904 0.098799 10.795494 -0.030070 -3.285650 1.000000
0.010014 0.328730 10.791218 -0.100070 -3.284999 1.000000
0.028924 0.558450 10.782346 -0.170070 -3.283648 1.000000
0.057634 0.787813 10.768883 -0.240070 -3.281598 1.000000
0.096143 1.016672 10.750837 -0.310070 -3.278847 1.000000
0.144453 1.244880 10.728220 -0.380070 -3.275396 1.000000
0.202563 1.472289 10.701047 -0.450070 -3.271245 1.000000
0.270473 1.698754 10.669335 -0.520070 -3.266395 1.000000
0.348183 1.924126 10.633104 -0.590070 -3.260844 1.000000
0.435692 2.148259 10.592378 -0.660070 -3.254593 1.000000
0.533002 2.371007 10.547183 -0.730070 -3.247643 1.000000
0.640112 2.592220 10.497548 -0.800070 -3.239992 1.000000
0.757022 2.811754 10.443505 -0.870070 -3.231641 1.000000
0.883732 3.029461 10.385090 -0.940070 -3.222591 1.000000
1.020241 3.245193 10.322340 -1.010070 -3.212840 1.000000
1.166551 3.458805 10.255297 -1.080070 -3.202389 1.000000
1.322661 3.670148 10.184003 -1.150070 -3.191238 1.000000
1.488571 3.879076 10.108507 -1.220070 -3.179388 1.000000
1.664281 4.085442 10.028857 -1.290070 -3.166837 1.000000
1.849790 4.289098 9.945107 -1.360070 -3.153586 1.000000
2.045100 4.489899 9.857312 -1.430070 -3.139636 1.000000
2.250210 4.687696 9.765531 -1.500070 -3.124985 1.000000
2.465120 4.882344 9.669825 -1.570070 -3.109634 1.000000
2.689830 5.073694 9.570259 -1.640070 -3.093584 1.000000
2.924339 5.261600 9.466901 -1.710070 -3.076833 1.000000
3.168649 5.445914 9.359819 -1.780070 -3.059382 1.000000
3.422759 5.626491 9.249089 -1.850070 -3.041231 1.000000
3.686669 5.803183 9.134786 -1.920070 -3.022381 1.000000
3.960379 5.975842 9.016989 -1.990070 -3.002830 1.000000
4.243888 6.144322 8.895780 -2.060070 -2.982579 1.000000
4.537198 6.308476 8.771245 -2.130070 -2.961629 1.000000
4.840308 6.468157 8.643471 -2.200070 -2.939978 1.000000
5.153218 6.623218 8.512549 -2.270070 -2.917627 1.000000
5.475928 6.773512 8.378574 -2.340070 -2.894577 1.000000
5.808437 6.918891 8.241641 -2.410070 -2.870826 1.000000
6.150747 7.059210 8.101852 -2.480070 -2.846375 1.000000
6.502857 7.194320 7.959308 -2.550070 -2.821224 1.000000
6.864767 7.324075 7.814115 -2.620070 -2.795374 1.000000
7.236477 7.448328 7.666381 -2.690070 -2.768823 1.000000
7.617986 7.566932 7.516219 -2.760070 -2.741572 1.000000
8.009296 7.679739 7.363743 -2.830070 -2.713622 1.000000
8.410406 7.786604 7.209069 -2.900070 -2.684971 1.000000
8.821316 7.887378 7.052319 -2.970070 -2.655620 1.000000
9.242026 7.981915 6.893616 -3.040070 -2.625570 1.000000
9.672535 8.070068 6.733085 -3.110070 -2.594819 1.000000
10.112845 8.151690 6.570857 -3.180070 -2.563368 1.000000
10.562955 8.226634 6.407062 -3.250070 -2.531217 1.000000
11.022865 8.294753 6.241837 -3.320070 -2.498367 1.000000
11.492575 8.355899 6.075318 -3.390070 -2.464816 1.000000
11.972084 8.409926 5.907648 -3.460070 -2.430565 1.000000
12.461394 8.456688 5.738970 -3.530070 -2.395615 1.000000
12.960504 8.496036 5.569430 -3.600070 -2.359964 1.000000
13.469414 8.527823 5.399179 -3.670070 -2.323613 1.000000
13.988124 8.551904 5.228369 -3.740070 -2.286563 1.000000
14.516633 8.568131 5.057155 -3.810070 -2.248812 1.000000
15.054943 8.576356 4.885697 -3.880070 -2.210361 1.000000
15.603053 8.576433 4.714155 -3.950070 -2.171210 1.000000
16.160963 8.568216 4.542695 -4.020070 -2.131360 1.000000
16.728673 8.551556 4.371483 -4.090070 -2.090809 1.000000
17.306182 8.526306 4.200690 -4.160070 -2.049558 1.000000
17.893492 8.492321 4.030489 -4.230070 -2.007608 1.000000
18.490602 8.449453 3.861056 -4.300070 -1.964957 1.000000
19.097512 8.397554 3.692571 -4.370070 -1.921606 1.000000
19.714222 8.336478 3.525215 -4.440070 -1.877556 1.000000
20.340731 8.266078 3.359174 -4.510070 -1.832805 1.000000
20.977041 8.186207 3.194635 -4.580070 -1.787354 1.000000
21.623151 8.096718 3.031790 -4.650070 -1.741203 1.000000
22.279061 7.997464 2.870831 -4.720070 -1.694353 1.000000
22.944771 7.888297 2.711957 -4.790070 -1.646802 1.000000
23.620280 7.769072 2.555367 -4.860070 -1.598551 1.000000
24.305590 7.639640 2.401262 -4.930070 -1.549601 1.000000
25.000700 7.499855 2.249850 -5.000070 -1.499950 1.000000
25.705610 7.349570 2.101338 -5.070070 -1.449599 1.000000
26.420320 7.188638 1.955938 -5.140070 -1.398549 1.000000
27.144829 7.016911 1.813865 -5.210070 -1.346798 1.000000
27.879139 6.834244 1.675335 -5.280070 -1.294347 1.000000
28.623249 6.640488 1.540569 -5.350070 -1.241196 1.000000
29.377159 6.435497 1.409790 -5.420070 -1.187346 1.000000
30.140869 6.219124 1.283225 -5.490070 -1.132795 1.000000
30.914378 5.991222 1.161102 -5.560070 -1.077544 1.000000
31.697688 5.751644 1.043654 -5.630070 -1.021594 1.000000
32.490798 5.500243 0.931115 -5.700070 -0.964943 1.000000
33.293708 5.236871 0.823724 -5.770070 -0.907592 1.000000
34.106418 4.961382 0.721721 -5.840070 -0.849542 1.000000
34.928927 4.673630 0.625350 -5.910070 -0.790791 1.000000
35.761237 4.373466 0.534858 -5.980070 -0.731340 1.000000
36.603347 4.060743 0.450495 -6.050070 -0.671189 1.000000
37.455257 3.735316 0.372513 -6.120070 -0.610339 1.000000
38.316967 3.397037 0.301168 -6.190070 -0.548788 1.000000
39.188476 3.045758 0.236719 -6.260070 -0.486537 1.000000
40.069786 2.681333 0.179426 -6.330070 -0.423587 1.000000
40.960896 2.303616 0.129554 -6.400070 -0.359936 1.000000
41.861806 1.912458 0.087371 -6.470070 -0.295585 1.000000
42.772516 1.507712 0.053146 -6.540070 -0.230535 1.000000
43.693025 1.089233 0.027154 -6.610070 -0.164784 1.000000
44.623335 0.656873 0.009669 -6.680070 -0.098333 1.000000
45.563445 0.210484 0.000972 -6.750070 -0.031182 1.000000
44.357780 -2.280199 0.117213 -6.660164 0.342364 1.000000
41.503764 -6.196842 0.925238 -6.442342 0.961893 1.000000
38.877221 -9.741218 2.440795 -6.235160 1.562304 1.000000
36.453090 -12.947786 4.598929 -6.037639 2.144511 1.000000
34.209770 -15.846710 7.340541 -5.848912 2.709343 1.000000
32.128559 -18.464499 10.611672 -5.668206 3.257556 1.000000
30.193203 -20.824544 14.362889 -5.494834 3.789840 1.000000
28.389520 -22.947561 18.548765 -5.328182 4.306828 1.000000
26.705088 -24.851959 23.127423 -5.167697 4.809098 1.000000
25.128996 -26.554160 28.060150 -5.012883 5.297183 1.000000
23.651621 -28.068854 33.311061 -4.863293 5.771574 1.000000
22.264457 -29.409234 38.846805 -4.718523 6.232721 1.000000
20.959962 -30.587177 44.636311 -4.578205 6.681041 1.000000
19.731426 -31.613412 50.650565 -4.442007 7.116921 1.000000
18.572869 -32.497663 56.862411 -4.309625 7.540717 1.000000
17.478946 -33.248762 63.246387 -4.180783 7.952760 1.000000
16.444870 -33.874760 69.778563 -4.055227 8.353356 1.000000
15.466340 -34.383013 76.436417 -3.932727 8.742792 1.000000
14.539489 -34.780262 83.198706 -3.813068 9.121332 1.000000
13.660830 -35.072703 90.045371 -3.696056 9.489224 1.000000
12.827213 -35.266041 96.957433 -3.581510 9.846697 1.000000
12.035790 -35.365550 103.916916 -3.469264 10.193965 1.000000
11.283976 -35.376113 110.906770 -3.359163 10.531228 1.000000
10.569429 -35.302264 117.910804 -3.251066 10.858674 1.000000
9.890016 -35.148225 124.913623 -3.144840 11.176476 1.000000
9.243797 -34.917935 131.900578 -3.040361 11.484798 1.000000
8.629005 -34.615082 138.857715 -2.937517 11.783790 1.000000
8.044025 -34.243123 145.771732 -2.836199 12.073596 1.000000
7.487384 -33.805309 152.629939 -2.736308 12.354349 1.000000
6.957734 -33.304706 159.420220 -2.637752 12.626172 1.000000
6.453841 -32.744207 166.131004 -2.540441 12.889182 1.000000
5.974577 -32.126556 172.751233 -2.444295 13.143486 1.000000
5.518908 -31.454355 179.270338 -2.349236 13.389187 1.000000
5.085884 -30.730079 185.678209 -2.255190 13.626379 1.000000
4.674636 -29.956090 191.965181 -2.162091 13.855150 1.000000
4.284368 -29.134645 198.122006 -2.069871 14.075582 1.000000
3.914348 -28.267904 204.139840 -1.978471 14.287751 1.000000
3.563908 -27.357943 210.010224 -1.887831 14.491730 1.000000
3.232433 -26.406756 215.725071 -1.797897 14.687582 1.000000
2.919362 -25.416267 221.276647 -1.708614 14.875370 1.000000
2.624183 -24.388335 226.657565 -1.619933 15.055151 1.000000
2.346426 -23.324756 231.860768 -1.531805 15.226975 1.000000
2.085667 -22.227275 236.879522 -1.444184 15.390891 1.000000
1.841516 -21.097586 241.707404 -1.357025 15.546942 1.000000
1.613624 -19.937339 246.338296 -1.270285 15.695168 1.000000
1.401674 -18.748141 250.766373 -1.183923 15.835605 1.000000
1.205383 -17.531566 254.986102 -1.097899 15.968284 1.000000
1.024496 -16.289152 258.992227 -1.012174 16.093235 1.000000
0.858790 -15.022408 262.779771 -0.926709 16.210483 1.000000
0.708070 -13.732815 266.344027 -0.841469 16.320050 1.000000
0.572166 -12.421833 269.680554 -0.756416 16.421953 1.000000
0.450934 -11.090900 272.785171 -0.671516 16.516209 1.000000
0.344256 -9.741434 275.653958 -0.586733 16.602830 1.000000
0.252038 -8.374839 278.283247 -0.502034 16.681824 1.000000
0.174209 -6.992507 280.669622 -0.417383 16.753197 1.000000
0.110722 -5.595816 282.809919 -0.332749 16.816953 1.000000
0.061551 -4.186138 284.701219 -0.248096 16.873092 1.000000
0.026697 -2.764838 286.340850 -0.163391 16.921609 1.000000
0.006178 -1.333274 287.726385 -0.078601 16.962499 1.000000
0.000014 0.064482 288.529476 0.003796 16.986155 1.000000
0.002894 0.908409 285.141272 0.053796 16.886127 1.000000
0.010774 1.742328 281.771402 0.103796 16.786048 1.000000
0.023653 2.566231 278.419894 0.153796 16.685919 1.000000
0.041533 3.380110 275.086779 0.203796 16.585740 1.000000
0.064412 4.183960 271.772087 0.253796 16.485511 1.000000
0.092292 4.977771 268.475849 0.303796 16.385233 1.000000
0.125172 5.761537 265.198093 0.353796 16.284904 1.000000
0.163051 6.535249 261.938851 0.403796 16.184525 1.000000
0.205931 7.298901 258.698152 0.453796 16.084096 1.000000
0.253811 8.052485 255.476027 0.503796 15.983617 1.000000
0.306690 8.795994 252.272505 0.553796 15.883089 1.000000
0.364570 9.529419 249.087618 0.603796 15.782510 1.000000
0.427449 10.252754 245.921394 0.653796 15.681881 1.000000
0.495329 10.965991 242.773864 0.703796 15.581202 1.000000
0.568209 11.669122 239.645059 0.753796 15.480473 1.000000
0.646088 12.362140 236.535008 0.803796 15.379695 1.000000
0.728968 13.045037 233.443743 0.853796 15.278866 1.000000
0.816848 13.717807 230.371292 0.903796 15.177987 1.000000
0.909727 14.380441 227.317687 0.953796 15.077058 1.000000
1.007607 15.032931 224.282957 1.003796 14.976079 1.000000
1.110486 15.675272 221.267133 1.053796 14.875051 1.000000
1.218366 16.307454 218.270246 1.103796 14.773972 1.000000
1.331246 16.929470 215.292325 1.153796 14.672843 1.000000
1.449125 17.541314 212.333401 1.203796 14.571664 1.000000
1.572005 18.142977 209.393504 1.253796 14.470436 1.000000
1.699884 18.734452 206.472665 1.303796 14.369157 1.000000
1.832764 19.315731 203.570914 1.353796 14.267828 1.000000
1.970644 19.886807 200.688281 1.403796 14.166449 1.000000
2.113523 20.447673 197.824797 1.453796 14.065020 1.000000
2.261403 20.998320 194.980492 1.503796 13.963542 1.000000
2.414283 21.538742 192.155397 1.553796 13.862013 1.000000
2.572162 22.068931 189.349542 1.603796 13.760434 1.000000
2.735042 22.588880 186.562958 1.653796 13.658805 1.000000
2.902921 23.098580 183.795675 1.703796 13.557126 1.000000
3.075801 23.598025 181.047723 1.753796 13.455398 1.000000
3.253681 24.087206 178.319134 1.803796 13.353619 1.000000
3.436560 24.566118 175.609937 1.853796 13.251790 1.000000
3.624440 25.034751 172.920164 1.903796 13.149911 1.000000
3.817319 25.493098 170.249844 1.953796 13.047982 1.000000
4.015199 25.941152 167.599008 2.003796 12.946004 1.000000
4.218079 26.378906 164.967688 2.053796 12.843975 1.000000
4.425958 26.806352 162.355913 2.103796 12.741896 1.000000
4.638838 27.223482 159.763714 2.153796 12.639767 1.000000
4.856718 27.630289 157.191123 2.203796 12.537588 1.000000
5.079597 28.026766 154.638168 2.253796 12.435360 1.000000
5.307477 28.412904 152.104882 2.303796 12.333081 1.000000
5.540356 28.788697 149.591294 2.353796 12.230752 1.000000
5.778236 29.154137 147.097437 2.403796 12.128373 1.000000
6.021116 29.509216 144.623339 2.453796 12.025944 1.000000
6.268995 29.853928 142.169032 2.503796 11.923466 1.000000
6.521875 30.188263 139.734547 2.553796 11.820937 1.000000
6.779755 30.512216 137.319915 2.603796 11.718358 1.000000
7.042634 30.825778 134.925165 2.653796 11.615729 1.000000
7.310514 31.128942 132.550330 2.703796 11.513050 1.000000
7.583393 31.421700 130.195440 2.753796 11.410322 1.000000
7.861273 31.704045 127.860525 2.803796 11.307543 1.000000
8.144153 31.975970 125.545617 2.853796 11.204714 1.000000
8.432032 32.237467 123.250746 2.903796 11.101835 1.000000
8.724912 32.488528 120.975943 2.953796 10.998906 1.000000
9.022791 32.729146 118.721239 3.003796 10.895928 1.000000
9.325671 32.959313 116.486666 3.053796 10.792899 1.000000
9.633551 33.179023 114.272253 3.103796 10.689820 1.000000
9.946430 33.388266 112.078032 3.153796 10.586691 1.000000
10.264310 33.587037 109.904034 3.203796 10.483512 1.000000
10.587190 33.775327 107.750289 3.253796 10.380284 1.000000
10.915069 33.953129 105.616829 3.303796 10.277005 1.000000
11.247949 34.120436 103.503685 3.353796 10.173676 1.000000
11.585828 34.277239 101.410887 3.403796 10.070297 1.000000
11.928708 34.423532 99.338467 3.453796 9.966868 1.000000
12.276588 34.559307 97.286456 3.503796 9.863390 1.000000
12.629467 34.684556 95.254885 3.553796 9.759861 1.000000
12.987347 34.799272 93.243784 3.603796 9.656282 1.000000
13.350226 34.903448 91.253185 3.653796 9.552653 1.000000
13.718106 34.997076 89.283119 3.703796 9.448975 1.000000
14.090986 35.080148 87.333617 3.753796 9.345246 1.000000
14.468865 35.152656 85.404711 3.803796 9.241467 1.000000
14.851745 35.214595 83.496430 3.853796 9.137638 1.000000
15.239625 35.265955 81.608807 3.903796 9.033759 1.000000
15.632504 35.306730 79.741873 3.953796 8.929831 1.000000
16.030384 35.336911 77.895659 4.003796 8.825852 1.000000
16.433263 35.356492 76.070195 4.053796 8.721823 1.000000
16.841143 35.365465 74.265514 4.103796 8.617744 1.000000
17.254023 35.363823 72.481646 4.153796 8.513615 1.000000
17.671902 35.351557 70.718623 4.203796 8.409437 1.000000
18.094782 35.328661 68.976476 4.253796 8.305208 1.000000
18.522662 35.295127 67.255236 4.303796 8.200929 1.000000
18.955541 35.250947 65.554934 4.353796 8.096600 1.000000
19.393421 35.196114 63.875602 4.403796 7.992221 1.000000
19.836300 35.130620 62.217271 4.453796 7.887793 1.000000
20.284180 35.054459 60.579973 4.503796 7.783314 1.000000
20.737060 34.967622 58.963739 4.553796 7.678785 1.000000
21.194939 34.870101 57.368599 4.603796 7.574206 1.000000
21.657819 34.761891 55.794586 4.653796 7.469577 1.000000
22.125698 34.642982 54.241731 4.703796 7.364899 1.000000
22.598578 34.513367 52.710065 4.753796 7.260170 1.000000
23.076458 34.373040 51.199620 4.803796 7.155391 1.000000
23.559337 34.221992 49.710427 4.853796 7.050562 1.000000
24.047217 34.060216 48.242518 4.903796 6.945683 1.000000
24.540097 33.887704 46.795923 4.953796 6.840755 1.000000
25.037976 33.704449 45.370676 5.003796 6.735776 1.000000
25.540856 33.510444 43.966806 5.053796 6.630747 1.000000
26.048735 33.305680 42.584346 5.103796 6.525668 1.000000
26.561615 33.090151 41.223326 5.153796 6.420539 1.000000
27.079495 32.863849 39.883780 5.203796 6.315361 1.000000
27.602374 32.626767 38.565737 5.253796 6.210132 1.000000
28.130254 32.378896 37.269230 5.303796 6.104853 1.000000
28.663133 32.120230 35.994291 5.353796 5.999524 1.000000
29.201013 31.850761 34.740950 5.403796 5.894145 1.000000
29.743893 31.570481 33.509240 5.453796 5.788717 1.000000
30.291772 31.279383 32.299192 5.503796 5.683238 1.000000
30.844652 30.977459 31.110838 5.553796 5.577709 1.000000
31.402532 30.664703 29.944209 5.603796 5.472130 1.000000
31.965411 30.341105 28.799338 5.653796 5.366501 1.000000
32.533291 30.006660 27.676255 5.703796 5.260823 1.000000
33.106170 29.661359 26.574993 5.753796 5.155094 1.000000
33.684050 29.305195 25.495583 5.803796 5.049315 1.000000
34.266930 28.938161 24.438056 5.853796 4.943486 1.000000
34.854809 28.560248 23.402446 5.903796 4.837607 1.000000
35.447689 28.171450 22.388783 5.953796 4.731679 1.000000
36.045569 27.771759 21.397099 6.003796 4.625700 1.000000
36.648448 27.361168 20.427427 6.053796 4.519671 1.000000
37.256328 26.939668 19.479797 6.103796 4.413592 1.000000
37.869207 26.507252 18.554242 6.153796 4.307463 1.000000
38.487087 26.063914 17.650793 6.203796 4.201285 1.000000
39.109967 25.609645 16.769483 6.253796 4.095056 1.000000
39.737846 25.144438 15.910343 6.303796 3.988777 1.000000
40.370726 24.668285 15.073405 6.353796 3.882448 1.000000
41.008605 24.181179 14.258701 6.403796 3.776070 1.000000
41.651485 23.683113 13.466263 6.453796 3.669641 1.000000
42.299365 23.174079 12.696123 6.503796 3.563162 1.000000
42.952244 22.654069 11.948313 6.553796 3.456633 1.000000
43.610124 22.123076 11.222864 6.603796 3.350054 1.000000
44.273004 21.581092 10.519809 6.653796 3.243426 1.000000
44.940883 21.028111 9.839180 6.703796 3.136747 1.000000
45.613763 20.464124 9.181009 6.753796 3.030018 1.000000
46.291642 19.889123 8.545327 6.803796 2.923239 1.000000
46.974522 19.303102 7.932167 6.853796 2.816410 1.000000
47.662402 18.706054 7.341561 6.903796 2.709532 1.000000
48.355281 18.097969 6.773541 6.953796 2.602603 1.000000
49.053161 17.478842 6.228139 7.003796 2.495624 1.000000
49.756040 16.848663 5.705387 7.053796 2.388595 1.000000
50.463920 16.207427 5.205317 7.103796 2.281516 1.000000
51.176800 15.555125 4.727961 7.153796 2.174388 1.000000
51.894679 14.891751 4.273352 7.203796 2.067209 1.000000
52.617559 14.217295 3.841521 7.253796 1.959980 1.000000
53.345439 13.531752 3.432502 7.303796 1.852701 1.000000
54.078318 12.835113 3.046325 7.353796 1.745372 1.000000
54.816198 12.127371 2.683023 7.403796 1.637994 1.000000
55.559077 11.408518 2.342629 7.453796 1.530565 1.000000
56.306957 10.678547 2.025174 7.503796 1.423086 1.000000
57.059837 9.937451 1.730691 7.553796 1.315557 1.000000
57.817716 9.185222 1.459212 7.603796 1.207978 1.000000
58.580596 8.421852 1.210769 7.653796 1.100350 1.000000
59.348476 7.647334 0.985395 7.703796 0.992671 1.000000
60.121355 6.861660 0.783122 7.753796 0.884942 1.000000
60.899235 6.064823 0.603983 7.803796 0.777163 1.000000
61.682114 5.256816 0.448009 7.853796 0.669334 1.000000
62.469994 4.437631 0.315232 7.903796 0.561456 1.000000
63.262874 3.607260 0.205687 7.953796 0.453527 1.000000
64.060753 2.765696 0.119403 8.003796 0.345548 1.000000
64.863633 1.912932 0.056415 8.053796 0.237519 1.000000
65.671512 1.048959 0.016755 8.103796 0.129440 1.000000
66.484392 0.173771 0.000454 8.153796 0.021312 1.000000
65.731411 -0.530503 0.004282 8.107491 -0.065434 1.000000
64.601262 -1.174749 0.021362 8.037491 -0.146159 1.000000
63.480913 -1.802115 0.051159 7.967491 -0.226184 1.000000
62.370365 -2.412750 0.093335 7.897491 -0.305508 1.000000
61.269616 -3.006800 0.147558 7.827491 -0.384133 1.000000
60.178667 -3.584413 0.213498 7.757491 -0.462058 1.000000
59.097518 -4.145734 0.290826 7.687491 -0.539283 1.000000
58.026170 -4.690912 0.379220 7.617491 -0.615808 1.000000
56.964621 -5.220094 0.478356 7.547491 -0.691633 1.000000
55.912872 -5.733425 0.587918 7.477491 -0.766758 1.000000
54.870923 -6.231054 0.707589 7.407491 -0.841183 1.000000
53.838775 -6.713127 0.837056 7.337491 -0.914908 1.000000
52.816426 -7.179791 0.976011 7.267491 -0.987933 1.000000
51.803877 -7.631194 1.124146 7.197491 -1.060258 1.000000
50.801128 -8.067482 1.281158 7.127491 -1.131882 1.000000
49.808180 -8.488802 1.446746 7.057491 -1.202807 1.000000
48.825031 -8.895302 1.620611 6.987491 -1.273032 1.000000
47.851682 -9.287127 1.802460 6.917491 -1.342557 1.000000
46.888133 -9.664426 1.991999 6.847491 -1.411382 1.000000
45.934385 -10.027345 2.188941 6.777491 -1.479507 1.000000
44.990436 -10.376032 2.392998 6.707491 -1.546932 1.000000
44.056287 -10.710633 2.603888 6.637491 -1.613657 1.000000
43.131938 -11.031295 2.821331 6.567491 -1.679682 1.000000
42.217390 -11.338165 3.045048 6.497491 -1.745007 1.000000
41.312641 -11.631391 3.274766 6.427491 -1.809632 1.000000
40.417692 -11.911118 3.510214 6.357491 -1.873556 1.000000
39.532543 -12.177495 3.751122 6.287491 -1.936781 1.000000
38.657195 -12.430669 3.997226 6.217491 -1.999306 1.000000
37.791646 -12.670785 4.248262 6.147491 -2.061131 1.000000
36.935897 -12.897992 4.503971 6.077491 -2.122256 1.000000
36.089948 -13.112437 4.764096 6.007491 -2.182681 1.000000
35.253800 -13.314265 5.028384 5.937491 -2.242406 1.000000
34.427451 -13.503625 5.296584 5.867491 -2.301431 1.000000
33.610902 -13.680663 5.568447 5.797491 -2.359756 1.000000
32.804153 -13.845526 5.843729 5.727491 -2.417381 1.000000
32.007205 -13.998361 6.122188 5.657491 -2.474306 1.000000
31.220056 -14.139316 6.403584 5.587491 -2.530530 1.000000
30.442707 -14.268537 6.687682 5.517491 -2.586055 1.000000
29.675158 -14.386172 6.974249 5.447491 -2.640880 1.000000
28.917410 -14.492366 7.263053 5.377491 -2.695005 1.000000
28.169461 -14.587268 7.553868 5.307491 -2.748430 1.000000
27.431312 -14.671024 7.846469 5.237491 -2.801155 1.000000
26.702964 -14.743782 8.140636 5.167491 -2.853180 1.000000
25.984415 -14.805687 8.436148 5.097491 -2.904505 1.000000
25.275666 -14.856888 8.732792 5.027491 -2.955130 1.000000
24.576717 -14.897532 9.030354 4.957491 -3.005055 1.000000
23.887569 -14.927764 9.328624 4.887491 -3.054280 1.000000
23.208220 -14.947733 9.627396 4.817491 -3.102804 1.000000
22.538671 -14.957585 9.926466 4.747491 -3.150629 1.000000
21.878922 -14.957467 10.225633 4.677491 -3.197754 1.000000
21.228974 -14.947527 10.524699 4.607491 -3.244179 1.000000
20.588825 -14.927910 10.823469 4.537491 -3.289904 1.000000
19.958476 -14.898766 11.121752 4.467491 -3.334929 1.000000
19.337927 -14.860239 11.419357 4.397491 -3.379254 1.000000
18.727179 -14.812478 11.716100 4.327491 -3.422879 1.000000
18.126230 -14.755628 12.011796 4.257491 -3.465804 1.000000
17.535081 -14.689839 12.306265 4.187491 -3.508029 1.000000
16.953732 -14.615255 12.599331 4.117491 -3.549554 1.000000
16.382184 -14.532025 12.890818 4.047491 -3.590378 1.000000
15.820435 -14.440295 13.180555 3.977491 -3.630503 1.000000
15.268486 -14.340212 13.468374 3.907491 -3.669928 1.000000
14.726337 -14.231923 13.754109 3.837491 -3.708653 1.000000
14.193989 -14.115576 14.037597 3.767491 -3.746678 1.000000
13.671440 -13.991317 14.318679 3.697491 -3.784003 1.000000
13.158691 -13.859294 14.597198 3.627491 -3.820628 1.000000
12.655742 -13.719652 14.873000 3.557491 -3.856553 1.000000
12.162594 -13.572540 15.145934 3.487491 -3.891778 1.000000
11.679245 -13.418104 15.415853 3.417491 -3.926303 1.000000
11.205696 -13.256492 15.682611 3.347491 -3.960128 1.000000
10.741947 -13.087849 15.946066 3.277491 -3.993253 1.000000
10.287999 -12.912324 16.206079 3.207491 -4.025677 1.000000
9.843850 -12.730063 16.462514 3.137491 -4.057402 1.000000
9.409501 -12.541214 16.715237 3.067491 -4.088427 1.000000
8.984952 -12.345923 16.964119 2.997491 -4.118752 1.000000
8.570204 -12.144337 17.209032 2.927491 -4.148377 1.000000
8.165255 -11.936603 17.449852 2.857491 -4.177302 1.000000
7.770106 -11.722868 17.686456 2.787491 -4.205527 1.000000
7.384757 -11.503280 17.918727 2.717491 -4.233052 1.000000
7.009209 -11.277985 18.146549 2.647491 -4.259877 1.000000
6.643460 -11.047131 18.369810 2.577491 -4.286002 1.000000
6.287511 -10.810863 18.588399 2.507491 -4.311427 1.000000
5.941363 -10.569330 18.802209 2.437491 -4.336151 1.000000
5.605014 -10.322678 19.011138 2.367491 -4.360176 1.000000
5.278465 -10.071055 19.215083 2.297491 -4.383501 1.000000
4.961716 -9.814606 19.413948 2.227491 -4.406126 1.000000
4.654768 -9.553480 19.607636 2.157491 -4.428051 1.000000
4.357619 -9.287824 19.796057 2.087491 -4.449276 1.000000
4.070270 -9.017783 19.979120 2.017491 -4.469801 1.000000
3.792721 -8.743506 20.156740 1.947491 -4.489626 1.000000
3.524973 -8.465139 20.328833 1.877491 -4.508751 1.000000
3.267024 -8.182829 20.495319 1.807491 -4.527176 1.000000
3.018875 -7.896724 20.656121 1.737491 -4.544901 1.000000
2.780526 -7.606970 20.811164 1.667491 -4.561925 1.000000
2.551978 -7.313714 20.960376 1.597491 -4.578250 1.000000
2.333229 -7.017103 21.103690 1.527491 -4.593875 1.000000
2.124280 -6.717285 21.241039 1.457491 -4.608800 1.000000
1.925131 -6.414406 21.372361 1.387491 -4.623025 1.000000
1.735783 -6.108613 21.497596 1.317491 -4.636550 1.000000
1.556234 -5.800053 21.616687 1.247491 -4.649375 1.000000
1.386485 -5.488874 21.729581 1.177491 -4.661500 1.000000
1.226536 -5.175222 21.836225 1.107491 -4.672925 1.000000
1.076388 -4.859244 21.936574 1.037491 -4.683650 1.000000
0.936039 -4.541088 22.030581 0.967491 -4.693675 1.000000
0.805490 -4.220900 22.118204 0.897491 -4.702999 1.000000
0.684741 -3.898827 22.199404 0.827491 -4.711624 1.000000
0.573793 -3.575016 22.274145 0.757491 -4.719549 1.000000
0.472644 -3.249615 22.342394 0.687491 -4.726774 1.000000
0.381295 -2.922770 22.404120 0.617491 -4.733299 1.000000
0.299746 -2.594628 22.459296 0.547491 -4.739124 1.000000
0.227998 -2.265336 22.507898 0.477491 -4.744249 1.000000
0.166049 -1.935042 22.549903 0.407491 -4.748674 1.000000
0.113900 -1.603892 22.585294 0.337491 -4.752399 1.000000
0.071551 -1.272033 22.614054 0.267491 -4.755424 1.000000
0.039003 -0.939613 22.636171 0.197491 -4.757749 1.000000
0.016254 -0.606777 22.651636 0.127491 -4.759373 1.000000
0.003305 -0.273674 22.660441 0.057491 -4.760298 1.000000
0.000158 0.059882 22.662581 -0.012579 -4.760523 1.000000
0.006819 0.393080 22.658051 -0.082579 -4.760047 1.000000
0.023280 0.726104 22.646859 -0.152579 -4.758872 1.000000
0.049541 1.058807 22.629009 -0.222579 -4.756996 1.000000
0.085602 1.391043 22.604510 -0.292579 -4.754420 1.000000
0.131464 1.722665 22.573371 -0.362579 -4.751144 1.000000
0.187125 2.053525 22.535608 -0.432579 -4.747168 1.000000
0.252586 2.383477 22.491236 -0.502579 -4.742493 1.000000
0.327847 2.712373 22.440276 -0.572579 -4.737117 1.000000
0.412908 3.040068 22.382749 -0.642579 -4.731041 1.000000
0.507769 3.366412 22.318682 -0.712579 -4.724265 1.000000
0.612430 3.691260 22.248103 -0.782579 -4.716789 1.000000
0.726891 4.014465 22.171043 -0.852579 -4.708614 1.000000
0.851152 4.335879 22.087536 -0.922579 -4.699738 1.000000
0.985213 4.655356 21.997621 -0.992579 -4.690162 1.000000
1.129074 4.972749 21.901336 -1.062579 -4.679886 1.000000
1.282735 5.287910 21.798726 -1.132579 -4.668911 1.000000
1.446196 5.600693 21.689835 -1.202579 -4.657235 1.000000
1.619457 5.910950 21.574715 -1.272579 -4.644859 1.000000
1.802518 6.218535 21.453415 -1.342579 -4.631783 1.000000
1.995379 6.523300 21.325992 -1.412579 -4.618007 1.000000
2.198040 6.825099 21.192503 -1.482579 -4.603532 1.000000
2.410501 7.123785 21.053009 -1.552579 -4.588356 1.000000
2.632763 7.419210 20.907573 -1.622579 -4.572480 1.000000
2.864824 7.711228 20.756263 -1.692579 -4.555904 1.000000
3.106685 7.999691 20.599148 -1.762579 -4.538628 1.000000
3.358346 8.284453 20.436300 -1.832579 -4.520653 1.000000
3.619807 8.565366 20.267795 -1.902579 -4.501977 1.000000
3.891068 8.842285 20.093712 -1.972579 -4.482601 1.000000
4.172129 9.115060 19.914132 -2.042579 -4.462525 1.000000
4.462990 9.383547 19.729138 -2.112579 -4.441749 1.000000
4.763651 9.647596 19.538819 -2.182579 -4.420274 1.000000
5.074112 9.907063 19.343265 -2.252579 -4.398098 1.000000
5.394373 10.161799 19.142568 -2.322579 -4.375222 1.000000
5.724434 10.411657 18.936826 -2.392579 -4.351646 1.000000
6.064295 10.656492 18.726136 -2.462579 -4.327371 1.000000
