0.768089 -1.882361 4.613118 -0.876407 2.147817 1.000000
0.716435 -2.000015 5.583280 -0.846425 2.362896 1.000000
0.663966 -2.096125 6.617417 -0.814841 2.572434 1.000000
0.611083 -2.170164 7.706992 -0.781718 2.776147 1.000000
0.558184 -2.221749 8.843271 -0.747117 2.973764 1.000000
0.505662 -2.250645 10.017377 -0.711099 3.165024 1.000000
0.453902 -2.256754 11.220342 -0.673723 3.349678 1.000000
0.403284 -2.240117 12.443159 -0.635046 3.527486 1.000000
0.354175 -2.200906 13.676831 -0.595126 3.698220 1.000000
0.306934 -2.139423 14.912419 -0.554016 3.861660 1.000000
0.261910 -2.056093 16.141092 -0.511772 4.017598 1.000000
0.219439 -1.951457 17.354164 -0.468443 4.165833 1.000000
0.179846 -1.826175 18.543147 -0.424083 4.306175 1.000000
0.143443 -1.681013 19.699784 -0.378739 4.438444 1.000000
0.110530 -1.516842 20.816092 -0.332461 4.562466 1.000000
0.081393 -1.334631 21.884400 -0.285295 4.678077 1.000000
0.056305 -1.135445 22.897385 -0.237287 4.785121 1.000000
0.035525 -0.920438 23.848103 -0.188481 4.883452 1.000000
0.019299 -0.690847 24.730024 -0.138921 4.972929 1.000000
0.007859 -0.447988 25.537063 -0.088650 5.053421 1.000000
0.001422 -0.193254 26.263607 -0.037710 5.124803 1.000000
0.000719 0.137226 26.191506 0.026814 5.117764 1.000000
0.016082 0.623621 24.182890 0.126814 4.917610 1.000000
0.051444 1.069939 22.252509 0.226814 4.717257 1.000000
0.106807 1.476121 20.400605 0.326814 4.516703 1.000000
0.182170 1.842107 18.627418 0.426814 4.315949 1.000000
0.277533 2.167836 16.933189 0.526814 4.114996 1.000000
0.392895 2.453250 15.318159 0.626814 3.913842 1.000000
0.528258 2.698288 13.782570 0.726814 3.712488 1.000000
0.683621 2.902889 12.326663 0.826814 3.510935 1.000000
0.858984 3.066995 10.950680 0.926814 3.309181 1.000000
1.054347 3.190544 9.654863 1.026814 3.107228 1.000000
1.269709 3.273477 8.439454 1.126814 2.905074 1.000000
1.505072 3.315734 7.304697 1.226814 2.702720 1.000000
1.760435 3.317255 6.250833 1.326814 2.500167 1.000000
2.035798 3.277980 5.278106 1.426814 2.297413 1.000000
2.331160 3.197849 4.386760 1.526814 2.094459 1.000000
2.646523 3.076802 3.577037 1.626814 1.891306 1.000000
2.981886 2.914779 2.849182 1.726814 1.687952 1.000000
3.337249 2.711720 2.203439 1.826814 1.484398 1.000000
3.712611 2.467564 1.640051 1.926814 1.280645 1.000000
4.107974 2.182253 1.159264 2.026814 1.076691 1.000000
4.523337 1.855725 0.761322 2.126814 0.872538 1.000000
4.958700 1.487921 0.446470 2.226814 0.668184 1.000000
5.414062 1.078781 0.214953 2.326814 0.463630 1.000000
5.889425 0.628246 0.067017 2.426814 0.258877 1.000000
6.384788 0.136254 0.002908 2.526814 0.053923 1.000000
6.002591 -0.090852 0.001375 2.450019 -0.037082 1.000000
5.336186 -0.195618 0.007171 2.310019 -0.084682 1.000000
4.708981 -0.280980 0.016766 2.170019 -0.129483 1.000000
4.120976 -0.348114 0.029406 2.030019 -0.171483 1.000000
3.572170 -0.398196 0.044388 1.890019 -0.210684 1.000000
3.062565 -0.432401 0.061050 1.750019 -0.247084 1.000000
2.592160 -0.451907 0.078784 1.610019 -0.280684 1.000000
2.160955 -0.457888 0.097023 1.470019 -0.311485 1.000000
1.768950 -0.451521 0.115250 1.330019 -0.339485 1.000000
1.416144 -0.433982 0.132995 1.190019 -0.364685 1.000000
1.102539 -0.406447 0.149835 1.050019 -0.387086 1.000000
0.828134 -0.370092 0.165394 0.910019 -0.406686 1.000000
0.592929 -0.326093 0.179341 0.770019 -0.423487 1.000000
0.396923 -0.275625 0.191395 0.630019 -0.437487 1.000000
0.240118 -0.219865 0.201320 0.490019 -0.448687 1.000000
0.122513 -0.159989 0.208929 0.350019 -0.457088 1.000000
0.044108 -0.097173 0.214080 0.210019 -0.462688 1.000000
0.004903 -0.032593 0.216679 0.070019 -0.465488 1.000000
0.004917 0.032641 0.216678 -0.070121 -0.465487 1.000000
0.044151 0.097220 0.214077 -0.210121 -0.462685 1.000000
0.122585 0.160034 0.208924 -0.350121 -0.457082 1.000000
0.240219 0.219908 0.201314 -0.490121 -0.448680 1.000000
0.397053 0.275664 0.191387 -0.630121 -0.437478 1.000000
0.593087 0.326127 0.179331 -0.770121 -0.423475 1.000000
0.828321 0.370122 0.165383 -0.910121 -0.406673 1.000000
1.102755 0.406471 0.149823 -1.050121 -0.387070 1.000000
1.416389 0.433999 0.132983 -1.190121 -0.364668 1.000000
1.769223 0.451530 0.115237 -1.330121 -0.339465 1.000000
2.161257 0.457889 0.097009 -1.470121 -0.311463 1.000000
2.592491 0.451898 0.078770 -1.610121 -0.280661 1.000000
3.062925 0.432382 0.061038 -1.750121 -0.247058 1.000000
3.572559 0.398165 0.044376 -1.890121 -0.210656 1.000000
4.121393 0.348071 0.029396 -2.030121 -0.171453 1.000000
4.709427 0.280924 0.016758 -2.170121 -0.129451 1.000000
5.336661 0.195548 0.007165 -2.310121 -0.084649 1.000000
6.003095 0.090767 0.001372 -2.450121 -0.037046 1.000000
6.435919 -0.341463 0.018117 -2.536911 0.134598 1.000000
6.102432 -1.594028 0.416379 -2.470310 0.645274 1.000000
5.769582 -2.747418 1.308294 -2.401995 1.143807 1.000000
5.438586 -3.801045 2.656562 -2.332078 1.629896 1.000000
5.110576 -4.754762 4.423721 -2.260658 2.103264 1.000000
4.786603 -5.608830 6.572296 -2.187831 2.563649 1.000000
4.467646 -6.363878 9.064942 -2.113681 3.010804 1.000000
4.154613 -7.020877 11.864576 -2.038287 3.444499 1.000000
3.848351 -7.581106 14.934493 -1.961721 3.864517 1.000000
3.549646 -8.046125 18.238475 -1.884050 4.270653 1.000000
3.259233 -8.417757 21.740889 -1.805335 4.662713 1.000000
2.977796 -8.698058 25.406780 -1.725629 5.040514 1.000000
2.705974 -8.889303 29.201949 -1.644985 5.403883 1.000000
2.444365 -8.993969 33.093036 -1.563447 5.752655 1.000000
2.193531 -9.014711 37.047582 -1.481057 6.086672 1.000000
1.953997 -8.954358 41.034101 -1.397855 6.405787 1.000000
1.726261 -8.815892 45.022133 -1.313873 6.709853 1.000000
1.510790 -8.602440 48.982302 -1.229142 6.998736 1.000000
1.308028 -8.317263 52.886366 -1.143691 7.272301 1.000000
1.118397 -7.963747 56.707265 -1.057543 7.530423 1.000000
0.942299 -7.545392 60.419161 -0.970721 7.772976 1.000000
0.780119 -7.065809 63.997486 -0.883244 7.999843 1.000000
0.632227 -6.528712 67.418972 -0.795127 8.210906 1.000000
0.498980 -5.937909 70.661694 -0.706385 8.406051 1.000000
0.380726 -5.297304 73.705101 -0.617030 8.585168 1.000000
0.277803 -4.610884 76.530049 -0.527070 8.748145 1.000000
0.190543 -3.882727 79.118834 -0.436513 8.894877 1.000000
0.119275 -3.116987 81.455219 -0.345363 9.025254 1.000000
0.064324 -2.317900 83.524465 -0.253623 9.139172 1.000000
0.026015 -1.489782 85.313362 -0.161293 9.236523 1.000000
0.004675 -0.637025 86.810250 -0.068371 9.317202 1.000000
0.000725 0.250685 86.713542 0.026921 9.312011 1.000000
0.016109 1.156482 83.025934 0.126921 9.111857 1.000000
0.051493 2.022204 79.414885 0.226921 8.911503 1.000000
0.106877 2.847789 75.880634 0.326921 8.710949 1.000000
0.182261 3.633178 72.423423 0.426921 8.510195 1.000000
0.277645 4.378311 69.043493 0.526921 8.309241 1.000000
0.393029 5.083127 65.741084 0.626921 8.108088 1.000000
0.528414 5.747568 62.516438 0.726921 7.906734 1.000000
0.683798 6.371572 59.369797 0.826921 7.705180 1.000000
0.859182 6.955080 56.301403 0.926921 7.503426 1.000000
1.054566 7.498032 53.311497 1.026921 7.301472 1.000000
1.269950 8.000368 50.400321 1.126921 7.099318 1.000000
1.505334 8.462028 47.568120 1.226921 6.896965 1.000000
1.760718 8.882952 44.815135 1.326921 6.694411 1.000000
2.036102 9.263079 42.141609 1.426921 6.491657 1.000000
2.331487 9.602350 39.547786 1.526921 6.288703 1.000000
2.646871 9.900705 37.033909 1.626921 6.085549 1.000000
2.982255 10.158084 34.600222 1.726921 5.882195 1.000000
3.337639 10.374427 32.246969 1.826921 5.678641 1.000000
3.713023 10.549674 29.974395 1.926921 5.474888 1.000000
4.108407 10.683764 27.782743 2.026921 5.270934 1.000000
4.523791 10.776639 25.672259 2.126921 5.066780 1.000000
4.959175 10.828237 23.643188 2.226921 4.862426 1.000000
5.414560 10.838499 21.695774 2.326921 4.657872 1.000000
5.889944 10.807365 19.830264 2.426921 4.453118 1.000000
6.385328 10.734775 18.046902 2.526921 4.248165 1.000000
6.900712 10.620668 16.345936 2.626921 4.043011 1.000000
7.436096 10.464986 14.727611 2.726921 3.837657 1.000000
7.991480 10.267667 13.192173 2.826921 3.632103 1.000000
8.566864 10.028652 11.739869 2.926921 3.426349 1.000000
9.162248 9.747881 10.370947 3.026921 3.220395 1.000000
9.777633 9.425294 9.085652 3.126921 3.014242 1.000000
10.413017 9.060831 7.884233 3.226921 2.807888 1.000000
11.068401 8.654431 6.766938 3.326921 2.601334 1.000000
11.743785 8.206036 5.734014 3.426921 2.394580 1.000000
12.439169 7.715584 4.785708 3.526921 2.187626 1.000000
13.154553 7.183016 3.922271 3.626921 1.980472 1.000000
13.889937 6.608272 3.143949 3.726921 1.773119 1.000000
14.645321 5.991292 2.450993 3.826921 1.565565 1.000000
15.420705 5.332015 1.843650 3.926921 1.357811 1.000000
16.216090 4.630383 1.322171 4.026921 1.149857 1.000000
17.031474 3.886334 0.886805 4.126921 0.941703 1.000000
17.866858 3.099809 0.537801 4.226921 0.733349 1.000000
18.722242 2.270748 0.275410 4.326921 0.524795 1.000000
19.597626 1.399091 0.099882 4.426921 0.316042 1.000000
20.493010 0.484778 0.011468 4.526921 0.107088 1.000000
20.339473 -0.200909 0.001985 4.509930 -0.044548 1.000000
19.096292 -0.582716 0.017781 4.369930 -0.133347 1.000000
17.892312 -0.927815 0.048112 4.229930 -0.219345 1.000000
16.727531 -1.237384 0.091533 4.089930 -0.302544 1.000000
15.601950 -1.512596 0.146645 3.949930 -0.382943 1.000000
14.515570 -1.754630 0.212098 3.809930 -0.460541 1.000000
13.468389 -1.964660 0.286589 3.669930 -0.535340 1.000000
12.460409 -2.143862 0.368860 3.529930 -0.607338 1.000000
11.491628 -2.293413 0.457702 3.389930 -0.676537 1.000000
10.562048 -2.414489 0.551953 3.249930 -0.742936 1.000000
9.671667 -2.508265 0.650497 3.109930 -0.806534 1.000000
8.820487 -2.575918 0.752266 2.969930 -0.867333 1.000000
8.008506 -2.618624 0.856238 2.829930 -0.925331 1.000000
7.235726 -2.637558 0.961439 2.689930 -0.980530 1.000000
6.502145 -2.633896 1.066942 2.549930 -1.032929 1.000000
5.807765 -2.608815 1.171865 2.409930 -1.082527 1.000000
5.152584 -2.563491 1.275377 2.269930 -1.129326 1.000000
4.536604 -2.499099 1.376690 2.129930 -1.173324 1.000000
3.959823 -2.416816 1.475066 1.989930 -1.214523 1.000000
3.422243 -2.317818 1.569813 1.849930 -1.252922 1.000000
2.923862 -2.203280 1.660284 1.709930 -1.288520 1.000000
2.464682 -2.074379 1.745884 1.569930 -1.321319 1.000000
2.044701 -1.932290 1.826059 1.429930 -1.351317 1.000000
1.663921 -1.778190 1.900307 1.289930 -1.378516 1.000000
1.322340 -1.613254 1.968170 1.149930 -1.402915 1.000000
1.019959 -1.438659 2.029238 1.009930 -1.424513 1.000000
0.756779 -1.255581 2.083149 0.869930 -1.443312 1.000000
0.532798 -1.065195 2.129587 0.729930 -1.459311 1.000000
0.348018 -0.868678 2.168283 0.589930 -1.472509 1.000000
0.202437 -0.667205 2.199015 0.449930 -1.482908 1.000000
0.096057 -0.461953 2.221609 0.309930 -1.490506 1.000000
0.028876 -0.254098 2.235937 0.169930 -1.495305 1.000000
0.000896 -0.044815 2.241918 0.029930 -1.497304 1.000000
0.012146 0.164929 2.239512 -0.110210 -1.496500 1.000000
0.062605 0.373537 2.228738 -0.250210 -1.492896 1.000000
0.152264 0.580043 2.209657 -0.390210 -1.486492 1.000000
0.281122 0.783272 2.182378 -0.530210 -1.477287 1.000000
0.449181 0.982047 2.147055 -0.670210 -1.465283 1.000000
0.656440 1.175192 2.103889 -0.810210 -1.450479 1.000000
0.902898 1.361531 2.053130 -0.950210 -1.432875 1.000000
1.188557 1.539889 1.995073 -1.090210 -1.412471 1.000000
1.513416 1.709089 1.930061 -1.230210 -1.389266 1.000000
1.877474 1.867955 1.858484 -1.370210 -1.363262 1.000000
2.280733 2.015311 1.780778 -1.510210 -1.334458 1.000000
2.723192 2.149982 1.697428 -1.650210 -1.302854 1.000000
3.204850 2.270791 1.608965 -1.790210 -1.268450 1.000000
3.725709 2.376562 1.515965 -1.930210 -1.231246 1.000000
4.285768 2.466119 1.419056 -2.070210 -1.191241 1.000000
4.885026 2.538287 1.318908 -2.210210 -1.148437 1.000000
5.523485 2.591888 1.216240 -2.350210 -1.102833 1.000000
6.201144 2.625749 1.111820 -2.490210 -1.054429 1.000000
6.918002 2.638691 1.006459 -2.630210 -1.003225 1.000000
7.674061 2.629539 0.901019 -2.770210 -0.949220 1.000000
8.469320 2.597118 0.796407 -2.910210 -0.892416 1.000000
9.303778 2.540251 0.693576 -3.050210 -0.832812 1.000000
10.177437 2.457762 0.593528 -3.190210 -0.770408 1.000000
11.090296 2.348476 0.497312 -3.330210 -0.705204 1.000000
12.042354 2.211215 0.406023 -3.470210 -0.637199 1.000000
13.033613 2.044805 0.320804 -3.610210 -0.566395 1.000000
14.064072 1.848070 0.242843 -3.750210 -0.492791 1.000000
15.133730 1.619832 0.173378 -3.890210 -0.416387 1.000000
16.242589 1.358917 0.113692 -4.030210 -0.337183 1.000000
17.390648 1.064148 0.065116 -4.170210 -0.255178 1.000000
18.577906 0.734349 0.029027 -4.310210 -0.170374 1.000000
19.804365 0.368344 0.006851 -4.450210 -0.082770 1.000000
20.805212 -0.335612 0.005414 -4.561273 0.073579 1.000000
18.986714 -4.078998 0.876309 -4.357375 0.936114 1.000000
17.325671 -7.337371 3.107355 -4.162412 1.762769 1.000000
15.802697 -10.156990 6.528281 -3.975261 2.555050 1.000000
14.401725 -12.577538 10.984411 -3.794961 3.314274 1.000000
13.109361 -14.633351 16.334508 -3.620685 4.041597 1.000000
11.914370 -16.354383 22.449013 -3.451720 4.738039 1.000000
10.807288 -17.766983 29.208594 -3.287444 5.404498 1.000000
9.780101 -18.894512 36.502954 -3.127315 6.041767 1.000000
8.825998 -19.757844 44.229832 -2.970858 6.650551 1.000000
7.939169 -20.375777 52.294178 -2.817653 7.231471 1.000000
7.114642 -20.765365 60.607457 -2.667329 7.785079 1.000000
6.348155 -20.942192 69.087061 -2.519555 8.311863 1.000000
5.636043 -20.920600 77.655820 -2.374035 8.812254 1.000000
4.975151 -20.713882 86.241582 -2.230505 9.286635 1.000000
4.362765 -20.334433 94.776856 -2.088723 9.735341 1.000000
3.796548 -19.793891 103.198512 -1.948473 10.158667 1.000000
3.274492 -19.103245 111.447522 -1.809556 10.556871 1.000000
2.794874 -18.272932 119.468743 -1.671788 10.930176 1.000000
2.356226 -17.312922 127.210725 -1.535000 11.278773 1.000000
1.957305 -16.232782 134.625556 -1.399037 11.602825 1.000000
2.250000 4.481250 8.925156 1.500000 2.987500 1.000000
2.560000 4.455040 7.752883 1.600000 2.784400 1.000000
2.890000 4.387870 6.662077 1.700000 2.581100 1.000000
3.240000 4.279680 5.652982 1.800000 2.377600 1.000000
3.610000 4.130410 4.725841 1.900000 2.173900 1.000000
4.000000 3.940000 3.880900 2.000000 1.970000 1.000000
4.410000 3.708390 3.118403 2.100000 1.765900 1.000000
4.840000 3.435520 2.438595 2.200000 1.561600 1.000000
5.290000 3.121330 1.841720 2.300000 1.357100 1.000000
5.760000 2.765760 1.328026 2.400000 1.152400 1.000000
6.250000 2.368750 0.897756 2.500000 0.947500 1.000000
6.760000 1.930240 0.551158 2.600000 0.742400 1.000000
7.290000 1.450170 0.288476 2.700000 0.537100 1.000000
7.840000 0.928480 0.109959 2.800000 0.331600 1.000000
8.410000 0.365110 0.015851 2.900000 0.125900 1.000000
8.449943 -0.066856 0.000529 2.906879 -0.022999 1.000000
7.655617 -0.220622 0.006358 2.766879 -0.079737 1.000000
6.900491 -0.351146 0.017869 2.626879 -0.133674 1.000000
6.184565 -0.459605 0.034155 2.486879 -0.184812 1.000000
5.507839 -0.547173 0.054359 2.346879 -0.233149 1.000000
4.870313 -0.615028 0.077666 2.206879 -0.278687 1.000000
4.271987 -0.664345 0.103314 2.066879 -0.321425 1.000000
3.712861 -0.696301 0.130583 1.926879 -0.361362 1.000000
3.192935 -0.712070 0.158802 1.786879 -0.398500 1.000000
2.712209 -0.712830 0.187348 1.646879 -0.432837 1.000000
2.270683 -0.699756 0.215644 1.506879 -0.464375 1.000000
1.868357 -0.674025 0.243160 1.366879 -0.493112 1.000000
1.505231 -0.636811 0.269413 1.226879 -0.519050 1.000000
1.181305 -0.589292 0.293967 1.086879 -0.542188 1.000000
0.896579 -0.532643 0.316434 0.946879 -0.562525 1.000000
0.651053 -0.468040 0.336473 0.806879 -0.580063 1.000000
0.444727 -0.396660 0.353787 0.666879 -0.594800 1.000000
0.277601 -0.319677 0.368131 0.526879 -0.606738 1.000000
0.149675 -0.238269 0.379302 0.386879 -0.615875 1.000000
0.060949 -0.153611 0.387149 0.246879 -0.622213 1.000000
0.011423 -0.066879 0.391564 0.106879 -0.625751 1.000000
0.001106 0.020838 0.392486 -0.033261 -0.626487 1.000000
0.030020 0.108188 0.389903 -0.173261 -0.624422 1.000000
0.098133 0.194083 0.383851 -0.313261 -0.619557 1.000000
0.205446 0.277347 0.374411 -0.453261 -0.611892 1.000000
0.351959 0.356803 0.361714 -0.593261 -0.601427 1.000000
0.537672 0.431276 0.345934 -0.733261 -0.588161 1.000000
0.762586 0.499589 0.327294 -0.873261 -0.572096 1.000000
1.026699 0.560567 0.306064 -1.013261 -0.553231 1.000000
1.330012 0.613034 0.282562 -1.153261 -0.531566 1.000000
1.672525 0.655813 0.257151 -1.293261 -0.507100 1.000000
2.054238 0.687729 0.230242 -1.433261 -0.479835 1.000000
2.475152 0.707606 0.202293 -1.573261 -0.449770 1.000000
2.935265 0.714267 0.173810 -1.713261 -0.416905 1.000000
3.434578 0.706536 0.145344 -1.853261 -0.381239 1.000000
3.973091 0.683239 0.117494 -1.993261 -0.342774 1.000000
4.550804 0.643197 0.090908 -2.133261 -0.301509 1.000000
5.167718 0.585237 0.066277 -2.273261 -0.257444 1.000000
5.823831 0.508181 0.044343 -2.413261 -0.210579 1.000000
6.519144 0.410854 0.025893 -2.553261 -0.160913 1.000000
7.253657 0.292079 0.011761 -2.693261 -0.108448 1.000000
8.027371 0.150681 0.002828 -2.833261 -0.053183 1.000000
8.730046 -0.144188 0.002381 -2.954665 0.048800 1.000000
8.216931 -1.813696 0.400331 -2.866519 0.632717 1.000000
7.715540 -3.335183 1.441694 -2.777686 1.200706 1.000000
7.226454 -4.711473 3.071766 -2.688206 1.752645 1.000000
6.750203 -5.945587 5.236881 -2.598115 2.288423 1.000000
6.287274 -7.040732 7.884482 -2.507444 2.807932 1.000000
5.838118 -8.000272 10.963184 -2.416220 3.311070 1.000000
5.403150 -8.827722 14.422825 -2.324468 3.797739 1.000000
4.982755 -9.526727 18.214525 -2.232209 4.267848 1.000000
4.577294 -10.101050 22.290723 -2.139461 4.721305 1.000000
4.187104 -10.554566 26.605227 -2.046241 5.158025 1.000000
3.812501 -10.891248 31.113244 -1.952563 5.577925 1.000000
3.453786 -11.115161 35.771419 -1.858436 5.980921 1.000000
3.111242 -11.230455 40.537867 -1.763871 6.366935 1.000000
2.785143 -11.241356 45.372201 -1.668875 6.735889 1.000000
2.475752 -11.152164 50.235560 -1.573452 7.087705 1.000000
2.183321 -10.967249 55.090633 -1.477607 7.422306 1.000000
1.908100 -10.691043 59.901686 -1.381340 7.739618 1.000000
1.650331 -10.328041 64.634581 -1.284652 8.039564 1.000000
1.410254 -9.882797 69.256803 -1.187541 8.322067 1.000000
1.188109 -9.359923 73.737475 -1.090004 8.587053 1.000000
0.984135 -8.764085 78.047381 -0.992036 8.834443 1.000000
0.798575 -8.100006 82.158986 -0.893630 9.064159 1.000000
0.631673 -7.372461 86.046457 -0.794778 9.276123 1.000000
0.483679 -6.586282 89.685678 -0.695471 9.470252 1.000000
0.354853 -5.746355 93.054274 -0.595695 9.646464 1.000000
0.245460 -4.857623 96.131628 -0.495439 9.804674 1.000000
0.155778 -3.925084 98.898903 -0.394687 9.944793 1.000000
0.086096 -2.953800 101.339062 -0.293422 10.066730 1.000000
0.036720 -1.948892 103.436889 -0.191624 10.170393 1.000000
0.007970 -0.915548 105.179011 -0.089272 10.255682 1.000000
0.000178 0.137231 105.849217 0.013339 10.288305 1.000000
0.012846 1.143380 101.771339 0.113339 10.088178 1.000000
0.045513 2.109460 97.769607 0.213339 9.887851 1.000000
0.098181 3.035413 93.844262 0.313339 9.687325 1.000000
0.170849 3.921177 89.995544 0.413339 9.486598 1.000000
0.263516 4.766693 86.223695 0.513339 9.285671 1.000000
0.376184 5.571902 82.528954 0.613339 9.084545 1.000000
0.508852 6.336742 78.911564 0.713339 8.883218 1.000000
0.661520 7.061155 75.371766 0.813339 8.681691 1.000000
0.834187 7.745079 71.909802 0.913339 8.479965 1.000000
1.026855 8.388455 68.525914 1.013339 8.278038 1.000000
1.239523 8.991224 65.220345 1.113339 8.075911 1.000000
1.472191 9.553324 61.993336 1.213339 7.873585 1.000000
1.724858 10.074697 58.845132 1.313339 7.671058 1.000000
1.997526 10.555281 55.775974 1.413339 7.468331 1.000000
2.290194 10.995017 52.786105 1.513339 7.265405 1.000000
2.602861 11.393846 49.875771 1.613339 7.062278 1.000000
2.935529 11.751706 47.045214 1.713339 6.858951 1.000000
3.288197 12.068538 44.294677 1.813339 6.655425 1.000000
3.660865 12.344283 41.624407 1.913339 6.451698 1.000000
4.053532 12.578879 39.034646 2.013339 6.247771 1.000000
4.466200 12.772267 36.525640 2.113339 6.043645 1.000000
4.898868 12.924388 34.097634 2.213339 5.839318 1.000000
5.351535 13.035180 31.750873 2.313339 5.634791 1.000000
5.824203 13.104584 29.485602 2.413339 5.430065 1.000000
6.316871 13.132541 27.302066 2.513339 5.225138 1.000000
6.829539 13.118989 25.200513 2.613339 5.020011 1.000000
7.362206 13.063869 23.181188 2.713339 4.814685 1.000000
7.914874 12.967122 21.244336 2.813339 4.609158 1.000000
8.487542 12.828686 19.390206 2.913339 4.403431 1.000000
9.080209 12.648502 17.619044 3.013339 4.197505 1.000000
9.692877 12.426511 15.931097 3.113339 3.991378 1.000000
10.325545 12.162651 14.326612 3.213339 3.785051 1.000000
10.978213 11.856863 12.805838 3.313339 3.578525 1.000000
11.650880 11.509088 11.369021 3.413339 3.371798 1.000000
12.343548 11.119264 10.016409 3.513339 3.164871 1.000000
13.056216 10.687332 8.748252 3.613339 2.957744 1.000000
13.788883 10.213233 7.564798 3.713339 2.750418 1.000000
14.541551 9.696905 6.466295 3.813339 2.542891 1.000000
15.314219 9.138289 5.452993 3.913339 2.335164 1.000000
16.106887 8.537325 4.525141 4.013339 2.127238 1.000000
16.919554 7.893954 3.682987 4.113339 1.919111 1.000000
17.752222 7.208114 2.926783 4.213339 1.710784 1.000000
18.604890 6.479746 2.256778 4.313339 1.502258 1.000000
19.477557 5.708791 1.673223 4.413339 1.293531 1.000000
20.370225 4.895187 1.176367 4.513339 1.084604 1.000000
21.282893 4.038875 0.766461 4.613339 0.875478 1.000000
22.215561 3.139795 0.443757 4.713339 0.666151 1.000000
23.168228 2.197888 0.208506 4.813339 0.456624 1.000000
24.140896 1.213092 0.060958 4.913339 0.246898 1.000000
25.133564 0.185348 0.001367 5.013339 0.036971 1.000000
24.163932 -0.403919 0.006752 4.915682 -0.082170 1.000000
22.807141 -0.855244 0.032071 4.775682 -0.179083 1.000000
21.489550 -1.266454 0.074637 4.635682 -0.273197 1.000000
20.211159 -1.638723 0.132868 4.495682 -0.364510 1.000000
18.971968 -1.973229 0.205231 4.355682 -0.453024 1.000000
17.771977 -2.271147 0.290238 4.215682 -0.538738 1.000000
16.611186 -2.533654 0.386450 4.075682 -0.621651 1.000000
15.489595 -2.761924 0.492474 3.935682 -0.701765 1.000000
14.407204 -2.957135 0.606964 3.795682 -0.779079 1.000000
13.364013 -3.120462 0.728620 3.655682 -0.853592 1.000000
12.360022 -3.253082 0.856191 3.515682 -0.925306 1.000000
11.395231 -3.356170 0.988473 3.375682 -0.994220 1.000000
10.469640 -3.430902 1.124307 3.235682 -1.060333 1.000000
9.583249 -3.478454 1.262582 3.095682 -1.123647 1.000000
8.736058 -3.500002 1.402236 2.955682 -1.184161 1.000000
7.928066 -3.496723 1.542252 2.815682 -1.241874 1.000000
7.159275 -3.469792 1.681659 2.675682 -1.296788 1.000000
6.429684 -3.420386 1.819535 2.535682 -1.348901 1.000000
5.739293 -3.349679 1.955006 2.395682 -1.398215 1.000000
5.088102 -3.258849 2.087241 2.255682 -1.444729 1.000000
4.476111 -3.149071 2.215461 2.115682 -1.488442 1.000000
3.903320 -3.021522 2.338930 1.975682 -1.529356 1.000000
3.369729 -2.877376 2.456961 1.835682 -1.567470 1.000000
2.875338 -2.717811 2.568915 1.695682 -1.602783 1.000000
2.420147 -2.544003 2.674196 1.555682 -1.635297 1.000000
2.004156 -2.357126 2.772260 1.415682 -1.665011 1.000000
1.627365 -2.158358 2.862608 1.275682 -1.691924 1.000000
1.289774 -1.948874 2.944786 1.135682 -1.716038 1.000000
0.991383 -1.729850 3.018391 0.995682 -1.737352 1.000000
0.732192 -1.502463 3.083063 0.855682 -1.755865 1.000000
0.512201 -1.267888 3.138492 0.715682 -1.771579 1.000000
0.331410 -1.027301 3.184414 0.575682 -1.784493 1.000000
0.189819 -0.781878 3.220611 0.435682 -1.794606 1.000000
0.087428 -0.532796 3.246915 0.295682 -1.801920 1.000000
0.024237 -0.281230 3.263202 0.155682 -1.806433 1.000000
0.000246 -0.028356 3.269396 0.015682 -1.808147 1.000000
0.015490 0.224902 3.265460 -0.124458 -1.807058 1.000000
0.069938 0.476862 3.251419 -0.264458 -1.803169 1.000000
0.163586 0.726600 3.227340 -0.404458 -1.796480 1.000000
0.296434 0.972941 3.193336 -0.544458 -1.786991 1.000000
0.468482 1.214708 3.149566 -0.684458 -1.774702 1.000000
0.679731 1.450726 3.096236 -0.824458 -1.759612 1.000000
0.930179 1.679819 3.033600 -0.964458 -1.741723 1.000000
1.219827 1.900810 2.961959 -1.104458 -1.721034 1.000000
1.548675 2.112523 2.881659 -1.244458 -1.697545 1.000000
1.916723 2.313783 2.793096 -1.384458 -1.671256 1.000000
2.323971 2.503414 2.696712 -1.524458 -1.642167 1.000000
2.770420 2.680239 2.592994 -1.664458 -1.610278 1.000000
3.256068 2.843083 2.482479 -1.804458 -1.575588 1.000000
3.780916 2.990769 2.365749 -1.944458 -1.538099 1.000000
4.344964 3.122122 2.243435 -2.084458 -1.497810 1.000000
4.948212 3.235965 2.116213 -2.224458 -1.454721 1.000000
5.590660 3.331123 1.984807 -2.364458 -1.408832 1.000000
6.272309 3.406420 1.849988 -2.504458 -1.360143 1.000000
6.993157 3.460679 1.712574 -2.644458 -1.308653 1.000000
7.753205 3.492724 1.573430 -2.784458 -1.254364 1.000000
8.552453 3.501381 1.433468 -2.924458 -1.197275 1.000000
9.390901 3.485471 1.293647 -3.064458 -1.137386 1.000000
10.268550 3.443821 1.154973 -3.204458 -1.074697 1.000000
11.185398 3.375253 1.018500 -3.344458 -1.009208 1.000000
12.141446 3.278591 0.885328 -3.484458 -0.940919 1.000000
13.136694 3.152660 0.756603 -3.624458 -0.869829 1.000000
14.171142 2.996283 0.633521 -3.764458 -0.795940 1.000000
15.244790 2.808285 0.517322 -3.904458 -0.719251 1.000000
16.357639 2.587490 0.409295 -4.044458 -0.639762 1.000000
17.509687 2.332721 0.310776 -4.184458 -0.557473 1.000000
18.700935 2.042803 0.223146 -4.324458 -0.472384 1.000000
19.931383 1.716559 0.147836 -4.464458 -0.384494 1.000000
21.201031 1.352814 0.086322 -4.604458 -0.293805 1.000000
22.509879 0.950391 0.040127 -4.744458 -0.200316 1.000000
23.857928 0.508115 0.010822 -4.884458 -0.104027 1.000000
25.245176 0.024810 0.000024 -5.024458 -0.004938 1.000000
23.016633 -4.308883 0.806654 -4.797565 0.898139 1.000000
20.838764 -8.219532 3.242069 -4.564950 1.800575 1.000000
18.872169 -11.565303 7.087486 -4.344211 2.662233 1.000000
17.088159 -14.406682 12.145982 -4.133783 3.485109 1.000000
15.463290 -16.794760 18.240875 -3.932339 4.270934 1.000000
13.978258 -18.773097 25.212667 -3.738751 5.021222 1.000000
12.617066 -20.379172 32.916578 -3.552051 5.737297 1.000000
11.366376 -21.645514 41.220548 -3.371406 6.420323 1.000000
10.215009 -22.600604 50.003608 -3.196093 7.071323 1.000000
9.153549 -23.269592 59.154535 -3.025483 7.691199 1.000000
8.174029 -23.674867 68.570752 -2.859026 8.280746 1.000000
7.269689 -23.836527 78.157407 -2.696236 8.840668 1.000000
6.434767 -23.772752 87.826606 -2.536684 9.371585 1.000000
5.664347 -23.500118 97.496773 -2.379989 9.874045 1.000000
4.954224 -23.033852 107.092112 -2.225809 10.348532 1.000000
4.300798 -22.388039 116.542151 -2.073837 10.795469 1.000000
3.700988 -21.575804 125.781358 -1.923795 11.215229 1.000000
3.152159 -20.609455 134.748819 -1.775432 11.608136 1.000000
2.652063 -19.500612 143.387959 -1.628516 11.974471 1.000000
2.198794 -18.260310 151.646307 -1.482833 12.314475 1.000000
1.790743 -16.899092 159.475303 -1.338187 12.628353 1.000000
1.426571 -15.427085 166.830126 -1.194391 12.916274 1.000000
1.105175 -13.854071 173.669557 -1.051273 13.178375 1.000000
0.825675 -12.189544 179.955858 -0.908666 13.414763 1.000000
0.587388 -10.442765 185.654677 -0.766412 13.625516 1.000000
0.389823 -8.622809 190.734969 -0.624358 13.810683 1.000000
0.232664 -6.738608 195.168932 -0.482353 13.970287 1.000000
0.115770 -4.798995 198.931964 -0.340250 14.104324 1.000000
0.039165 -2.812735 202.002625 -0.197902 14.212763 1.000000
0.003043 -0.788570 204.362621 -0.055162 14.295545 1.000000
0.003794 0.874491 201.574979 0.061594 14.197710 1.000000
0.026113 2.261907 195.929647 0.161594 13.997487 1.000000
0.068431 3.609226 190.358974 0.261594 13.797064 1.000000
0.130750 4.916388 184.863202 0.361594 13.596441 1.000000
0.213069 6.183334 179.442571 0.461594 13.395618 1.000000
1.690000 -4.114500 10.017225 1.300000 -3.165000 1.000000
1.345600 -3.699936 10.173548 1.160000 -3.189600 1.000000
1.040400 -3.275628 10.313090 1.020000 -3.211400 1.000000
0.774400 -2.842752 10.435484 0.880000 -3.230400 1.000000
0.547600 -2.402484 10.540412 0.740000 -3.246600 1.000000
0.360000 -1.956000 10.627600 0.600000 -3.260000 1.000000
0.211600 -1.504476 10.696824 0.460000 -3.270600 1.000000
0.102400 -1.049088 10.747907 0.320000 -3.278400 1.000000
0.032400 -0.591012 10.780716 0.180000 -3.283400 1.000000
0.001600 -0.131424 10.795167 0.040000 -3.285600 1.000000
0.010028 0.328960 10.791212 -0.100140 -3.284998 1.000000
0.057667 0.788042 10.768867 -0.240140 -3.281595 1.000000
0.144506 1.245108 10.728195 -0.380140 -3.275392 1.000000
0.270546 1.698980 10.669301 -0.520140 -3.266390 1.000000
0.435785 2.148483 10.592335 -0.660140 -3.254587 1.000000
0.640224 2.592441 10.497496 -0.800140 -3.239984 1.000000
0.883863 3.029677 10.385030 -0.940140 -3.222581 1.000000
1.166702 3.459017 10.255227 -1.080140 -3.202378 1.000000
1.488742 3.879283 10.108429 -1.220140 -3.179376 1.000000
1.849981 4.289301 9.945021 -1.360140 -3.153573 1.000000
2.250420 4.687892 9.765437 -1.500140 -3.124970 1.000000
2.690059 5.073883 9.570158 -1.640140 -3.093567 1.000000
3.168898 5.446097 9.359711 -1.780140 -3.059364 1.000000
3.686938 5.803357 9.134670 -1.920140 -3.022362 1.000000
4.244177 6.144489 8.895657 -2.060140 -2.982559 1.000000
4.840616 6.468315 8.643341 -2.200140 -2.939956 1.000000
5.476255 6.773660 8.378438 -2.340140 -2.894553 1.000000
6.151094 7.059347 8.101711 -2.480140 -2.846350 1.000000
6.865134 7.324202 7.813968 -2.620140 -2.795348 1.000000
7.618373 7.567047 7.516068 -2.760140 -2.741545 1.000000
8.410812 7.786708 7.208914 -2.900140 -2.684942 1.000000
9.242451 7.982007 6.893456 -3.040140 -2.625539 1.000000
10.113290 8.151769 6.570693 -3.180140 -2.563336 1.000000
11.023330 8.294817 6.241671 -3.320140 -2.498334 1.000000
11.972569 8.409977 5.907480 -3.460140 -2.430531 1.000000
12.961008 8.496071 5.569260 -3.600140 -2.359928 1.000000
13.988647 8.551924 5.228197 -3.740140 -2.286525 1.000000
15.055486 8.576360 4.885525 -3.880140 -2.210322 1.000000
16.161526 8.568203 4.542523 -4.020140 -2.131320 1.000000
17.306765 8.526277 4.200519 -4.160140 -2.049517 1.000000
18.491204 8.449405 3.860887 -4.300140 -1.964914 1.000000
19.714843 8.336413 3.525048 -4.440140 -1.877511 1.000000
20.977682 8.186123 3.194471 -4.580140 -1.787308 1.000000
22.279722 7.997360 2.870671 -4.720140 -1.694306 1.000000
23.620961 7.768947 2.555211 -4.860140 -1.598503 1.000000
25.001400 7.499710 2.249700 -5.000140 -1.499900 1.000000
26.421039 7.188471 1.955794 -5.140140 -1.398497 1.000000
27.879878 6.834056 1.675198 -5.280140 -1.294294 1.000000
29.377918 6.435287 1.409661 -5.420140 -1.187292 1.000000
30.915157 5.990989 1.160982 -5.560140 -1.077489 1.000000
32.491596 5.499985 0.931005 -5.700140 -0.964886 1.000000
34.107235 4.961101 0.721622 -5.840140 -0.849483 1.000000
35.762074 4.373159 0.534771 -5.980140 -0.731280 1.000000
37.456114 3.734984 0.372439 -6.120140 -0.610278 1.000000
39.189353 3.045400 0.236658 -6.260140 -0.486475 1.000000
40.961792 2.303231 0.129508 -6.400140 -0.359872 1.000000
42.773431 1.507301 0.053116 -6.540140 -0.230469 1.000000
44.624270 0.656433 0.009656 -6.680140 -0.098266 1.000000
44.355700 -2.284812 0.117693 -6.660008 0.343064 1.000000
38.875429 -9.745194 2.442900 -6.235016 1.562978 1.000000
34.208207 -15.850142 7.344056 -5.848778 2.709992 1.000000
30.191826 -20.827506 14.367630 -5.494709 3.790466 1.000000
26.703864 -24.854508 23.133228 -5.167578 4.809701 1.000000
23.650523 -28.071037 33.317788 -4.863180 5.772156 1.000000
20.958972 -30.589031 44.643832 -4.578097 6.681604 1.000000
18.571971 -32.499220 56.870612 -4.309521 7.541261 1.000000
16.444051 -33.876047 69.787339 -4.055126 8.353882 1.000000
14.538739 -34.781300 83.207961 -3.812970 9.121840 1.000000
12.826525 -35.266849 96.967079 -3.581414 9.847186 1.000000
11.283343 -35.376708 110.916727 -3.359069 10.531701 1.000000
9.889432 -35.148620 124.923813 -3.144747 11.176932 1.000000
8.628466 -34.615291 138.868067 -2.937425 11.784230 1.000000
7.486887 -33.805344 152.640386 -2.736218 12.354772 1.000000
6.453383 -32.744077 166.141483 -2.540351 12.889588 1.000000
5.518486 -31.454069 179.280790 -2.349146 13.389578 1.000000
4.674249 -29.955658 191.975549 -2.162001 13.855524 1.000000
3.913994 -28.267333 204.150071 -1.978382 14.288109 1.000000
3.232110 -26.406054 215.735115 -1.797807 14.687924 1.000000
2.623891 -24.387508 226.667374 -1.619843 15.055477 1.000000
2.085406 -22.226331 236.889050 -1.444093 15.391200 1.000000
1.613393 -19.936284 246.347500 -1.270194 15.695461 1.000000
1.205181 -17.530407 254.994942 -1.097808 15.968561 1.000000
0.858619 -15.021150 262.788208 -0.926617 16.210744 1.000000
0.572024 -12.420484 269.688552 -0.756323 16.422197 1.000000
0.344145 -9.739998 275.661483 -0.586639 16.603056 1.000000
0.174129 -6.990991 280.676642 -0.417288 16.753407 1.000000
0.061503 -4.184548 284.707703 -0.247998 16.873284 1.000000
0.006163 -1.331616 287.732307 -0.078503 16.962674 1.000000
0.002909 0.910833 285.142764 0.053940 16.886171 1.000000
0.023697 2.568630 278.421358 0.153940 16.685963 1.000000
0.064485 4.186335 271.773525 0.253940 16.485555 1.000000
0.125273 5.763888 265.199504 0.353940 16.284947 1.000000
0.206061 7.301228 258.699536 0.453940 16.084139 1.000000
0.306849 8.798295 252.273863 0.553940 15.883131 1.000000
0.427637 10.255031 245.922725 0.653940 15.681924 1.000000
0.568425 11.671374 239.646364 0.753940 15.480516 1.000000
0.729213 13.047264 233.445022 0.853940 15.278908 1.000000
0.910001 14.382643 227.318941 0.953940 15.077100 1.000000
1.110789 15.677448 221.268362 1.053940 14.875092 1.000000
1.331577 16.931622 215.293528 1.153940 14.672884 1.000000
1.572365 18.145103 209.394683 1.253940 14.470476 1.000000
1.833152 19.317832 203.572068 1.353940 14.267868 1.000000
2.113940 20.449748 197.825926 1.453940 14.065060 1.000000
2.414728 21.540792 192.156502 1.553940 13.862053 1.000000
2.735516 22.590904 186.564039 1.653940 13.658845 1.000000
3.076304 23.600023 181.048781 1.753940 13.455437 1.000000
3.437092 24.568090 175.610971 1.853940 13.251829 1.000000
3.817880 25.495045 170.250854 1.953940 13.048021 1.000000
4.218668 26.380827 164.968675 2.053940 12.844013 1.000000
4.639456 27.225377 159.764679 2.153940 12.639805 1.000000
5.080244 28.028635 154.639110 2.253940 12.435397 1.000000
5.541032 28.790540 149.592213 2.353940 12.230790 1.000000
6.021820 29.511033 144.624236 2.453940 12.025982 1.000000
6.522607 30.190053 139.735422 2.553940 11.820974 1.000000
7.043395 30.827541 134.926018 2.653940 11.615766 1.000000
7.584183 31.423437 130.196271 2.753940 11.410358 1.000000
8.144971 31.977680 125.546426 2.853940 11.204750 1.000000
8.725759 32.490211 120.976732 2.953940 10.998942 1.000000
9.326547 32.960970 116.487433 3.053940 10.792934 1.000000
9.947335 33.389896 112.078779 3.153940 10.586727 1.000000
10.588123 33.776930 107.751015 3.253940 10.380319 1.000000
11.248911 34.122011 103.504391 3.353940 10.173711 1.000000
11.929699 34.425081 99.339153 3.453940 9.966903 1.000000
12.630487 34.686077 95.255551 3.553940 9.759895 1.000000
13.351275 34.904942 91.253832 3.653940 9.552687 1.000000
14.092062 35.081614 87.334244 3.753940 9.345279 1.000000
14.852850 35.216034 83.497038 3.853940 9.137671 1.000000
15.633638 35.308141 79.742462 3.953940 8.929864 1.000000
16.434426 35.357876 76.070766 4.053940 8.721856 1.000000
17.255214 35.365178 72.482198 4.153940 8.513648 1.000000
18.096002 35.329989 68.977009 4.253940 8.305240 1.000000
18.956790 35.252247 65.555449 4.353940 8.096632 1.000000
19.837578 35.131892 62.217769 4.453940 7.887824 1.000000
20.738366 34.968865 58.964219 4.553940 7.678816 1.000000
21.659154 34.763106 55.795049 4.653940 7.469608 1.000000
22.599942 34.514554 52.710511 4.753940 7.260200 1.000000
23.560730 34.223151 49.710856 4.853940 7.050593 1.000000
24.541518 33.888834 46.796335 4.953940 6.840785 1.000000
25.542305 33.511546 43.967201 5.053940 6.630777 1.000000
26.563093 33.091225 41.223706 5.153940 6.420569 1.000000
27.603881 32.627811 38.566101 5.253940 6.210161 1.000000
28.664669 32.121245 35.994639 5.353940 5.999553 1.000000
29.745457 31.571467 33.509572 5.453940 5.788745 1.000000
30.846245 30.978417 31.111155 5.553940 5.577737 1.000000
31.967033 30.342034 28.799639 5.653940 5.366530 1.000000
33.107821 29.662259 26.575279 5.753940 5.155122 1.000000
34.268609 28.939031 24.438329 5.853940 4.943514 1.000000
35.449397 28.172291 22.389041 5.953940 4.731706 1.000000
36.650185 27.361979 20.427670 6.053940 4.519698 1.000000
37.870973 26.508034 18.554471 6.153940 4.307490 1.000000
39.111760 25.610397 16.769699 6.253940 4.095082 1.000000
40.372548 24.669008 15.073607 6.353940 3.882474 1.000000
41.653336 23.683806 13.466452 6.453940 3.669667 1.000000
42.954124 22.654732 11.948489 6.553940 3.456659 1.000000
44.274912 21.581725 10.519973 6.653940 3.243451 1.000000
45.615700 20.464727 9.181160 6.753940 3.030043 1.000000
46.976488 19.303675 7.932306 6.853940 2.816435 1.000000
48.357276 18.098512 6.773668 6.953940 2.602627 1.000000
49.758064 16.849176 5.705502 7.053940 2.388619 1.000000
51.178852 15.555608 4.728065 7.153940 2.174411 1.000000
52.619640 14.217747 3.841614 7.253940 1.960003 1.000000
54.080428 12.835534 3.046406 7.353940 1.745396 1.000000
55.561216 11.408908 2.342699 7.453940 1.530588 1.000000
57.062003 9.937811 1.730750 7.553940 1.315580 1.000000
58.582791 8.422181 1.210818 7.653940 1.100372 1.000000
60.123579 6.861958 0.783161 7.753940 0.884964 1.000000
61.684367 5.257083 0.448038 7.853940 0.669356 1.000000
63.265155 3.607496 0.205706 7.953940 0.453548 1.000000
64.865943 1.913136 0.056425 8.053940 0.237540 1.000000
66.486731 0.173945 0.000455 8.153940 0.021333 1.000000
64.604744 -1.175554 0.021390 8.037708 -0.146255 1.000000
62.373786 -2.413611 0.093397 7.897708 -0.305609 1.000000
60.182028 -3.585327 0.213595 7.757708 -0.462163 1.000000
58.029470 -4.691878 0.379354 7.617708 -0.615917 1.000000
55.916112 -5.734441 0.588092 7.477708 -0.766872 1.000000
53.841953 -6.714191 0.837272 7.337708 -0.915026 1.000000
51.806995 -7.632304 1.124405 7.197708 -1.060380 1.000000
49.811237 -8.489956 1.447050 7.057708 -1.202934 1.000000
47.854679 -9.288324 1.802811 6.917708 -1.342688 1.000000
45.937321 -10.028583 2.189341 6.777708 -1.479642 1.000000
44.059163 -10.711909 2.604339 6.637708 -1.613796 1.000000
42.220205 -11.339478 3.045551 6.497708 -1.745151 1.000000
40.420446 -11.912467 3.510769 6.357708 -1.873705 1.000000
38.659888 -12.432051 3.997836 6.217708 -1.999459 1.000000
36.938530 -12.899406 4.504637 6.077708 -2.122413 1.000000
35.256372 -13.315708 5.029108 5.937708 -2.242567 1.000000
33.613414 -13.682134 5.569229 5.797708 -2.359921 1.000000
32.009656 -13.999859 6.123029 5.657708 -2.474475 1.000000
30.445098 -14.270059 6.688584 5.517708 -2.586230 1.000000
28.919739 -14.493911 7.264016 5.377708 -2.695184 1.000000
27.433581 -14.672589 7.847494 5.237708 -2.801338 1.000000
25.986623 -14.807271 8.437236 5.097708 -2.904692 1.000000
24.578865 -14.899132 9.031505 4.957708 -3.005246 1.000000
23.210307 -14.949349 9.628612 4.817708 -3.103000 1.000000
21.880949 -14.959097 10.226913 4.677708 -3.197955 1.000000
20.590791 -14.929551 10.824815 4.537708 -3.290109 1.000000
19.339833 -14.861890 11.420769 4.397708 -3.379463 1.000000
18.128074 -14.757287 12.013274 4.257708 -3.466017 1.000000
16.955516 -14.616920 12.600875 4.117708 -3.549771 1.000000
15.822158 -14.441964 13.182166 3.977708 -3.630725 1.000000
14.728000 -14.233595 13.755787 3.837708 -3.708879 1.000000
13.673042 -13.992990 14.320424 3.697708 -3.784234 1.000000
12.657284 -13.721323 14.874812 3.557708 -3.856788 1.000000
11.680726 -13.419772 15.417732 3.417708 -3.926542 1.000000
10.743367 -13.089513 15.948011 3.277708 -3.993496 1.000000
9.845209 -12.731720 16.464526 3.137708 -4.057650 1.000000
8.986251 -12.347571 16.966197 2.997708 -4.119004 1.000000
8.166493 -11.938241 17.451995 2.857708 -4.177559 1.000000
7.385935 -11.504906 17.920936 2.717708 -4.233313 1.000000
6.644577 -11.048743 18.372084 2.577708 -4.286267 1.000000
5.942419 -10.570927 18.804547 2.437708 -4.336421 1.000000
5.279460 -10.072634 19.217485 2.297708 -4.383775 1.000000
4.655702 -9.555040 19.610101 2.157708 -4.428329 1.000000
4.071144 -9.019322 19.981646 2.017708 -4.470083 1.000000
3.525786 -8.466654 20.331420 1.877708 -4.509038 1.000000
3.019628 -7.898214 20.658768 1.737708 -4.545192 1.000000
2.552670 -7.315178 20.963083 1.597708 -4.578546 1.000000
2.124912 -6.718720 21.243804 1.457708 -4.609100 1.000000
1.736353 -6.110018 21.500417 1.317708 -4.636854 1.000000
1.386995 -5.490247 21.732457 1.177708 -4.661808 1.000000
1.076837 -4.860584 21.939505 1.037708 -4.683963 1.000000
0.805879 -4.222203 22.121188 0.897708 -4.703317 1.000000
0.574121 -3.576282 22.277181 0.757708 -4.719871 1.000000
0.381563 -2.923996 22.407206 0.617708 -4.733625 1.000000
0.228205 -2.266522 22.511031 0.477708 -4.744579 1.000000
0.114046 -1.605034 22.588474 0.337708 -4.752733 1.000000
0.039088 -0.940710 22.639396 0.197708 -4.758087 1.000000
0.003330 -0.274725 22.663709 0.057708 -4.760642 1.000000
0.006795 0.392411 22.661352 -0.082432 -4.760394 1.000000
0.049476 1.058188 22.632336 -0.222432 -4.757345 1.000000
0.131357 1.722096 22.576722 -0.362432 -4.751497 1.000000
0.252438 2.382960 22.494609 -0.502432 -4.742848 1.000000
0.412719 3.039604 22.386141 -0.642432 -4.731400 1.000000
0.612200 3.690851 22.251512 -0.782432 -4.717151 1.000000
0.850881 4.335526 22.090961 -0.922432 -4.700102 1.000000
1.128763 4.972453 21.904774 -1.062432 -4.680254 1.000000
1.445844 5.600455 21.693284 -1.202432 -4.657605 1.000000
1.802125 6.218356 21.456872 -1.342432 -4.632156 1.000000
2.197606 6.824982 21.195966 -1.482432 -4.603908 1.000000
2.632287 7.419154 20.911039 -1.622432 -4.572859 1.000000
3.106168 7.999699 20.602615 -1.762432 -4.539010 1.000000
3.619249 8.565439 20.271261 -1.902432 -4.502362 1.000000
4.171530 9.115198 19.917593 -2.042432 -4.462913 1.000000
4.763011 9.647801 19.542274 -2.182432 -4.420664 1.000000
5.393692 10.162072 19.146013 -2.322432 -4.375616 1.000000
6.063573 10.656834 18.729568 -2.462432 -4.327767 1.000000
14.919024 -20.342120 27.736523 -3.862515 5.266548 1.000000
13.428618 -22.001217 36.046415 -3.664508 6.003867 1.000000
12.065604 -23.294351 44.973032 -3.473558 6.706194 1.000000
10.816245 -24.254020 54.386483 -3.288806 7.374719 1.000000
9.669037 -24.908681 64.167961 -3.109507 8.010491 1.000000
8.614304 -25.283468 74.208404 -2.935013 8.614430 1.000000
7.643872 -25.400773 84.407392 -2.764755 9.187350 1.000000
6.750811 -25.280711 94.672236 -2.598232 9.729966 1.000000
5.929227 -24.941492 104.917216 -2.435001 10.242911 1.000000
5.174101 -24.399740 115.062945 -2.274665 10.726740 1.000000
4.481147 -23.670740 125.035836 -2.116872 11.181942 1.000000
3.846707 -22.768654 134.767650 -1.961302 11.608947 1.000000
3.267660 -21.706695 144.195120 -1.807667 12.008127 1.000000
2.741351 -20.497277 153.259629 -1.655702 12.379807 1.000000
2.265526 -19.152137 161.906940 -1.505166 12.724266 1.000000
1.838288 -17.682442 170.086967 -1.355835 13.041739 1.000000
1.458052 -16.098884 177.753582 -1.207498 13.332426 1.000000
1.123518 -14.411753 184.864453 -1.059962 13.596487 1.000000
0.833638 -12.631010 191.380909 -0.913038 13.834049 1.000000
0.587598 -10.766348 197.267827 -0.766550 14.045207 1.000000
0.384804 -8.827245 202.493543 -0.620325 14.230023 1.000000
0.224864 -6.823012 207.029781 -0.474198 14.388529 1.000000
0.107586 -4.762844 210.851595 -0.328003 14.520730 1.000000
0.032970 -2.655858 213.937332 -0.181577 14.626597 1.000000
0.001208 -0.511137 216.268612 -0.034757 14.706074 1.000000
0.005856 1.114844 212.233337 0.076526 14.568230 1.000000
0.031161 2.536317 206.438773 0.176526 14.367977 1.000000
0.076466 3.917684 200.718745 0.276526 14.167524 1.000000
0.141772 5.258886 195.073493 0.376526 13.966871 1.000000
0.227077 6.559861 189.503257 0.476526 13.766018 1.000000
0.332382 7.820551 184.008280 0.576526 13.564965 1.000000
0.457687 9.040894 178.588801 0.676526 13.363712 1.000000
0.602992 10.220832 173.245063 0.776526 13.162259 1.000000
0.768297 11.360304 167.977308 0.876526 12.960606 1.000000
0.953602 12.459250 162.785777 0.976526 12.758753 1.000000
1.158908 13.517610 157.670712 1.076526 12.556700 1.000000
1.384213 14.535324 152.632357 1.176526 12.354447 1.000000
1.629518 15.512332 147.670953 1.276526 12.151994 1.000000
1.894823 16.448574 142.786744 1.376526 11.949341 1.000000
2.180128 17.343991 137.979973 1.476526 11.746488 1.000000
2.485433 18.198521 133.250883 1.576526 11.543435 1.000000
2.810738 19.012106 128.599719 1.676526 11.340182 1.000000
3.156043 19.784684 124.026723 1.776526 11.136729 1.000000
3.521349 20.516197 119.532140 1.876526 10.933075 1.000000
3.906654 21.206584 115.116214 1.976526 10.729222 1.000000
4.311959 21.855784 110.779191 2.076526 10.525169 1.000000
4.737264 22.463739 106.521314 2.176526 10.320916 1.000000
5.182569 23.030388 102.342829 2.276526 10.116463 1.000000
5.647874 23.555672 98.243982 2.376526 9.911810 1.000000
6.133179 24.039529 94.225018 2.476526 9.706957 1.000000
6.638485 24.481900 90.286182 2.576526 9.501904 1.000000
7.163790 24.882725 86.427721 2.676526 9.296651 1.000000
7.709095 25.241945 82.649882 2.776526 9.091198 1.000000
8.274400 25.559498 78.952909 2.876526 8.885545 1.000000
8.859705 25.835326 75.337052 2.976526 8.679692 1.000000
9.465010 26.069368 71.802556 3.076526 8.473639 1.000000
10.090315 26.261563 68.349668 3.176526 8.267386 1.000000
10.735621 26.411853 64.978637 3.276526 8.060933 1.000000
11.400926 26.520177 61.689710 3.376526 7.854280 1.000000
12.086231 26.586475 58.483135 3.476526 7.647427 1.000000
12.791536 26.610687 55.359160 3.576526 7.440374 1.000000
13.516841 26.592753 52.318033 3.676526 7.233121 1.000000
14.262146 26.532614 49.360004 3.776526 7.025668 1.000000
15.027451 26.430208 46.485321 3.876526 6.818014 1.000000
15.812756 26.285477 43.694234 3.976526 6.610161 1.000000
16.618062 26.098359 40.986991 4.076526 6.402108 1.000000
17.443367 25.868796 38.363844 4.176526 6.193855 1.000000
18.288672 25.596726 35.825040 4.276526 5.985402 1.000000
19.153977 25.282091 33.370831 4.376526 5.776749 1.000000
20.039282 24.924830 31.001468 4.476526 5.567896 1.000000
20.944587 24.524883 28.717199 4.576526 5.358843 1.000000
21.869892 24.082190 26.518278 4.676526 5.149590 1.000000
22.815198 23.596691 24.404954 4.776526 4.940137 1.000000
23.780503 23.068326 22.377478 4.876526 4.730484 1.000000
24.765808 22.497036 20.436104 4.976526 4.520631 1.000000
25.771113 21.882759 18.581081 5.076526 4.310578 1.000000
26.796418 21.225437 16.812663 5.176526 4.100325 1.000000
27.841723 20.525008 15.131102 5.276526 3.889872 1.000000
28.907028 19.781414 13.536650 5.376526 3.679219 1.000000
29.992333 18.994593 12.029560 5.476526 3.468366 1.000000
31.097639 18.164487 10.610085 5.576526 3.257313 1.000000
32.222944 17.291035 9.278479 5.676526 3.046060 1.000000
33.368249 16.374177 8.034994 5.776526 2.834606 1.000000
34.533554 15.413853 6.879885 5.876526 2.622953 1.000000
35.718859 14.410003 5.813405 5.976526 2.411100 1.000000
36.924164 13.362568 4.835809 6.076526 2.199047 1.000000
38.149469 12.271486 3.947352 6.176526 1.986794 1.000000
39.394775 11.136698 3.148287 6.276526 1.774341 1.000000
40.660080 9.958145 2.438870 6.376526 1.561688 1.000000
41.945385 8.735765 1.819356 6.476526 1.348835 1.000000
43.250690 7.469500 1.290001 6.576526 1.135782 1.000000
44.575995 6.159289 0.851060 6.676526 0.922529 1.000000
45.921300 4.805072 0.502789 6.776526 0.709076 1.000000
47.286605 3.406788 0.245444 6.876526 0.495423 1.000000
48.671911 1.964379 0.079282 6.976526 0.281570 1.000000
50.077216 0.477784 0.004559 7.076526 0.067517 1.000000
49.172074 -0.679539 0.009391 7.012280 -0.096907 1.000000
47.228235 -1.620158 0.055579 6.872280 -0.235753 1.000000
45.323597 -2.503050 0.138234 6.732280 -0.371798 1.000000
43.458159 -3.329391 0.255069 6.592280 -0.505044 1.000000
41.631920 -4.100356 0.403847 6.452280 -0.635489 1.000000
39.844882 -4.817122 0.582375 6.312280 -0.763135 1.000000
38.097043 -5.480866 0.788510 6.172280 -0.887981 1.000000
36.388405 -6.092762 1.020153 6.032280 -1.010026 1.000000
34.718966 -6.653986 1.275255 5.892280 -1.129272 1.000000
33.088728 -7.165716 1.551812 5.752280 -1.245718 1.000000
31.497689 -7.629127 1.847868 5.612280 -1.359363 1.000000
29.945851 -8.045394 2.161514 5.472280 -1.470209 1.000000
28.433212 -8.415694 2.490887 5.332280 -1.578254 1.000000
26.959774 -8.741203 2.834172 5.192280 -1.683500 1.000000
25.525535 -9.023097 3.189601 5.052280 -1.785946 1.000000
24.130497 -9.262552 3.555454 4.912280 -1.885591 1.000000
22.774659 -9.460744 3.930055 4.772280 -1.982437 1.000000
21.458020 -9.618848 4.311779 4.632280 -2.076482 1.000000
20.180582 -9.738041 4.699044 4.492280 -2.167728 1.000000
18.942343 -9.819499 5.090319 4.352280 -2.256174 1.000000
17.743305 -9.864398 5.484117 4.212280 -2.341819 1.000000
16.583466 -9.873914 5.878999 4.072280 -2.424665 1.000000
15.462828 -9.849223 6.273574 3.932280 -2.504710 1.000000
14.381389 -9.791501 6.666497 3.792280 -2.581956 1.000000
13.339151 -9.701923 7.056469 3.652280 -2.656402 1.000000
12.336112 -9.581666 7.442241 3.512280 -2.728047 1.000000
11.372274 -9.431906 7.822609 3.372280 -2.796893 1.000000
10.447635 -9.253819 8.196416 3.232280 -2.862938 1.000000
9.562197 -9.048581 8.562553 3.092280 -2.926184 1.000000
8.715959 -8.817367 8.919956 2.952280 -2.986630 1.000000
7.908920 -8.561355 9.267611 2.812280 -3.044275 1.000000
7.141082 -8.281719 9.604550 2.672280 -3.099121 1.000000
6.412443 -7.979636 9.929850 2.532280 -3.151166 1.000000
5.723005 -7.656282 10.242637 2.392280 -3.200412 1.000000
5.072766 -7.312833 10.542084 2.252280 -3.246858 1.000000
4.461728 -6.950465 10.827411 2.112280 -3.290503 1.000000
3.889889 -6.570353 11.097885 1.972280 -3.331349 1.000000
3.357251 -6.173675 11.352819 1.832280 -3.369394 1.000000
2.863812 -5.761605 11.591574 1.692280 -3.404640 1.000000
2.409574 -5.335320 11.813558 1.552280 -3.437086 1.000000
1.994535 -4.895996 12.018225 1.412280 -3.466731 1.000000
1.618697 -4.444809 12.205079 1.272280 -3.493577 1.000000
1.282059 -3.982934 12.373668 1.132280 -3.517622 1.000000
0.984620 -3.511549 12.523587 0.992280 -3.538868 1.000000
0.726382 -3.031828 12.654480 0.852280 -3.557314 1.000000
0.507343 -2.544948 12.766038 0.712280 -3.572959 1.000000
0.327505 -2.052085 12.857997 0.572280 -3.585805 1.000000
0.186866 -1.554415 12.930141 0.432280 -3.595850 1.000000
0.085428 -1.053114 12.982301 0.292280 -3.603096 1.000000
0.023189 -0.549357 13.014357 0.152280 -3.607542 1.000000
0.000151 -0.044322 13.026233 0.012280 -3.609187 1.000000
0.016348 0.461322 13.017883 -0.127860 -3.608030 1.000000
0.071749 0.965386 12.989343 -0.267860 -3.604073 1.000000
0.166350 1.467200 12.940682 -0.407860 -3.597316 1.000000
0.300150 1.965589 12.872013 -0.547860 -3.587759 1.000000
0.473151 2.459375 12.783496 -0.687860 -3.575402 1.000000
0.685352 2.947383 12.675340 -0.827860 -3.560244 1.000000
0.936753 3.428437 12.547798 -0.967860 -3.542287 1.000000
1.227353 3.901361 12.401173 -1.107860 -3.521530 1.000000
1.557154 4.364980 12.235813 -1.247860 -3.497973 1.000000
1.926155 4.818116 12.052115 -1.387860 -3.471616 1.000000
2.334356 5.259594 11.850520 -1.527860 -3.442458 1.000000
2.781756 5.688238 11.631518 -1.667860 -3.410501 1.000000
3.268357 6.102872 11.395647 -1.807860 -3.375744 1.000000
3.794158 6.502320 11.143491 -1.947860 -3.338187 1.000000
4.359158 6.885406 10.875680 -2.087860 -3.297830 1.000000
4.963359 7.250954 10.592892 -2.227860 -3.254672 1.000000
5.606760 7.597788 10.295853 -2.367860 -3.208715 1.000000
6.289361 7.924732 9.985335 -2.507860 -3.159958 1.000000
7.011161 8.230609 9.662156 -2.647860 -3.108401 1.000000
7.772162 8.514245 9.327182 -2.787860 -3.054044 1.000000
8.572363 8.774463 8.981328 -2.927860 -2.996886 1.000000
9.411764 9.010087 8.625553 -3.067860 -2.936929 1.000000
10.290364 9.219941 8.260865 -3.207860 -2.874172 1.000000
11.208165 9.402849 7.888317 -3.347860 -2.808615 1.000000
12.165166 9.557634 7.509012 -3.487860 -2.740258 1.000000
13.161367 9.683122 7.124097 -3.627860 -2.669100 1.000000
14.196767 9.778136 6.734768 -3.767860 -2.595143 1.000000
15.271368 9.841500 6.342268 -3.907860 -2.518386 1.000000
16.385169 9.872037 5.947886 -4.047860 -2.438829 1.000000
17.538170 9.868573 5.552959 -4.187860 -2.356472 1.000000
18.730370 9.829931 5.158869 -4.327860 -2.271314 1.000000
19.961771 9.754934 4.767049 -4.467860 -2.183357 1.000000
21.232372 9.642408 4.378975 -4.607860 -2.092600 1.000000
22.542172 9.491175 3.996172 -4.747860 -1.999043 1.000000
23.891173 9.300061 3.620213 -4.887860 -1.902686 1.000000
25.279374 9.067888 3.252715 -5.027860 -1.803528 1.000000
26.706775 8.793482 2.895345 -5.167860 -1.701571 1.000000
28.173375 8.475665 2.549815 -5.307860 -1.596814 1.000000
29.679176 8.113263 2.217886 -5.447860 -1.489257 1.000000
31.224177 7.705098 1.901364 -5.587860 -1.378900 1.000000
32.808378 7.249996 1.602104 -5.727860 -1.265743 1.000000
34.431778 6.746779 1.322006 -5.867860 -1.149785 1.000000
36.094379 6.194272 1.063019 -6.007860 -1.031028 1.000000
37.796180 5.591300 0.827137 -6.147860 -0.909471 1.000000
39.537181 4.936685 0.616404 -6.287860 -0.785114 1.000000
41.317381 4.229252 0.432907 -6.427860 -0.657957 1.000000
43.136782 3.467826 0.278783 -6.567860 -0.527999 1.000000
44.995383 2.651229 0.156216 -6.707860 -0.395242 1.000000
46.893184 1.778286 0.067436 -6.847860 -0.259685 1.000000
48.830184 0.847821 0.014720 -6.987860 -0.121328 1.000000
49.542972 -1.308110 0.034539 -7.038677 0.185846 1.000000
43.137026 -9.652602 2.159925 -6.567878 1.469668 1.000000
37.741976 -16.421808 7.145248 -6.143450 2.673060 1.000000
33.144962 -21.897931 14.467338 -5.757166 3.803595 1.000000
29.187784 -26.297225 23.692928 -5.402572 4.867538 1.000000
25.750885 -29.788080 34.458223 -5.074533 5.870113 1.000000
22.742556 -32.503564 46.453955 -4.768916 6.815714 1.000000
20.091513 -34.550287 59.414259 -4.482356 7.708065 1.000000
17.741686 -36.014779 73.108288 -4.212088 8.550338 1.000000
15.648500 -36.968135 87.333799 -3.955819 9.345255 1.000000
13.776179 -37.469464 101.912200 -3.711628 10.095157 1.000000
12.095761 -37.568471 116.684682 -3.477896 10.802068 1.000000
10.583622 -37.307416 131.509163 -3.253248 11.467744 1.000000
9.220363 -36.722618 146.257862 -3.036505 12.093712 1.000000
7.989960 -35.845617 160.815354 -2.826652 12.681299 1.000000
6.879110 -34.704091 175.076999 -2.622806 13.231667 1.000000
5.876724 -33.322565 188.947662 -2.424196 13.745823 1.000000
4.973534 -31.722990 202.340673 -2.230142 14.224650 1.000000
4.161773 -29.925203 215.176970 -2.040042 14.668912 1.000000
3.434937 -27.947292 227.384393 -1.853358 15.079270 1.000000
2.787580 -25.805904 238.897099 -1.669605 15.456296 1.000000
2.215158 -23.516492 249.655082 -1.488341 15.800477 1.000000
1.713907 -21.093525 259.603767 -1.309163 16.112224 1.000000
1.280741 -18.550658 268.693685 -1.131698 16.391879 1.000000
0.913167 -15.900879 276.880192 -0.955598 16.639717 1.000000
0.609233 -13.156641 284.123253 -0.780534 16.855956 1.000000
0.367468 -10.329964 290.387254 -0.606192 17.040753 1.000000
0.186857 -7.432539 295.640865 -0.432270 17.194210 1.000000
0.066808 -4.475814 299.856926 -0.258473 17.316377 1.000000
0.007142 -1.471074 303.012369 -0.084509 17.407250 1.000000
0.002671 0.895981 300.573587 0.051680 17.337058 1.000000
0.023007 2.599320 293.671794 0.151680 17.136855 1.000000
0.063343 4.262568 286.843389 0.251680 16.936451 1.000000
0.123679 5.885665 280.088612 0.351680 16.735848 1.000000
0.204015 7.468551 273.407705 0.451680 16.535045 1.000000
0.304351 9.011166 266.800908 0.551680 16.334041 1.000000
0.424687 10.513450 260.268463 0.651680 16.132838 1.000000
0.565023 11.975343 253.810611 0.751680 15.931435 1.000000
0.725359 13.396784 247.427593 0.851680 15.729831 1.000000
0.905695 14.777715 241.119652 0.951680 15.528028 1.000000
1.106031 16.118075 234.887030 1.051680 15.326025 1.000000
1.326367 17.417804 228.729969 1.151680 15.123821 1.000000
1.566703 18.676842 222.648711 1.251680 14.921418 1.000000
1.827039 19.895129 216.643501 1.351680 14.718815 1.000000
2.107375 21.072605 210.714580 1.451680 14.516011 1.000000
2.407711 22.209210 204.862192 1.551680 14.313008 1.000000
2.728047 23.304883 199.086581 1.651680 14.109804 1.000000
3.068383 24.359566 193.387991 1.751680 13.906401 1.000000
3.428719 25.373198 187.766665 1.851680 13.702798 1.000000
18.490000 -14.899500 12.006225 4.300000 -3.465000 1.000000
17.305600 -14.766336 12.599660 4.160000 -3.549600 1.000000
16.160400 -14.598228 13.187066 4.020000 -3.631400 1.000000
15.054400 -14.396352 13.767068 3.880000 -3.710400 1.000000
13.987600 -14.161884 14.338340 3.740000 -3.786600 1.000000
12.960000 -13.896000 14.899600 3.600000 -3.860000 1.000000
11.971600 -13.599876 15.449616 3.460000 -3.930600 1.000000
11.022400 -13.274688 15.987203 3.320000 -3.998400 1.000000
10.112400 -12.921612 16.511220 3.180000 -4.063400 1.000000
9.241600 -12.541824 17.020575 3.040000 -4.125600 1.000000
8.410000 -12.136500 17.514225 2.900000 -4.185000 1.000000
7.617600 -11.706816 17.991171 2.760000 -4.241600 1.000000
6.864400 -11.253948 18.450461 2.620000 -4.295400 1.000000
6.150400 -10.779072 18.891193 2.480000 -4.346400 1.000000
5.475600 -10.283364 19.312509 2.340000 -4.394600 1.000000
4.840000 -9.768000 19.713600 2.200000 -4.440000 1.000000
4.243600 -9.234156 20.093703 2.060000 -4.482600 1.000000
3.686400 -8.683008 20.452102 1.920000 -4.522400 1.000000
3.168400 -8.115732 20.788128 1.780000 -4.559400 1.000000
2.689600 -7.533504 21.101161 1.640000 -4.593600 1.000000
2.250000 -6.937500 21.390625 1.500000 -4.625000 1.000000
1.849600 -6.328896 21.655993 1.360000 -4.653600 1.000000
1.488400 -5.708868 21.896784 1.220000 -4.679400 1.000000
1.166400 -5.078592 22.112566 1.080000 -4.702400 1.000000
0.883600 -4.439244 22.302951 0.940000 -4.722600 1.000000
0.640000 -3.792000 22.467600 0.800000 -4.740000 1.000000
0.435600 -3.138036 22.606221 0.660000 -4.754600 1.000000
0.270400 -2.478528 22.718569 0.520000 -4.766400 1.000000
0.144400 -1.814652 22.804445 0.380000 -4.775400 1.000000
0.057600 -1.147584 22.863699 0.240000 -4.781600 1.000000
0.010000 -0.478500 22.896225 0.100000 -4.785000 1.000000
0.001611 0.192094 22.901960 -0.040140 -4.785599 1.000000
0.032450 0.861681 22.880881 -0.180140 -4.783396 1.000000
0.102490 1.529755 22.833045 -0.320140 -4.778394 1.000000
0.211729 2.195140 22.758537 -0.460140 -4.770591 1.000000
0.360168 2.856659 22.657486 -0.600140 -4.759988 1.000000
0.547807 3.513138 22.530071 -0.740140 -4.746585 1.000000
0.774646 4.163399 22.376518 -0.880140 -4.730382 1.000000
1.040686 4.806267 22.197098 -1.020140 -4.711380 1.000000
1.345925 5.440566 21.992131 -1.160140 -4.689577 1.000000
1.690364 6.065119 21.761982 -1.300140 -4.664974 1.000000
2.074003 6.678752 21.507067 -1.440140 -4.637571 1.000000
2.496842 7.280287 21.227844 -1.580140 -4.607368 1.000000
2.958882 7.868549 20.924821 -1.720140 -4.574366 1.000000
3.460121 8.442362 20.598552 -1.860140 -4.538563 1.000000
4.000560 9.000550 20.249640 -2.000140 -4.499960 1.000000
4.580199 9.541937 19.878732 -2.140140 -4.458557 1.000000
5.199038 10.065346 19.486525 -2.280140 -4.414354 1.000000
5.857078 10.569602 19.073760 -2.420140 -4.367352 1.000000
6.554317 11.053529 18.641228 -2.560140 -4.317549 1.000000
7.290756 11.515951 18.189764 -2.700140 -4.264946 1.000000
8.066395 11.955692 17.720254 -2.840140 -4.209543 1.000000
8.881234 12.371576 17.233627 -2.980140 -4.151340 1.000000
9.735274 12.762426 16.730862 -3.120140 -4.090338 1.000000
10.628513 13.127067 16.212982 -3.260140 -4.026535 1.000000
11.560952 13.464323 15.681061 -3.400140 -3.959932 1.000000
12.532591 13.773018 15.136217 -3.540140 -3.890529 1.000000
13.543430 14.051976 14.579616 -3.680140 -3.818326 1.000000
14.593470 14.300020 14.012472 -3.820140 -3.743324 1.000000
15.682709 14.515976 13.436043 -3.960140 -3.665521 1.000000
16.811148 14.698666 12.851637 -4.100140 -3.584918 1.000000
17.978787 14.846915 12.260609 -4.240140 -3.501515 1.000000
19.185626 14.959546 11.664359 -4.380140 -3.415312 1.000000
20.431666 15.035385 11.064336 -4.520140 -3.326310 1.000000
21.716905 15.073255 10.462034 -4.660140 -3.234507 1.000000
23.041344 15.071979 9.858997 -4.800140 -3.139904 1.000000
24.404983 15.030382 9.256814 -4.940140 -3.042501 1.000000
25.807822 14.947288 8.657120 -5.080140 -2.942298 1.000000
27.249862 14.821521 8.061599 -5.220140 -2.839296 1.000000
28.731101 14.651904 7.471983 -5.360140 -2.733493 1.000000
30.251540 14.437262 6.890048 -5.500140 -2.624890 1.000000
31.811179 14.176420 6.317618 -5.640140 -2.513487 1.000000
33.410018 13.868200 5.756566 -5.780140 -2.399284 1.000000
35.048058 13.511427 5.208809 -5.920140 -2.282282 1.000000
36.725297 13.104924 4.676315 -6.060140 -2.162479 1.000000
38.441736 12.647517 4.161094 -6.200140 -2.039876 1.000000
40.197375 12.138028 3.665208 -6.340140 -1.914473 1.000000
41.992214 11.575282 3.190762 -6.480140 -1.786270 1.000000
43.826254 10.958103 2.739911 -6.620140 -1.655268 1.000000
45.699493 10.285315 2.314855 -6.760140 -1.521465 1.000000
47.611932 9.555742 1.917843 -6.900140 -1.384862 1.000000
49.563571 8.768207 1.551169 -7.040140 -1.245459 1.000000
51.554410 7.921535 1.217175 -7.180140 -1.103256 1.000000
53.584450 7.014550 0.918250 -7.320140 -0.958254 1.000000
55.653689 6.046076 0.656830 -7.460140 -0.810451 1.000000
57.762128 5.014937 0.435399 -7.600140 -0.659848 1.000000
59.909767 3.919957 0.256487 -7.740140 -0.506445 1.000000
62.096606 2.759959 0.122670 -7.880140 -0.350242 1.000000
64.322646 1.533768 0.036573 -8.020140 -0.191240 1.000000
66.587885 0.240208 0.000867 -8.160140 -0.029437 1.000000
58.765215 -9.339684 1.484376 -7.665847 1.218350 1.000000
50.438451 -18.510780 6.793408 -7.102003 2.606417 1.000000
43.565765 -25.733783 15.200642 -6.600437 3.898800 1.000000
37.813549 -31.395679 26.067076 -6.149272 5.105593 1.000000
32.940572 -35.785145 38.875361 -5.739388 6.235011 1.000000
28.768881 -39.121587 53.199793 -5.363663 7.293819 1.000000
25.164885 -41.574620 68.684956 -5.016461 8.287639 1.000000
22.026719 -43.277441 85.030225 -4.693263 9.221183 1.000000
19.275635 -44.336184 101.978338 -4.390403 10.098432 1.000000
16.849997 -44.836592 119.306846 -4.104875 10.922767 1.000000
14.701034 -44.848850 136.821618 -3.834193 11.697077 1.000000
12.789775 -44.431132 154.351855 -3.576279 12.423842 1.000000
11.084803 -43.632249 171.746228 -3.329385 13.105199 1.000000
9.560603 -42.493642 188.869837 -3.092023 13.742992 1.000000
8.196312 -41.050902 205.601813 -2.862920 14.338822 1.000000
6.974773 -39.334943 221.833409 -2.640980 14.894073 1.000000
5.881819 -37.372913 237.466458 -2.425246 15.409947 1.000000
4.905706 -35.188914 252.412134 -2.214883 15.887484 1.000000
4.036685 -32.804567 266.589941 -2.009150 16.327582 1.000000
3.266658 -30.239468 279.926892 -1.807390 16.731016 1.000000
2.588911 -27.511559 292.356830 -1.609009 17.098445 1.000000
1.997903 -24.637422 303.819881 -1.413472 17.430430 1.000000
1.489096 -21.632531 314.261991 -1.220285 17.727436 1.000000
1.058830 -18.511458 323.634565 -1.028995 17.989846 1.000000
0.704213 -15.288042 331.894154 -0.839174 18.217962 1.000000
0.423046 -11.975542 339.002215 -0.650420 18.412013 1.000000
0.213764 -8.586768 344.924919 -0.462346 18.572154 1.000000
0.075393 -5.134192 349.632998 -0.274578 18.698476 1.000000
0.007525 -1.630057 353.101634 -0.086747 18.790999 1.000000
0.002924 1.011900 350.233912 0.054070 18.714537 1.000000
0.023738 2.852508 342.780390 0.154070 18.514329 1.000000
0.064552 4.653023 335.399709 0.254070 18.313921 1.000000
0.125366 6.413386 328.092109 0.354070 18.113313 1.000000
0.206180 8.133536 320.857832 0.454070 17.912505 1.000000
0.306994 9.813414 313.697117 0.554070 17.711497 1.000000
0.427808 11.452959 306.610207 0.654070 17.510289 1.000000
0.568622 13.052112 299.597343 0.754070 17.308880 1.000000
0.729436 14.610813 292.658767 0.854070 17.107272 1.000000
0.910250 16.129001 285.794720 0.954070 16.905464 1.000000
1.111064 17.606616 279.005444 1.054070 16.703456 1.000000
1.331878 19.043600 272.291183 1.154070 16.501248 1.000000
1.572692 20.439890 265.652178 1.254070 16.298840 1.000000
1.833506 21.795429 259.088673 1.354070 16.096232 1.000000
2.114320 23.110154 252.600910 1.454070 15.893423 1.000000
2.415134 24.384008 246.189134 1.554070 15.690415 1.000000
2.735948 25.616929 239.853587 1.654070 15.487207 1.000000
3.076762 26.808857 233.594514 1.754070 15.283799 1.000000
3.437577 27.959734 227.412159 1.854070 15.080191 1.000000
3.818391 29.069497 221.306765 1.954070 14.876383 1.000000
4.219205 30.138088 215.278578 2.054070 14.672375 1.000000
4.640019 31.165447 209.327842 2.154070 14.468167 1.000000
5.080833 32.151514 203.454803 2.254070 14.263758 1.000000
5.541647 33.096227 197.659705 2.354070 14.059150 1.000000
6.022461 33.999529 191.942795 2.454070 13.854342 1.000000
6.523275 34.861358 186.304317 2.554070 13.649334 1.000000
7.044089 35.681655 180.744519 2.654070 13.444126 1.000000
7.584903 36.460359 175.263645 2.754070 13.238718 1.000000
8.145717 37.197410 169.861944 2.854070 13.033110 1.000000
8.726531 37.892750 164.539661 2.954070 12.827301 1.000000
9.327345 38.546316 159.297043 3.054070 12.621293 1.000000
9.948159 39.158051 154.134338 3.154070 12.415085 1.000000
10.588973 39.727893 149.051793 3.254070 12.208677 1.000000
11.249787 40.255782 144.049656 3.354070 12.002069 1.000000
11.930601 40.741659 139.128175 3.454070 11.795261 1.000000
12.631415 41.185464 134.287597 3.554070 11.588253 1.000000
13.352229 41.587136 129.528172 3.654070 11.381044 1.000000
14.093044 41.946616 124.850147 3.754070 11.173636 1.000000
14.853858 42.263843 120.253773 3.854070 10.966028 1.000000
15.634672 42.538758 115.739297 3.954070 10.758220 1.000000
16.435486 42.771300 111.306970 4.054070 10.550212 1.000000
17.256300 42.961410 106.957041 4.154070 10.342004 1.000000
18.097114 43.109028 102.689759 4.254070 10.133596 1.000000
18.957928 43.214093 98.505375 4.354070 9.924987 1.000000
19.838742 43.276545 94.404140 4.454070 9.716179 1.000000
20.739556 43.296325 90.386303 4.554070 9.507171 1.000000
21.660370 43.273373 86.452116 4.654070 9.297963 1.000000
22.601184 43.207628 82.601829 4.754070 9.088555 1.000000
23.561998 43.099031 78.835695 4.854070 8.878947 1.000000
24.542812 42.947522 75.153964 4.954070 8.669139 1.000000
25.543626 42.753040 71.556888 5.054070 8.459130 1.000000
26.564440 42.515525 68.044719 5.154070 8.248922 1.000000
27.605254 42.234918 64.617710 5.254070 8.038514 1.000000
28.666068 41.911159 61.276113 5.354070 7.827906 1.000000
29.746882 41.544187 58.020180 5.454070 7.617098 1.000000
30.847696 41.133943 54.850165 5.554070 7.406090 1.000000
31.968511 40.680366 51.766321 5.654070 7.194882 1.000000
33.109325 40.183397 48.768901 5.754070 6.983473 1.000000
34.270139 39.642975 45.858160 5.854070 6.771865 1.000000
35.450953 39.059041 43.034350 5.954070 6.560057 1.000000
36.651767 38.431535 40.297726 6.054070 6.348049 1.000000
37.872581 37.760396 37.648543 6.154070 6.135841 1.000000
39.113395 37.045565 35.087056 6.254070 5.923433 1.000000
40.374209 36.286981 32.613518 6.354070 5.710825 1.000000
41.655023 35.484585 30.228185 6.454070 5.498016 1.000000
42.955837 34.638316 27.931313 6.554070 5.285008 1.000000
44.276651 33.748115 25.723157 6.654070 5.071800 1.000000
45.617465 32.813921 23.603973 6.754070 4.858392 1.000000
46.978279 31.835675 21.574018 6.854070 4.644784 1.000000
48.359093 30.813317 19.633546 6.954070 4.430976 1.000000
49.759907 29.746786 17.782816 7.054070 4.216968 1.000000
51.180721 28.636023 16.022083 7.154070 4.002759 1.000000
52.621535 27.480967 14.351606 7.254070 3.788351 1.000000
54.082349 26.281559 12.771640 7.354070 3.573743 1.000000
55.563164 25.037738 11.282445 7.454070 3.358935 1.000000
57.063978 23.749445 9.884276 7.554070 3.143927 1.000000
58.584792 22.416619 8.577394 7.654070 2.928719 1.000000
60.125606 21.039201 7.362055 7.754070 2.713311 1.000000
61.686420 19.617131 6.238518 7.854070 2.497702 1.000000
63.267234 18.150348 5.207042 7.954070 2.281894 1.000000
64.868048 16.638793 4.267886 8.054070 2.065886 1.000000
66.488862 15.082405 3.421309 8.154070 1.849678 1.000000
68.129676 13.481125 2.667571 8.254070 1.633270 1.000000
69.790490 11.834892 2.006931 8.354070 1.416662 1.000000
71.471304 10.143647 1.439649 8.454070 1.199854 1.000000
73.172118 8.407330 0.965985 8.554070 0.982846 1.000000
74.892932 6.625880 0.586201 8.654070 0.765637 1.000000
76.633746 4.799237 0.300555 8.754070 0.548229 1.000000
78.394560 2.927342 0.109310 8.854070 0.330621 1.000000
80.175374 1.010135 0.012727 8.954070 0.112813 1.000000
79.894831 -0.775709 0.007531 8.938391 -0.086784 1.000000
77.411682 -2.324111 0.069776 8.798391 -0.264152 1.000000
74.967732 -3.798606 0.192475 8.658391 -0.438720 1.000000
72.562983 -5.200370 0.372695 8.518391 -0.610487 1.000000
70.197433 -6.530581 0.607550 8.378391 -0.779455 1.000000
67.871084 -7.790412 0.894203 8.238391 -0.945623 1.000000
65.583935 -8.981041 1.229861 8.098391 -1.108991 1.000000
63.335985 -10.103644 1.611779 7.958391 -1.269559 1.000000
61.127236 -11.159396 2.037261 7.818391 -1.427326 1.000000
58.957686 -12.149474 2.503655 7.678391 -1.582294 1.000000
56.827337 -13.075053 3.008359 7.538391 -1.734462 1.000000
54.736187 -13.937310 3.548815 7.398391 -1.883830 1.000000
52.684238 -14.737421 4.122515 7.258391 -2.030398 1.000000
50.671488 -15.476560 4.726996 7.118391 -2.174166 1.000000
48.697939 -16.155906 5.359843 6.978391 -2.315133 1.000000
46.763590 -16.776633 6.018687 6.838391 -2.453301 1.000000
44.868440 -17.339917 6.701207 6.698391 -2.588669 1.000000
43.012491 -17.846935 7.405130 6.558391 -2.721237 1.000000
41.195741 -18.298862 8.128228 6.418391 -2.851005 1.000000
39.418192 -18.696875 8.868320 6.278391 -2.977972 1.000000
37.679842 -19.042150 9.623274 6.138391 -3.102140 1.000000
35.980693 -19.335862 10.391005 5.998391 -3.223508 1.000000
34.320743 -19.579187 11.169472 5.858391 -3.342076 1.000000
32.699994 -19.773302 11.956683 5.718391 -3.457844 1.000000
31.118445 -19.919383 12.750695 5.578391 -3.570812 1.000000
29.576095 -20.018605 13.549609 5.438391 -3.680979 1.000000
28.072946 -20.072144 14.351575 5.298391 -3.788347 1.000000
26.608996 -20.081177 15.154787 5.158391 -3.892915 1.000000
25.184247 -20.046880 15.957491 5.018391 -3.994683 1.000000
23.798697 -19.970428 16.757976 4.878391 -4.093651 1.000000
22.452348 -19.852998 17.554579 4.738391 -4.189818 1.000000
21.145199 -19.695765 18.345685 4.598391 -4.283186 1.000000
19.877249 -19.499905 19.129725 4.458391 -4.373754 1.000000
18.648500 -19.266595 19.905178 4.318391 -4.461522 1.000000
17.458950 -18.997011 20.670569 4.178391 -4.546490 1.000000
16.308601 -18.692328 21.424471 4.038391 -4.628658 1.000000
15.197451 -18.353723 22.165503 3.898391 -4.708025 1.000000
