99.244905 79.500000 1.000000
99.193505 79.400000 1.000000
99.141979 79.300000 1.000000
99.090327 79.200000 1.000000
99.038549 79.100000 1.000000
98.986646 79.000000 1.000000
98.934619 78.900000 1.000000
98.882466 78.800000 1.000000
98.830190 78.700000 1.000000
98.777789 78.600000 1.000000
98.725265 78.500000 1.000000
98.672618 78.400000 1.000000
98.619848 78.300000 1.000000
98.566955 78.200000 1.000000
98.513940 78.100000 1.000000
98.460891 78.147388 1.000000
98.408274 78.247388 1.000000
98.356054 78.347388 1.000000
98.304229 78.447388 1.000000
98.252798 78.547388 1.000000
98.201760 78.647388 1.000000
98.151115 78.747388 1.000000
98.100861 78.847388 1.000000
98.050996 78.947388 1.000000
98.001521 79.047388 1.000000
97.952435 79.147388 1.000000
97.903735 79.247388 1.000000
97.855421 79.347388 1.000000
97.807493 79.447388 1.000000
97.759948 79.547388 1.000000
97.712787 79.647388 1.000000
97.666008 79.747388 1.000000
97.619610 79.847388 1.000000
97.573592 79.947388 1.000000
97.527953 80.047388 1.000000
97.482693 80.147388 1.000000
97.437809 80.247388 1.000000
97.393302 80.347388 1.000000
97.349170 80.447388 1.000000
97.305413 80.547388 1.000000
97.262028 80.647388 1.000000
97.219016 80.747388 1.000000
97.176376 80.847388 1.000000
97.134105 80.947388 1.000000
97.092204 81.047388 1.000000
97.050672 81.147388 1.000000
97.009507 81.247388 1.000000
96.968709 81.347388 1.000000
96.928276 81.447388 1.000000
96.888208 81.547388 1.000000
96.848503 81.647388 1.000000
96.809161 81.747388 1.000000
96.770182 81.847388 1.000000
96.731563 81.947388 1.000000
96.693304 82.047388 1.000000
96.655404 82.147388 1.000000
96.617862 82.247388 1.000000
96.580677 82.347388 1.000000
96.543848 82.447388 1.000000
96.507375 82.547388 1.000000
96.471256 82.647388 1.000000
96.435490 82.747388 1.000000
96.400078 82.847388 1.000000
96.365016 82.947388 1.000000
96.330306 83.047388 1.000000
96.295945 83.147388 1.000000
96.261933 83.247388 1.000000
96.228269 83.347388 1.000000
96.194952 83.447388 1.000000
96.161981 83.547388 1.000000
96.129356 83.647388 1.000000
96.097075 83.747388 1.000000
96.065137 83.847388 1.000000
96.033542 83.947388 1.000000
96.002289 84.047388 1.000000
95.971376 84.147388 1.000000
95.940804 84.247388 1.000000
95.910570 84.347388 1.000000
95.880675 84.447388 1.000000
95.851117 84.547388 1.000000
95.821895 84.647388 1.000000
95.793009 84.747388 1.000000
95.764458 84.847388 1.000000
95.736240 84.947388 1.000000
95.708355 85.047388 1.000000
95.680803 85.147388 1.000000
95.653581 85.247388 1.000000
95.626690 85.347388 1.000000
95.600129 85.447388 1.000000
95.573896 85.547388 1.000000
95.547991 85.647388 1.000000
95.522412 85.747388 1.000000
95.497160 85.847388 1.000000
95.472233 85.947388 1.000000
95.447631 86.047388 1.000000
95.423352 86.147388 1.000000
95.399395 86.247388 1.000000
95.375761 86.347388 1.000000
95.352448 86.447388 1.000000
95.329454 86.547388 1.000000
95.306781 86.647388 1.000000
95.284425 86.747388 1.000000
95.262388 86.847388 1.000000
95.240667 86.947388 1.000000
95.219262 87.047388 1.000000
95.198173 87.147388 1.000000
95.177398 87.247388 1.000000
95.156937 87.347388 1.000000
95.136788 87.447388 1.000000
95.116951 87.547388 1.000000
95.097426 87.647388 1.000000
95.078211 87.747388 1.000000
95.059306 87.847388 1.000000
95.040709 87.947388 1.000000
95.022420 88.047388 1.000000
95.004438 88.147388 1.000000
94.986763 88.247388 1.000000
94.969393 88.347388 1.000000
94.952328 88.447388 1.000000
94.935567 88.547388 1.000000
94.919110 88.647388 1.000000
94.902954 88.747388 1.000000
94.887100 88.847388 1.000000
94.871547 88.947388 1.000000
94.856294 89.047388 1.000000
94.841341 89.147388 1.000000
94.826686 89.247388 1.000000
94.812328 89.347388 1.000000
94.798268 89.447388 1.000000
94.784503 89.547388 1.000000
94.771034 89.647388 1.000000
94.757860 89.747388 1.000000
94.744980 89.847388 1.000000
94.732392 89.947388 1.000000
94.720097 90.047388 1.000000
94.708094 90.147388 1.000000
94.696382 90.247388 1.000000
94.684959 90.347388 1.000000
94.673826 90.447388 1.000000
94.662981 90.547388 1.000000
94.652425 90.647388 1.000000
94.642155 90.747388 1.000000
94.632172 90.847388 1.000000
94.622474 90.947388 1.000000
94.613061 91.047388 1.000000
94.603932 91.147388 1.000000
94.595087 91.247388 1.000000
94.586524 91.347388 1.000000
94.578243 91.447388 1.000000
94.570243 91.547388 1.000000
94.562524 91.647388 1.000000
94.555084 91.747388 1.000000
94.547923 91.847388 1.000000
94.541041 91.947388 1.000000
94.534436 92.047388 1.000000
94.528108 92.147388 1.000000
94.522056 92.247388 1.000000
94.516280 92.347388 1.000000
94.510778 92.447388 1.000000
94.505550 92.547388 1.000000
94.500595 92.647388 1.000000
94.495913 92.747388 1.000000
94.491503 92.847388 1.000000
94.487363 92.947388 1.000000
94.483494 93.047388 1.000000
94.479895 93.147388 1.000000
94.476565 93.247388 1.000000
94.473503 93.347388 1.000000
94.470709 93.447388 1.000000
94.468182 93.547388 1.000000
94.465921 93.647388 1.000000
94.463925 93.747388 1.000000
94.462195 93.847388 1.000000
94.460728 93.947388 1.000000
94.459525 94.047388 1.000000
94.458585 94.147388 1.000000
94.457907 94.247388 1.000000
94.457490 94.347388 1.000000
94.457334 94.447388 1.000000
94.457438 94.547388 1.000000
94.457801 94.647388 1.000000
94.458423 94.747388 1.000000
94.459304 94.847388 1.000000
94.460441 94.947388 1.000000
94.461836 95.047388 1.000000
94.463486 95.147388 1.000000
94.465392 95.247388 1.000000
94.467552 95.347388 1.000000
94.469967 95.447388 1.000000
94.472634 95.547388 1.000000
94.475555 95.647388 1.000000
94.478728 95.747388 1.000000
94.482152 95.847388 1.000000
94.485827 95.947388 1.000000
94.489752 96.047388 1.000000
94.493926 96.147388 1.000000
94.498350 96.247388 1.000000
94.503021 96.347388 1.000000
94.507940 96.447388 1.000000
94.513106 96.547388 1.000000
94.518518 96.647388 1.000000
94.524176 96.747388 1.000000
94.530079 96.847388 1.000000
94.536226 96.947388 1.000000
94.542616 97.047388 1.000000
94.549250 97.147388 1.000000
94.556127 97.247388 1.000000
94.563245 97.347388 1.000000
94.570604 97.447388 1.000000
94.578204 97.547388 1.000000
94.586043 97.647388 1.000000
94.594123 97.747388 1.000000
94.602440 97.847388 1.000000
94.610996 97.947388 1.000000
94.619789 98.047388 1.000000
94.628819 98.147388 1.000000
94.638086 98.247388 1.000000
94.647588 98.347388 1.000000
94.657324 98.447388 1.000000
94.667296 98.547388 1.000000
94.677501 98.647388 1.000000
94.687939 98.747388 1.000000
94.698610 98.847388 1.000000
94.709512 98.947388 1.000000
94.720646 99.047388 1.000000
94.732011 99.147388 1.000000
94.743606 99.247388 1.000000
94.755431 99.347388 1.000000
94.767484 99.447388 1.000000
94.779766 99.547388 1.000000
94.792276 99.647388 1.000000
94.805012 99.747388 1.000000
94.817976 99.847388 1.000000
94.831165 99.947388 1.000000
94.844580 100.047388 1.000000
94.858219 100.147388 1.000000
94.872083 100.247388 1.000000
94.886171 100.347388 1.000000
94.900481 100.447388 1.000000
94.915015 100.547388 1.000000
94.929770 100.647388 1.000000
94.944746 100.747388 1.000000
94.959943 100.847388 1.000000
94.975361 100.947388 1.000000
94.990998 101.047388 1.000000
95.006854 101.147388 1.000000
95.022928 101.247388 1.000000
95.039221 101.347388 1.000000
95.055730 101.447388 1.000000
95.072457 101.547388 1.000000
95.089400 101.647388 1.000000
95.106558 101.747388 1.000000
95.123932 101.847388 1.000000
95.141520 101.947388 1.000000
95.159322 102.047388 1.000000
95.177338 102.147388 1.000000
95.195566 102.247388 1.000000
95.214007 102.347388 1.000000
95.232660 102.447388 1.000000
95.251524 102.547388 1.000000
95.270598 102.647388 1.000000
95.289883 102.747388 1.000000
95.309377 102.847388 1.000000
95.329080 102.947388 1.000000
95.348992 103.047388 1.000000
95.369112 103.147388 1.000000
95.389439 103.247388 1.000000
95.409973 103.347388 1.000000
95.430713 103.447388 1.000000
95.451659 103.547388 1.000000
95.472811 103.647388 1.000000
95.494167 103.747388 1.000000
95.515727 103.847388 1.000000
95.537491 103.947388 1.000000
95.559459 104.047388 1.000000
95.581629 104.147388 1.000000
95.604000 104.247388 1.000000
95.626574 104.347388 1.000000
95.649349 104.447388 1.000000
95.672324 104.547388 1.000000
95.695499 104.647388 1.000000
95.718873 104.747388 1.000000
95.742447 104.847388 1.000000
95.766219 104.947388 1.000000
95.790189 105.047388 1.000000
95.814356 105.147388 1.000000
95.838720 105.247388 1.000000
95.863281 105.347388 1.000000
95.888037 105.447388 1.000000
95.912989 105.547388 1.000000
95.938136 105.647388 1.000000
95.963477 105.747388 1.000000
95.989012 105.847388 1.000000
96.014741 105.947388 1.000000
96.040662 106.047388 1.000000
96.066776 106.147388 1.000000
96.093081 106.247388 1.000000
96.119578 106.347388 1.000000
96.146265 106.447388 1.000000
96.173143 106.547388 1.000000
96.200211 106.647388 1.000000
96.227469 106.747388 1.000000
96.254915 106.847388 1.000000
96.282549 106.947388 1.000000
96.310372 107.047388 1.000000
96.338382 107.147388 1.000000
96.366578 107.247388 1.000000
96.394962 107.347388 1.000000
96.423531 107.447388 1.000000
96.452286 107.547388 1.000000
96.481225 107.647388 1.000000
96.510349 107.747388 1.000000
96.539658 107.847388 1.000000
96.569150 107.947388 1.000000
96.598824 108.047388 1.000000
96.628682 108.147388 1.000000
96.658722 108.247388 1.000000
96.688943 108.347388 1.000000
96.719345 108.447388 1.000000
96.749928 108.547388 1.000000
96.780692 108.647388 1.000000
96.811635 108.747388 1.000000
96.842758 108.847388 1.000000
96.874059 108.947388 1.000000
96.905539 109.047388 1.000000
96.937197 109.147388 1.000000
96.969032 109.247388 1.000000
97.001044 109.347388 1.000000
97.033233 109.447388 1.000000
97.065597 109.547388 1.000000
97.098138 109.647388 1.000000
97.130853 109.747388 1.000000
97.163743 109.847388 1.000000
97.196808 109.947388 1.000000
97.230046 110.047388 1.000000
97.263458 110.147388 1.000000
97.297043 110.247388 1.000000
97.330800 110.347388 1.000000
97.364729 110.447388 1.000000
97.398829 110.547388 1.000000
97.433101 110.647388 1.000000
97.467544 110.747388 1.000000
97.502156 110.847388 1.000000
97.536939 110.947388 1.000000
97.571890 111.047388 1.000000
97.607011 111.147388 1.000000
97.642300 111.247388 1.000000
97.677757 111.347388 1.000000
97.713382 111.447388 1.000000
97.749174 111.547388 1.000000
97.785133 111.647388 1.000000
97.821258 111.747388 1.000000
97.857548 111.847388 1.000000
97.894005 111.947388 1.000000
97.930626 112.047388 1.000000
97.967412 112.147388 1.000000
98.004362 112.247388 1.000000
98.041475 112.347388 1.000000
98.078752 112.447388 1.000000
98.116192 112.547388 1.000000
98.153794 112.647388 1.000000
98.191559 112.747388 1.000000
98.229484 112.847388 1.000000
98.267572 112.947388 1.000000
98.305819 113.047388 1.000000
98.344228 113.147388 1.000000
98.382796 113.247388 1.000000
98.421523 113.347388 1.000000
98.460410 113.447388 1.000000
98.499455 113.547388 1.000000
98.538446 113.450272 1.000000
98.577036 113.350272 1.000000
98.615267 113.250272 1.000000
98.653139 113.150272 1.000000
98.690652 113.050272 1.000000
98.727809 112.950272 1.000000
98.764609 112.850272 1.000000
98.801055 112.750272 1.000000
98.837146 112.650272 1.000000
98.872883 112.550272 1.000000
98.908268 112.450272 1.000000
98.943302 112.350272 1.000000
98.977985 112.250272 1.000000
99.012318 112.150272 1.000000
99.046303 112.050272 1.000000
99.079939 111.950272 1.000000
99.113229 111.850272 1.000000
99.146172 111.750272 1.000000
99.178770 111.650272 1.000000
99.211024 111.550272 1.000000
99.242935 111.450272 1.000000
99.274503 111.350272 1.000000
99.305729 111.250272 1.000000
99.336615 111.150272 1.000000
99.367160 111.050272 1.000000
99.397367 110.950272 1.000000
99.427236 110.850272 1.000000
99.456767 110.750272 1.000000
99.485962 110.650272 1.000000
99.514822 110.550272 1.000000
99.543347 110.450272 1.000000
99.571538 110.350272 1.000000
99.599397 110.250272 1.000000
99.626923 110.150272 1.000000
99.654118 110.050272 1.000000
99.680983 109.950272 1.000000
99.707519 109.850272 1.000000
99.733726 109.750272 1.000000
99.759605 109.650272 1.000000
99.785158 109.550272 1.000000
99.810384 109.450272 1.000000
99.835285 109.350272 1.000000
99.859862 109.250272 1.000000
99.884116 109.150272 1.000000
99.908047 109.050272 1.000000
99.931656 108.950272 1.000000
99.954944 108.850272 1.000000
99.977912 108.750272 1.000000
100.000560 108.650272 1.000000
100.022890 108.550272 1.000000
100.044903 108.450272 1.000000
100.066599 108.350272 1.000000
100.087978 108.250272 1.000000
100.109043 108.150272 1.000000
100.129793 108.050272 1.000000
100.150229 107.950272 1.000000
100.170353 107.850272 1.000000
100.190165 107.750272 1.000000
100.209666 107.650272 1.000000
100.228857 107.550272 1.000000
100.247738 107.450272 1.000000
100.266310 107.350272 1.000000
100.284575 107.250272 1.000000
100.302532 107.150272 1.000000
100.320183 107.050272 1.000000
100.337529 106.950272 1.000000
100.354570 106.850272 1.000000
100.371307 106.750272 1.000000
100.387741 106.650272 1.000000
100.403872 106.550272 1.000000
100.419702 106.450272 1.000000
100.435231 106.350272 1.000000
100.450461 106.250272 1.000000
100.465391 106.150272 1.000000
100.480022 106.050272 1.000000
100.494356 105.950272 1.000000
100.508393 105.850272 1.000000
100.522134 105.750272 1.000000
100.535580 105.650272 1.000000
100.548731 105.550272 1.000000
100.561588 105.450272 1.000000
100.574152 105.350272 1.000000
100.586424 105.250272 1.000000
100.598405 105.150272 1.000000
100.610094 105.050272 1.000000
100.621494 104.950272 1.000000
100.632604 104.850272 1.000000
100.643426 104.750272 1.000000
100.653960 104.650272 1.000000
100.664207 104.550272 1.000000
100.674168 104.450272 1.000000
100.683843 104.350272 1.000000
100.693233 104.250272 1.000000
100.702340 104.150272 1.000000
100.711163 104.050272 1.000000
100.719703 103.950272 1.000000
100.727962 103.850272 1.000000
100.735940 103.750272 1.000000
100.743637 103.650272 1.000000
100.751054 103.550272 1.000000
100.758193 103.450272 1.000000
100.765053 103.350272 1.000000
100.771636 103.250272 1.000000
100.777943 103.150272 1.000000
100.783973 103.050272 1.000000
100.789728 102.950272 1.000000
100.795208 102.850272 1.000000
100.800414 102.750272 1.000000
100.805347 102.650272 1.000000
100.810008 102.550272 1.000000
100.814397 102.450272 1.000000
100.818515 102.350272 1.000000
100.822362 102.250272 1.000000
100.825940 102.150272 1.000000
100.829249 102.050272 1.000000
100.832290 101.950272 1.000000
100.835063 101.850272 1.000000
100.837569 101.750272 1.000000
100.839809 101.650272 1.000000
100.841784 101.550272 1.000000
100.843493 101.450272 1.000000
100.844939 101.350272 1.000000
100.846121 101.250272 1.000000
100.847041 101.150272 1.000000
100.847698 101.050272 1.000000
100.848095 100.950272 1.000000
97.535526 100.500000 1.000000
97.543353 100.600000 1.000000
97.551420 100.700000 1.000000
97.559726 100.800000 1.000000
97.568269 100.900000 1.000000
97.577050 101.000000 1.000000
97.586068 101.100000 1.000000
97.595323 101.200000 1.000000
97.604812 101.300000 1.000000
97.614537 101.400000 1.000000
97.624497 101.500000 1.000000
97.634690 101.600000 1.000000
97.645116 101.700000 1.000000
97.655775 101.800000 1.000000
97.666666 101.900000 1.000000
97.677788 102.000000 1.000000
97.689141 102.100000 1.000000
97.700724 102.200000 1.000000
97.712537 102.300000 1.000000
97.724579 102.400000 1.000000
97.736849 102.500000 1.000000
97.749347 102.600000 1.000000
97.762072 102.700000 1.000000
97.775024 102.800000 1.000000
97.788202 102.900000 1.000000
97.801605 103.000000 1.000000
97.815233 103.100000 1.000000
97.829086 103.200000 1.000000
97.843162 103.300000 1.000000
97.857461 103.400000 1.000000
97.871983 103.500000 1.000000
97.886727 103.600000 1.000000
97.901692 103.700000 1.000000
97.916878 103.800000 1.000000
97.932284 103.900000 1.000000
97.947910 104.000000 1.000000
97.963755 104.100000 1.000000
97.979818 104.200000 1.000000
97.996099 104.300000 1.000000
98.012598 104.400000 1.000000
98.029314 104.500000 1.000000
98.046245 104.600000 1.000000
98.063393 104.700000 1.000000
98.080756 104.800000 1.000000
98.098333 104.900000 1.000000
98.116124 105.000000 1.000000
98.134129 105.100000 1.000000
98.152346 105.200000 1.000000
98.170776 105.300000 1.000000
98.189418 105.400000 1.000000
98.208271 105.500000 1.000000
98.227335 105.600000 1.000000
98.246609 105.700000 1.000000
98.266093 105.800000 1.000000
98.285785 105.900000 1.000000
98.305686 106.000000 1.000000
98.325795 106.100000 1.000000
98.346112 106.200000 1.000000
98.366635 106.300000 1.000000
98.387365 106.400000 1.000000
98.408301 106.500000 1.000000
98.429442 106.600000 1.000000
98.450788 106.700000 1.000000
98.472338 106.800000 1.000000
98.494091 106.900000 1.000000
98.515932 106.854103 1.000000
98.537453 106.754103 1.000000
98.558659 106.654103 1.000000
98.579550 106.554103 1.000000
98.600127 106.454103 1.000000
98.620391 106.354103 1.000000
98.640342 106.254103 1.000000
98.659982 106.154103 1.000000
98.679312 106.054103 1.000000
98.698332 105.954103 1.000000
98.717042 105.854103 1.000000
98.735445 105.754103 1.000000
98.753539 105.654103 1.000000
98.771328 105.554103 1.000000
98.788810 105.454103 1.000000
98.805987 105.354103 1.000000
98.822861 105.254103 1.000000
98.839430 105.154103 1.000000
98.855697 105.054103 1.000000
98.871662 104.954103 1.000000
98.887326 104.854103 1.000000
98.902690 104.754103 1.000000
98.917754 104.654103 1.000000
98.932519 104.554103 1.000000
98.946986 104.454103 1.000000
98.961156 104.354103 1.000000
98.975030 104.254103 1.000000
98.988608 104.154103 1.000000
99.001891 104.054103 1.000000
99.014879 103.954103 1.000000
99.027575 103.854103 1.000000
99.039978 103.754103 1.000000
99.052089 103.654103 1.000000
99.063908 103.554103 1.000000
99.075438 103.454103 1.000000
99.086678 103.354103 1.000000
99.097629 103.254103 1.000000
99.108292 103.154103 1.000000
99.118667 103.054103 1.000000
99.128756 102.954103 1.000000
99.138559 102.854103 1.000000
99.148077 102.754103 1.000000
99.157311 102.654103 1.000000
99.166261 102.554103 1.000000
99.174928 102.454103 1.000000
99.183313 102.354103 1.000000
99.191416 102.254103 1.000000
99.199239 102.154103 1.000000
99.206782 102.054103 1.000000
99.214045 101.954103 1.000000
99.221030 101.854103 1.000000
99.227737 101.754103 1.000000
99.234168 101.654103 1.000000
99.240321 101.554103 1.000000
99.246199 101.454103 1.000000
99.251803 101.354103 1.000000
99.257132 101.254103 1.000000
99.262187 101.154103 1.000000
99.266970 101.054103 1.000000
99.271480 100.954103 1.000000
99.275720 100.854103 1.000000
99.279688 100.754103 1.000000
99.283387 100.654103 1.000000
99.286816 100.554103 1.000000
99.289977 100.454103 1.000000
99.292870 100.354103 1.000000
99.295496 100.254103 1.000000
99.297855 100.154103 1.000000
99.299948 100.054103 1.000000
99.301777 99.954103 1.000000
99.303341 99.854103 1.000000
99.304641 99.754103 1.000000
99.305678 99.654103 1.000000
99.306453 99.554103 1.000000
99.306966 99.454103 1.000000
99.307218 99.354103 1.000000
99.307210 99.254103 1.000000
99.306942 99.154103 1.000000
99.306416 99.054103 1.000000
99.305631 98.954103 1.000000
99.304588 98.854103 1.000000
99.303288 98.754103 1.000000
99.301732 98.654103 1.000000
99.299921 98.554103 1.000000
99.297854 98.454103 1.000000
99.295534 98.354103 1.000000
99.292959 98.254103 1.000000
99.290132 98.154103 1.000000
99.287052 98.054103 1.000000
99.283721 97.954103 1.000000
99.280138 97.854103 1.000000
99.276305 97.754103 1.000000
99.272223 97.654103 1.000000
99.267891 97.554103 1.000000
99.263311 97.454103 1.000000
99.258484 97.354103 1.000000
99.253409 97.254103 1.000000
99.248088 97.154103 1.000000
99.242520 97.054103 1.000000
99.236708 96.954103 1.000000
99.230651 96.854103 1.000000
99.224350 96.754103 1.000000
99.217806 96.654103 1.000000
99.211019 96.554103 1.000000
99.203990 96.454103 1.000000
99.196720 96.354103 1.000000
99.189209 96.254103 1.000000
99.181458 96.154103 1.000000
99.173467 96.054103 1.000000
99.165237 95.954103 1.000000
99.156769 95.854103 1.000000
99.148063 95.754103 1.000000
99.139121 95.654103 1.000000
99.129942 95.554103 1.000000
99.120527 95.454103 1.000000
99.110876 95.354103 1.000000
99.100992 95.254103 1.000000
99.090873 95.154103 1.000000
99.080521 95.054103 1.000000
99.069936 94.954103 1.000000
99.059118 94.854103 1.000000
99.048070 94.754103 1.000000
99.036790 94.654103 1.000000
99.025280 94.554103 1.000000
99.013540 94.454103 1.000000
99.001571 94.354103 1.000000
98.989373 94.254103 1.000000
98.976948 94.154103 1.000000
98.964295 94.054103 1.000000
98.951415 93.954103 1.000000
98.938309 93.854103 1.000000
98.924977 93.754103 1.000000
98.911421 93.654103 1.000000
98.897639 93.554103 1.000000
98.883634 93.454103 1.000000
98.869406 93.354103 1.000000
98.854955 93.254103 1.000000
98.840282 93.154103 1.000000
98.825387 93.054103 1.000000
98.810271 92.954103 1.000000
98.794935 92.854103 1.000000
98.779379 92.754103 1.000000
98.763604 92.654103 1.000000
98.747610 92.554103 1.000000
98.731398 92.454103 1.000000
98.714968 92.354103 1.000000
98.698322 92.254103 1.000000
98.681459 92.154103 1.000000
98.664380 92.054103 1.000000
98.647085 91.954103 1.000000
98.629576 91.854103 1.000000
98.611853 91.754103 1.000000
98.593916 91.654103 1.000000
98.575766 91.554103 1.000000
98.557404 91.454103 1.000000
98.538829 91.354103 1.000000
98.520043 91.254103 1.000000
98.501046 91.154103 1.000000
98.482052 91.243049 1.000000
98.463385 91.343049 1.000000
98.445026 91.443049 1.000000
98.426975 91.543049 1.000000
98.409229 91.643049 1.000000
98.391790 91.743049 1.000000
98.374656 91.843049 1.000000
98.357826 91.943049 1.000000
98.341299 92.043049 1.000000
98.325074 92.143049 1.000000
98.309152 92.243049 1.000000
98.293530 92.343049 1.000000
98.278209 92.443049 1.000000
98.263187 92.543049 1.000000
98.248464 92.643049 1.000000
98.234039 92.743049 1.000000
98.219911 92.843049 1.000000
98.206079 92.943049 1.000000
98.192543 93.043049 1.000000
98.179301 93.143049 1.000000
98.166354 93.243049 1.000000
98.153700 93.343049 1.000000
98.141338 93.443049 1.000000
98.129269 93.543049 1.000000
98.117490 93.643049 1.000000
98.106001 93.743049 1.000000
98.094802 93.843049 1.000000
98.083892 93.943049 1.000000
98.073269 94.043049 1.000000
98.062934 94.143049 1.000000
98.052886 94.243049 1.000000
98.043123 94.343049 1.000000
98.033645 94.443049 1.000000
98.024452 94.543049 1.000000
98.015542 94.643049 1.000000
98.006914 94.743049 1.000000
97.998569 94.843049 1.000000
97.990506 94.943049 1.000000
97.982722 95.043049 1.000000
97.975219 95.143049 1.000000
97.967995 95.243049 1.000000
97.961049 95.343049 1.000000
97.954381 95.443049 1.000000
97.947990 95.543049 1.000000
97.941875 95.643049 1.000000
97.936036 95.743049 1.000000
97.930471 95.843049 1.000000
97.925181 95.943049 1.000000
97.920164 96.043049 1.000000
97.915420 96.143049 1.000000
97.910947 96.243049 1.000000
97.906746 96.343049 1.000000
97.902816 96.443049 1.000000
97.899155 96.543049 1.000000
97.895764 96.643049 1.000000
97.892641 96.743049 1.000000
97.889786 96.843049 1.000000
97.887198 96.943049 1.000000
97.884876 97.043049 1.000000
97.882820 97.143049 1.000000
97.881029 97.243049 1.000000
97.879502 97.343049 1.000000
97.878239 97.443049 1.000000
97.877239 97.543049 1.000000
97.876501 97.643049 1.000000
97.876025 97.743049 1.000000
97.875809 97.843049 1.000000
97.875854 97.943049 1.000000
97.876159 98.043049 1.000000
97.876722 98.143049 1.000000
97.877543 98.243049 1.000000
97.878622 98.343049 1.000000
97.879958 98.443049 1.000000
97.881550 98.543049 1.000000
97.883398 98.643049 1.000000
97.885500 98.743049 1.000000
97.887857 98.843049 1.000000
97.890467 98.943049 1.000000
97.893330 99.043049 1.000000
97.896445 99.143049 1.000000
97.899812 99.243049 1.000000
97.903430 99.343049 1.000000
97.907298 99.443049 1.000000
97.911416 99.543049 1.000000
97.915782 99.643049 1.000000
97.920397 99.743049 1.000000
97.925260 99.843049 1.000000
97.930369 99.943049 1.000000
97.935725 100.043049 1.000000
97.941327 100.143049 1.000000
97.947174 100.243049 1.000000
97.953266 100.343049 1.000000
97.959601 100.443049 1.000000
97.966179 100.543049 1.000000
97.973000 100.643049 1.000000
97.980063 100.743049 1.000000
97.987368 100.843049 1.000000
97.994913 100.943049 1.000000
98.002698 101.043049 1.000000
98.010722 101.143049 1.000000
98.018986 101.243049 1.000000
98.027487 101.343049 1.000000
98.036226 101.443049 1.000000
98.045203 101.543049 1.000000
98.054415 101.643049 1.000000
98.063863 101.743049 1.000000
98.073547 101.843049 1.000000
98.083464 101.943049 1.000000
98.093616 102.043049 1.000000
98.104001 102.143049 1.000000
98.114619 102.243049 1.000000
98.125469 102.343049 1.000000
98.136550 102.443049 1.000000
98.147863 102.543049 1.000000
98.159405 102.643049 1.000000
98.171177 102.743049 1.000000
98.183179 102.843049 1.000000
98.195408 102.943049 1.000000
98.207866 103.043049 1.000000
98.220551 103.143049 1.000000
98.233463 103.243049 1.000000
98.246601 103.343049 1.000000
98.259964 103.443049 1.000000
98.273553 103.543049 1.000000
98.287365 103.643049 1.000000
98.301402 103.743049 1.000000
98.315662 103.843049 1.000000
98.330144 103.943049 1.000000
98.344849 104.043049 1.000000
98.359775 104.143049 1.000000
98.374922 104.243049 1.000000
98.390289 104.343049 1.000000
98.405876 104.443049 1.000000
98.421682 104.543049 1.000000
98.437707 104.643049 1.000000
98.453949 104.743049 1.000000
98.470410 104.843049 1.000000
98.487087 104.943049 1.000000
98.503983 104.996253 1.000000
98.520711 104.896253 1.000000
98.537136 104.796253 1.000000
98.553259 104.696253 1.000000
98.569080 104.596253 1.000000
98.584601 104.496253 1.000000
98.599821 104.396253 1.000000
98.614742 104.296253 1.000000
98.629365 104.196253 1.000000
98.643690 104.096253 1.000000
98.657719 103.996253 1.000000
98.671451 103.896253 1.000000
98.684888 103.796253 1.000000
98.698030 103.696253 1.000000
98.710879 103.596253 1.000000
98.723435 103.496253 1.000000
98.735698 103.396253 1.000000
98.747670 103.296253 1.000000
98.759351 103.196253 1.000000
98.770742 103.096253 1.000000
98.781844 102.996253 1.000000
98.792657 102.896253 1.000000
98.803183 102.796253 1.000000
98.813421 102.696253 1.000000
98.823374 102.596253 1.000000
98.833041 102.496253 1.000000
98.842423 102.396253 1.000000
98.851521 102.296253 1.000000
98.860335 102.196253 1.000000
98.868868 102.096253 1.000000
98.877118 101.996253 1.000000
98.885087 101.896253 1.000000
98.892776 101.796253 1.000000
98.900186 101.696253 1.000000
98.907316 101.596253 1.000000
98.914168 101.496253 1.000000
98.920743 101.396253 1.000000
98.927041 101.296253 1.000000
98.933063 101.196253 1.000000
98.938810 101.096253 1.000000
98.944282 100.996253 1.000000
98.949481 100.896253 1.000000
98.954406 100.796253 1.000000
98.959059 100.696253 1.000000
98.963439 100.596253 1.000000
98.967549 100.496253 1.000000
98.971389 100.396253 1.000000
98.974959 100.296253 1.000000
98.978260 100.196253 1.000000
98.981293 100.096253 1.000000
98.984058 99.996253 1.000000
98.986556 99.896253 1.000000
98.988789 99.796253 1.000000
98.990755 99.696253 1.000000
98.992457 99.596253 1.000000
98.993895 99.496253 1.000000
98.995070 99.396253 1.000000
98.995982 99.296253 1.000000
98.996632 99.196253 1.000000
98.997020 99.096253 1.000000
98.997148 98.996253 1.000000
98.997016 98.896253 1.000000
98.996624 98.796253 1.000000
98.995974 98.696253 1.000000
98.995066 98.596253 1.000000
98.993900 98.496253 1.000000
98.992478 98.396253 1.000000
98.990800 98.296253 1.000000
98.988867 98.196253 1.000000
98.986679 98.096253 1.000000
98.984237 97.996253 1.000000
98.981541 97.896253 1.000000
98.978593 97.796253 1.000000
98.975394 97.696253 1.000000
98.971942 97.596253 1.000000
98.968240 97.496253 1.000000
98.964288 97.396253 1.000000
98.960087 97.296253 1.000000
98.955636 97.196253 1.000000
98.950938 97.096253 1.000000
98.945992 96.996253 1.000000
98.940800 96.896253 1.000000
98.935361 96.796253 1.000000
98.929676 96.696253 1.000000
98.923747 96.596253 1.000000
98.917574 96.496253 1.000000
98.911157 96.396253 1.000000
98.904496 96.296253 1.000000
98.897594 96.196253 1.000000
98.890450 96.096253 1.000000
98.883064 95.996253 1.000000
98.875438 95.896253 1.000000
98.867573 95.796253 1.000000
98.859468 95.696253 1.000000
98.851124 95.596253 1.000000
98.842543 95.496253 1.000000
98.833724 95.396253 1.000000
98.824668 95.296253 1.000000
98.815376 95.196253 1.000000
98.805849 95.096253 1.000000
98.796086 94.996253 1.000000
98.786090 94.896253 1.000000
98.775859 94.796253 1.000000
98.765396 94.696253 1.000000
98.754700 94.596253 1.000000
98.743772 94.496253 1.000000
98.732613 94.396253 1.000000
98.721223 94.296253 1.000000
98.709604 94.196253 1.000000
98.697754 94.096253 1.000000
98.685676 93.996253 1.000000
98.673369 93.896253 1.000000
98.660835 93.796253 1.000000
98.648074 93.696253 1.000000
98.635086 93.596253 1.000000
98.621872 93.496253 1.000000
98.608433 93.396253 1.000000
98.594769 93.296253 1.000000
98.580881 93.196253 1.000000
98.566769 93.096253 1.000000
98.552434 92.996253 1.000000
98.537877 92.896253 1.000000
98.523098 92.796253 1.000000
98.508098 92.696253 1.000000
98.492918 92.689391 1.000000
98.477978 92.789391 1.000000
98.463337 92.889391 1.000000
98.448993 92.989391 1.000000
98.434947 93.089391 1.000000
98.421196 93.189391 1.000000
98.407741 93.289391 1.000000
98.394581 93.389391 1.000000
98.381714 93.489391 1.000000
98.369140 93.589391 1.000000
98.356859 93.689391 1.000000
100.361147 89.500000 1.000000
100.332815 89.400000 1.000000
100.304297 89.300000 1.000000
100.275593 89.200000 1.000000
100.246704 89.100000 1.000000
100.217630 89.000000 1.000000
100.188373 88.900000 1.000000
100.158931 88.800000 1.000000
100.129306 88.700000 1.000000
100.099499 88.600000 1.000000
100.069509 88.500000 1.000000
100.039337 88.400000 1.000000
100.008985 88.300000 1.000000
99.978451 88.200000 1.000000
99.947737 88.100000 1.000000
99.916843 88.000000 1.000000
99.885769 87.900000 1.000000
99.854517 87.800000 1.000000
99.823086 87.700000 1.000000
99.791477 87.600000 1.000000
99.759691 87.500000 1.000000
99.727727 87.400000 1.000000
99.695587 87.300000 1.000000
99.663270 87.200000 1.000000
99.630778 87.100000 1.000000
99.598110 87.000000 1.000000
99.565268 86.900000 1.000000
99.532251 86.800000 1.000000
99.499060 86.700000 1.000000
99.465696 86.600000 1.000000
99.432159 86.500000 1.000000
99.398449 86.400000 1.000000
99.364567 86.300000 1.000000
99.330513 86.200000 1.000000
99.296288 86.100000 1.000000
99.261893 86.000000 1.000000
99.227327 85.900000 1.000000
99.192591 85.800000 1.000000
99.157685 85.700000 1.000000
99.122611 85.600000 1.000000
99.087368 85.500000 1.000000
99.051957 85.400000 1.000000
99.016378 85.300000 1.000000
98.980632 85.200000 1.000000
98.944719 85.100000 1.000000
98.908639 85.000000 1.000000
98.872394 84.900000 1.000000
98.835983 84.800000 1.000000
98.799407 84.700000 1.000000
98.762666 84.600000 1.000000
98.725761 84.500000 1.000000
98.688692 84.400000 1.000000
98.651460 84.300000 1.000000
98.614065 84.200000 1.000000
98.576507 84.100000 1.000000
98.538787 84.000000 1.000000
98.500906 83.900000 1.000000
98.463072 83.995129 1.000000
98.425634 84.095129 1.000000
98.388553 84.195129 1.000000
98.351828 84.295129 1.000000
98.315458 84.395129 1.000000
98.279442 84.495129 1.000000
98.243779 84.595129 1.000000
98.208469 84.695129 1.000000
98.173510 84.795129 1.000000
98.138901 84.895129 1.000000
98.104642 84.995129 1.000000
98.070731 85.095129 1.000000
98.037168 85.195129 1.000000
98.003952 85.295129 1.000000
97.971082 85.395129 1.000000
97.938557 85.495129 1.000000
97.906376 85.595129 1.000000
97.874538 85.695129 1.000000
97.843043 85.795129 1.000000
97.811889 85.895129 1.000000
97.781075 85.995129 1.000000
97.750602 86.095129 1.000000
97.720467 86.195129 1.000000
97.690669 86.295129 1.000000
97.661209 86.395129 1.000000
97.632086 86.495129 1.000000
97.603297 86.595129 1.000000
97.574843 86.695129 1.000000
97.546722 86.795129 1.000000
97.518934 86.895129 1.000000
97.491478 86.995129 1.000000
97.464353 87.095129 1.000000
97.437558 87.195129 1.000000
97.411092 87.295129 1.000000
97.384955 87.395129 1.000000
97.359145 87.495129 1.000000
97.333661 87.595129 1.000000
97.308504 87.695129 1.000000
97.283672 87.795129 1.000000
97.259163 87.895129 1.000000
97.234978 87.995129 1.000000
97.211116 88.095129 1.000000
97.187575 88.195129 1.000000
97.164355 88.295129 1.000000
97.141455 88.395129 1.000000
97.118874 88.495129 1.000000
97.096611 88.595129 1.000000
97.074666 88.695129 1.000000
97.053037 88.795129 1.000000
97.031724 88.895129 1.000000
97.010726 88.995129 1.000000
96.990043 89.095129 1.000000
96.969673 89.195129 1.000000
96.949615 89.295129 1.000000
96.929869 89.395129 1.000000
96.910434 89.495129 1.000000
96.891309 89.595129 1.000000
96.872494 89.695129 1.000000
96.853987 89.795129 1.000000
96.835787 89.895129 1.000000
96.817895 89.995129 1.000000
96.800309 90.095129 1.000000
96.783028 90.195129 1.000000
96.766051 90.295129 1.000000
96.749379 90.395129 1.000000
96.733009 90.495129 1.000000
96.716941 90.595129 1.000000
96.701175 90.695129 1.000000
96.685710 90.795129 1.000000
96.670544 90.895129 1.000000
96.655677 90.995129 1.000000
96.641109 91.095129 1.000000
96.626838 91.195129 1.000000
96.612864 91.295129 1.000000
96.599185 91.395129 1.000000
96.585802 91.495129 1.000000
96.572714 91.595129 1.000000
96.559919 91.695129 1.000000
96.547417 91.795129 1.000000
96.535207 91.895129 1.000000
96.523288 91.995129 1.000000
96.511660 92.095129 1.000000
96.500322 92.195129 1.000000
96.489273 92.295129 1.000000
96.478512 92.395129 1.000000
96.468039 92.495129 1.000000
96.457853 92.595129 1.000000
96.447952 92.695129 1.000000
96.438338 92.795129 1.000000
96.429007 92.895129 1.000000
96.419961 92.995129 1.000000
96.411198 93.095129 1.000000
96.402717 93.195129 1.000000
96.394518 93.295129 1.000000
96.386600 93.395129 1.000000
96.378962 93.495129 1.000000
96.371604 93.595129 1.000000
96.364525 93.695129 1.000000
96.357723 93.795129 1.000000
96.351199 93.895129 1.000000
96.344951 93.995129 1.000000
96.338980 94.095129 1.000000
96.333283 94.195129 1.000000
96.327861 94.295129 1.000000
96.322713 94.395129 1.000000
96.317837 94.495129 1.000000
96.313234 94.595129 1.000000
96.308903 94.695129 1.000000
96.304842 94.795129 1.000000
96.301052 94.895129 1.000000
96.297531 94.995129 1.000000
96.294279 95.095129 1.000000
96.291296 95.195129 1.000000
96.288579 95.295129 1.000000
96.286129 95.395129 1.000000
96.283946 95.495129 1.000000
96.282027 95.595129 1.000000
96.280374 95.695129 1.000000
96.278984 95.795129 1.000000
96.277857 95.895129 1.000000
96.276993 95.995129 1.000000
96.276391 96.095129 1.000000
96.276051 96.195129 1.000000
96.275970 96.295129 1.000000
96.276150 96.395129 1.000000
96.276589 96.495129 1.000000
96.277286 96.595129 1.000000
96.278241 96.695129 1.000000
96.279454 96.795129 1.000000
96.280923 96.895129 1.000000
96.282647 96.995129 1.000000
96.284627 97.095129 1.000000
96.286862 97.195129 1.000000
96.289350 97.295129 1.000000
96.292092 97.395129 1.000000
96.295086 97.495129 1.000000
96.298332 97.595129 1.000000
96.301829 97.695129 1.000000
96.305577 97.795129 1.000000
96.309574 97.895129 1.000000
96.313821 97.995129 1.000000
96.318317 98.095129 1.000000
96.323060 98.195129 1.000000
96.328051 98.295129 1.000000
96.333289 98.395129 1.000000
96.338773 98.495129 1.000000
96.344502 98.595129 1.000000
96.350476 98.695129 1.000000
96.356694 98.795129 1.000000
96.363155 98.895129 1.000000
96.369860 98.995129 1.000000
96.376807 99.095129 1.000000
96.383995 99.195129 1.000000
96.391424 99.295129 1.000000
96.399094 99.395129 1.000000
96.407004 99.495129 1.000000
96.415152 99.595129 1.000000
96.423539 99.695129 1.000000
96.432164 99.795129 1.000000
96.441026 99.895129 1.000000
96.450125 99.995129 1.000000
96.459460 100.095129 1.000000
96.469031 100.195129 1.000000
96.478836 100.295129 1.000000
96.488875 100.395129 1.000000
96.499148 100.495129 1.000000
96.509654 100.595129 1.000000
96.520392 100.695129 1.000000
96.531362 100.795129 1.000000
96.542564 100.895129 1.000000
96.553996 100.995129 1.000000
96.565657 101.095129 1.000000
96.577549 101.195129 1.000000
96.589669 101.295129 1.000000
96.602017 101.395129 1.000000
96.614593 101.495129 1.000000
96.627395 101.595129 1.000000
96.640425 101.695129 1.000000
96.653680 101.795129 1.000000
96.667160 101.895129 1.000000
96.680865 101.995129 1.000000
96.694794 102.095129 1.000000
96.708946 102.195129 1.000000
96.723322 102.295129 1.000000
96.737920 102.395129 1.000000
96.752739 102.495129 1.000000
96.767780 102.595129 1.000000
96.783041 102.695129 1.000000
96.798523 102.795129 1.000000
96.814223 102.895129 1.000000
96.830143 102.995129 1.000000
96.846281 103.095129 1.000000
96.862637 103.195129 1.000000
96.879210 103.295129 1.000000
96.895999 103.395129 1.000000
96.913005 103.495129 1.000000
96.930226 103.595129 1.000000
96.947662 103.695129 1.000000
96.965313 103.795129 1.000000
96.983177 103.895129 1.000000
97.001255 103.995129 1.000000
97.019545 104.095129 1.000000
97.038048 104.195129 1.000000
97.056762 104.295129 1.000000
97.075687 104.395129 1.000000
97.094823 104.495129 1.000000
97.114169 104.595129 1.000000
97.133724 104.695129 1.000000
97.153488 104.795129 1.000000
97.173460 104.895129 1.000000
97.193640 104.995129 1.000000
97.214028 105.095129 1.000000
97.234622 105.195129 1.000000
97.255422 105.295129 1.000000
97.276428 105.395129 1.000000
97.297639 105.495129 1.000000
97.319055 105.595129 1.000000
97.340675 105.695129 1.000000
97.362498 105.795129 1.000000
97.384524 105.895129 1.000000
97.406753 105.995129 1.000000
97.429183 106.095129 1.000000
97.451815 106.195129 1.000000
97.474648 106.295129 1.000000
97.497682 106.395129 1.000000
97.520915 106.495129 1.000000
97.544348 106.595129 1.000000
97.567979 106.695129 1.000000
97.591809 106.795129 1.000000
97.615836 106.895129 1.000000
97.640061 106.995129 1.000000
97.664482 107.095129 1.000000
97.689100 107.195129 1.000000
97.713913 107.295129 1.000000
97.738922 107.395129 1.000000
97.764125 107.495129 1.000000
97.789523 107.595129 1.000000
97.815114 107.695129 1.000000
97.840899 107.795129 1.000000
97.866876 107.895129 1.000000
97.893046 107.995129 1.000000
97.919407 108.095129 1.000000
97.945959 108.195129 1.000000
97.972702 108.295129 1.000000
97.999636 108.395129 1.000000
98.026759 108.495129 1.000000
98.054071 108.595129 1.000000
98.081572 108.695129 1.000000
98.109262 108.795129 1.000000
98.137139 108.895129 1.000000
98.165203 108.995129 1.000000
98.193454 109.095129 1.000000
98.221891 109.195129 1.000000
98.250515 109.295129 1.000000
98.279323 109.395129 1.000000
98.308317 109.495129 1.000000
98.337495 109.595129 1.000000
98.366856 109.695129 1.000000
98.396401 109.795129 1.000000
98.426129 109.895129 1.000000
98.456040 109.995129 1.000000
98.486133 110.095129 1.000000
98.516361 110.086990 1.000000
98.546276 109.986990 1.000000
98.575853 109.886990 1.000000
98.605094 109.786990 1.000000
98.633999 109.686990 1.000000
98.662570 109.586990 1.000000
98.690806 109.486990 1.000000
98.718710 109.386990 1.000000
98.746282 109.286990 1.000000
98.773522 109.186990 1.000000
98.800432 109.086990 1.000000
98.827012 108.986990 1.000000
98.853264 108.886990 1.000000
98.879188 108.786990 1.000000
98.904785 108.686990 1.000000
98.930056 108.586990 1.000000
98.955001 108.486990 1.000000
98.979622 108.386990 1.000000
99.003920 108.286990 1.000000
99.027895 108.186990 1.000000
99.051548 108.086990 1.000000
99.074879 107.986990 1.000000
99.097891 107.886990 1.000000
99.120583 107.786990 1.000000
99.142956 107.686990 1.000000
99.165012 107.586990 1.000000
99.186751 107.486990 1.000000
99.208174 107.386990 1.000000
99.229281 107.286990 1.000000
99.250074 107.186990 1.000000
99.270553 107.086990 1.000000
99.290720 106.986990 1.000000
99.310574 106.886990 1.000000
99.330117 106.786990 1.000000
99.349350 106.686990 1.000000
99.368273 106.586990 1.000000
99.386888 106.486990 1.000000
99.405194 106.386990 1.000000
99.423193 106.286990 1.000000
99.440886 106.186990 1.000000
99.458273 106.086990 1.000000
99.475356 105.986990 1.000000
99.492134 105.886990 1.000000
99.508609 105.786990 1.000000
99.524782 105.686990 1.000000
99.540653 105.586990 1.000000
99.556223 105.486990 1.000000
99.571493 105.386990 1.000000
99.586464 105.286990 1.000000
99.601136 105.186990 1.000000
99.615511 105.086990 1.000000
99.629588 104.986990 1.000000
99.643370 104.886990 1.000000
99.656855 104.786990 1.000000
99.670046 104.686990 1.000000
99.682944 104.586990 1.000000
99.695548 104.486990 1.000000
99.707859 104.386990 1.000000
99.719880 104.286990 1.000000
99.731609 104.186990 1.000000
99.743048 104.086990 1.000000
99.754197 103.986990 1.000000
99.765059 103.886990 1.000000
99.775632 103.786990 1.000000
99.785918 103.686990 1.000000
99.795918 103.586990 1.000000
99.805632 103.486990 1.000000
99.815061 103.386990 1.000000
99.824206 103.286990 1.000000
99.833068 103.186990 1.000000
99.841647 103.086990 1.000000
99.849944 102.986990 1.000000
99.857959 102.886990 1.000000
99.865695 102.786990 1.000000
99.873150 102.686990 1.000000
99.880327 102.586990 1.000000
99.887225 102.486990 1.000000
99.893846 102.386990 1.000000
99.900190 102.286990 1.000000
99.906258 102.186990 1.000000
99.912050 102.086990 1.000000
99.917568 101.986990 1.000000
99.922811 101.886990 1.000000
99.927782 101.786990 1.000000
99.932479 101.686990 1.000000
99.936905 101.586990 1.000000
99.941060 101.486990 1.000000
99.944944 101.386990 1.000000
99.948559 101.286990 1.000000
99.951904 101.186990 1.000000
99.954982 101.086990 1.000000
99.957791 100.986990 1.000000
99.960334 100.886990 1.000000
99.962610 100.786990 1.000000
99.964621 100.686990 1.000000
99.966366 100.586990 1.000000
99.967848 100.486990 1.000000
99.969066 100.386990 1.000000
99.970022 100.286990 1.000000
99.970715 100.186990 1.000000
99.971146 100.086990 1.000000
99.971317 99.986990 1.000000
99.971228 99.886990 1.000000
99.970879 99.786990 1.000000
99.970272 99.686990 1.000000
99.969407 99.586990 1.000000
99.968284 99.486990 1.000000
99.966904 99.386990 1.000000
99.965268 99.286990 1.000000
99.963377 99.186990 1.000000
99.961231 99.086990 1.000000
99.958831 98.986990 1.000000
99.956178 98.886990 1.000000
99.953272 98.786990 1.000000
99.950114 98.686990 1.000000
99.946704 98.586990 1.000000
99.943043 98.486990 1.000000
99.939133 98.386990 1.000000
99.934972 98.286990 1.000000
99.930563 98.186990 1.000000
99.925906 98.086990 1.000000
99.921001 97.986990 1.000000
99.915849 97.886990 1.000000
99.910451 97.786990 1.000000
99.904808 97.686990 1.000000
99.898919 97.586990 1.000000
99.892786 97.486990 1.000000
99.886409 97.386990 1.000000
99.879789 97.286990 1.000000
99.872927 97.186990 1.000000
99.865822 97.086990 1.000000
99.858477 96.986990 1.000000
99.850891 96.886990 1.000000
99.843065 96.786990 1.000000
99.834999 96.686990 1.000000
99.826695 96.586990 1.000000
99.818153 96.486990 1.000000
99.809374 96.386990 1.000000
99.800357 96.286990 1.000000
99.791104 96.186990 1.000000
99.781616 96.086990 1.000000
99.771892 95.986990 1.000000
99.761935 95.886990 1.000000
99.751743 95.786990 1.000000
99.741318 95.686990 1.000000
99.730661 95.586990 1.000000
99.719771 95.486990 1.000000
99.708650 95.386990 1.000000
99.697299 95.286990 1.000000
99.685717 95.186990 1.000000
99.673906 95.086990 1.000000
99.661865 94.986990 1.000000
99.649596 94.886990 1.000000
99.637100 94.786990 1.000000
99.624376 94.686990 1.000000
99.611426 94.586990 1.000000
99.598249 94.486990 1.000000
99.584847 94.386990 1.000000
99.571220 94.286990 1.000000
99.557369 94.186990 1.000000
99.543295 94.086990 1.000000
99.528997 93.986990 1.000000
99.514476 93.886990 1.000000
99.499734 93.786990 1.000000
99.484770 93.686990 1.000000
99.469586 93.586990 1.000000
99.454181 93.486990 1.000000
99.438557 93.386990 1.000000
99.422713 93.286990 1.000000
99.406651 93.186990 1.000000
99.390371 93.086990 1.000000
99.373874 92.986990 1.000000
99.357159 92.886990 1.000000
99.340229 92.786990 1.000000
99.323083 92.686990 1.000000
99.305722 92.586990 1.000000
99.288146 92.486990 1.000000
