98.986646 79.000000 1.000000
98.882466 78.800000 1.000000
98.777789 78.600000 1.000000
98.672618 78.400000 1.000000
98.566955 78.200000 1.000000
98.460838 78.147288 1.000000
98.356000 78.347288 1.000000
98.252744 78.547288 1.000000
98.151061 78.747288 1.000000
98.050942 78.947288 1.000000
97.952380 79.147288 1.000000
97.855367 79.347288 1.000000
97.759894 79.547288 1.000000
97.665953 79.747288 1.000000
97.573537 79.947288 1.000000
97.482637 80.147288 1.000000
97.393247 80.347288 1.000000
97.305357 80.547288 1.000000
97.218960 80.747288 1.000000
97.134049 80.947288 1.000000
97.050615 81.147288 1.000000
96.968652 81.347288 1.000000
96.888150 81.547288 1.000000
96.809104 81.747288 1.000000
96.731505 81.947288 1.000000
96.655346 82.147288 1.000000
96.580619 82.347288 1.000000
96.507317 82.547288 1.000000
96.435432 82.747288 1.000000
96.364957 82.947288 1.000000
96.295886 83.147288 1.000000
96.228210 83.347288 1.000000
96.161922 83.547288 1.000000
96.097015 83.747288 1.000000
96.033482 83.947288 1.000000
95.971316 84.147288 1.000000
95.910510 84.347288 1.000000
95.851056 84.547288 1.000000
95.792949 84.747288 1.000000
95.736179 84.947288 1.000000
95.680742 85.147288 1.000000
95.626629 85.347288 1.000000
95.573834 85.547288 1.000000
95.522351 85.747288 1.000000
95.472171 85.947288 1.000000
95.423290 86.147288 1.000000
95.375699 86.347288 1.000000
95.329392 86.547288 1.000000
95.284363 86.747288 1.000000
95.240604 86.947288 1.000000
95.198110 87.147288 1.000000
95.156873 87.347288 1.000000
95.116888 87.547288 1.000000
95.078147 87.747288 1.000000
95.040645 87.947288 1.000000
95.004374 88.147288 1.000000
94.969329 88.347288 1.000000
94.935503 88.547288 1.000000
94.902890 88.747288 1.000000
94.871483 88.947288 1.000000
94.841276 89.147288 1.000000
94.812263 89.347288 1.000000
94.784438 89.547288 1.000000
94.757795 89.747288 1.000000
94.732327 89.947288 1.000000
94.708028 90.147288 1.000000
94.684893 90.347288 1.000000
94.662915 90.547288 1.000000
94.642089 90.747288 1.000000
94.622407 90.947288 1.000000
94.603865 91.147288 1.000000
94.586457 91.347288 1.000000
94.570176 91.547288 1.000000
94.555017 91.747288 1.000000
94.540974 91.947288 1.000000
94.528041 92.147288 1.000000
94.516212 92.347288 1.000000
94.505482 92.547288 1.000000
94.495845 92.747288 1.000000
94.487295 92.947288 1.000000
94.479827 93.147288 1.000000
94.473435 93.347288 1.000000
94.468113 93.547288 1.000000
94.463856 93.747288 1.000000
94.460659 93.947288 1.000000
94.458516 94.147288 1.000000
94.457421 94.347288 1.000000
94.457368 94.547288 1.000000
94.458354 94.747288 1.000000
94.460372 94.947288 1.000000
94.463416 95.147288 1.000000
94.467482 95.347288 1.000000
94.472564 95.547288 1.000000
94.478657 95.747288 1.000000
94.485756 95.947288 1.000000
94.493856 96.147288 1.000000
94.502950 96.347288 1.000000
94.513035 96.547288 1.000000
94.524105 96.747288 1.000000
94.536154 96.947288 1.000000
94.549179 97.147288 1.000000
94.563173 97.347288 1.000000
94.578132 97.547288 1.000000
94.594051 97.747288 1.000000
94.610924 97.947288 1.000000
94.628747 98.147288 1.000000
94.647515 98.347288 1.000000
94.667223 98.547288 1.000000
94.687866 98.747288 1.000000
94.709440 98.947288 1.000000
94.731938 99.147288 1.000000
94.755358 99.347288 1.000000
94.779693 99.547288 1.000000
94.804939 99.747288 1.000000
94.831092 99.947288 1.000000
94.858146 100.147288 1.000000
94.886097 100.347288 1.000000
94.914941 100.547288 1.000000
94.944672 100.747288 1.000000
94.975286 100.947288 1.000000
95.006779 101.147288 1.000000
95.039146 101.347288 1.000000
95.072383 101.547288 1.000000
95.106484 101.747288 1.000000
95.141445 101.947288 1.000000
95.177263 102.147288 1.000000
95.213932 102.347288 1.000000
95.251448 102.547288 1.000000
95.289807 102.747288 1.000000
95.329005 102.947288 1.000000
95.369036 103.147288 1.000000
95.409897 103.347288 1.000000
95.451584 103.547288 1.000000
95.494091 103.747288 1.000000
95.537415 103.947288 1.000000
95.581552 104.147288 1.000000
95.626498 104.347288 1.000000
95.672247 104.547288 1.000000
95.718797 104.747288 1.000000
95.766142 104.947288 1.000000
95.814279 105.147288 1.000000
95.863204 105.347288 1.000000
95.912912 105.547288 1.000000
95.963400 105.747288 1.000000
96.014663 105.947288 1.000000
96.066698 106.147288 1.000000
96.119500 106.347288 1.000000
96.173066 106.547288 1.000000
96.227391 106.747288 1.000000
96.282471 106.947288 1.000000
96.338304 107.147288 1.000000
96.394884 107.347288 1.000000
96.452207 107.547288 1.000000
96.510271 107.747288 1.000000
96.569071 107.947288 1.000000
96.628603 108.147288 1.000000
96.688864 108.347288 1.000000
96.749850 108.547288 1.000000
96.811556 108.747288 1.000000
96.873980 108.947288 1.000000
96.937117 109.147288 1.000000
97.000965 109.347288 1.000000
97.065518 109.547288 1.000000
97.130774 109.747288 1.000000
97.196729 109.947288 1.000000
97.263378 110.147288 1.000000
97.330720 110.347288 1.000000
97.398750 110.547288 1.000000
97.467464 110.747288 1.000000
97.536859 110.947288 1.000000
97.606931 111.147288 1.000000
97.677677 111.347288 1.000000
97.749094 111.547288 1.000000
97.821177 111.747288 1.000000
97.893924 111.947288 1.000000
97.967331 112.147288 1.000000
98.041394 112.347288 1.000000
98.116111 112.547288 1.000000
98.191478 112.747288 1.000000
98.267490 112.947288 1.000000
98.344146 113.147288 1.000000
98.421442 113.347288 1.000000
98.499374 113.547288 1.000000
98.576996 113.350688 1.000000
98.653101 113.150688 1.000000
98.727774 112.950688 1.000000
98.801022 112.750688 1.000000
98.872853 112.550688 1.000000
98.943274 112.350688 1.000000
99.012292 112.150688 1.000000
99.079916 111.950688 1.000000
99.146151 111.750688 1.000000
99.211005 111.550688 1.000000
99.274486 111.350688 1.000000
99.336600 111.150688 1.000000
99.397355 110.950688 1.000000
99.456757 110.750688 1.000000
99.514814 110.550688 1.000000
99.571532 110.350688 1.000000
99.626919 110.150688 1.000000
99.680982 109.950688 1.000000
99.733727 109.750688 1.000000
99.785161 109.550688 1.000000
99.835290 109.350688 1.000000
99.884123 109.150688 1.000000
99.931665 108.950688 1.000000
99.977923 108.750688 1.000000
100.022904 108.550688 1.000000
100.066614 108.350688 1.000000
100.109060 108.150688 1.000000
100.150249 107.950688 1.000000
100.190187 107.750688 1.000000
100.228881 107.550688 1.000000
100.266336 107.350688 1.000000
100.302560 107.150688 1.000000
100.337559 106.950688 1.000000
100.371339 106.750688 1.000000
100.403906 106.550688 1.000000
100.435267 106.350688 1.000000
100.465429 106.150688 1.000000
100.494396 105.950688 1.000000
100.522176 105.750688 1.000000
100.548775 105.550688 1.000000
100.574198 105.350688 1.000000
100.598452 105.150688 1.000000
100.621543 104.950688 1.000000
100.643477 104.750688 1.000000
100.664260 104.550688 1.000000
100.683898 104.350688 1.000000
100.702397 104.150688 1.000000
100.719762 103.950688 1.000000
100.736000 103.750688 1.000000
100.751117 103.550688 1.000000
100.765118 103.350688 1.000000
100.778009 103.150688 1.000000
100.789796 102.950688 1.000000
100.800484 102.750688 1.000000
100.810080 102.550688 1.000000
100.818588 102.350688 1.000000
100.826015 102.150688 1.000000
100.832367 101.950688 1.000000
100.837648 101.750688 1.000000
100.841864 101.550688 1.000000
100.845021 101.350688 1.000000
100.847125 101.150688 1.000000
100.848180 100.950688 1.000000
97.577050 101.000000 1.000000
97.595323 101.200000 1.000000
97.614537 101.400000 1.000000
97.634690 101.600000 1.000000
97.655775 101.800000 1.000000
97.677788 102.000000 1.000000
97.700724 102.200000 1.000000
97.724579 102.400000 1.000000
97.749347 102.600000 1.000000
97.775024 102.800000 1.000000
97.801605 103.000000 1.000000
97.829086 103.200000 1.000000
97.857461 103.400000 1.000000
97.886727 103.600000 1.000000
97.916878 103.800000 1.000000
97.947910 104.000000 1.000000
97.979818 104.200000 1.000000
98.012598 104.400000 1.000000
98.046245 104.600000 1.000000
98.080756 104.800000 1.000000
98.116124 105.000000 1.000000
98.152346 105.200000 1.000000
98.189418 105.400000 1.000000
98.227335 105.600000 1.000000
98.266093 105.800000 1.000000
98.305686 106.000000 1.000000
98.346112 106.200000 1.000000
98.387365 106.400000 1.000000
98.429442 106.600000 1.000000
98.472338 106.800000 1.000000
98.515954 106.854203 1.000000
98.558681 106.654203 1.000000
98.600149 106.454203 1.000000
98.640365 106.254203 1.000000
98.679336 106.054203 1.000000
98.717066 105.854203 1.000000
98.753564 105.654203 1.000000
98.788835 105.454203 1.000000
98.822886 105.254203 1.000000
98.855723 105.054203 1.000000
98.887352 104.854203 1.000000
98.917780 104.654203 1.000000
98.947013 104.454203 1.000000
98.975057 104.254203 1.000000
99.001918 104.054203 1.000000
99.027603 103.854203 1.000000
99.052117 103.654203 1.000000
99.075466 103.454203 1.000000
99.097658 103.254203 1.000000
99.118697 103.054203 1.000000
99.138589 102.854203 1.000000
99.157341 102.654203 1.000000
99.174958 102.454203 1.000000
99.191447 102.254203 1.000000
99.206813 102.054203 1.000000
99.221062 101.854203 1.000000
99.234199 101.654203 1.000000
99.246232 101.454203 1.000000
99.257164 101.254203 1.000000
99.267003 101.054203 1.000000
99.275753 100.854203 1.000000
99.283421 100.654203 1.000000
99.290011 100.454203 1.000000
99.295530 100.254203 1.000000
99.299983 100.054203 1.000000
99.303376 99.854203 1.000000
99.305714 99.654203 1.000000
99.307002 99.454203 1.000000
99.307246 99.254203 1.000000
99.306452 99.054203 1.000000
99.304625 98.854203 1.000000
99.301769 98.654203 1.000000
99.297892 98.454203 1.000000
99.292997 98.254203 1.000000
99.287090 98.054203 1.000000
99.280177 97.854203 1.000000
99.272262 97.654203 1.000000
99.263350 97.454203 1.000000
99.253448 97.254203 1.000000
99.242560 97.054203 1.000000
99.230691 96.854203 1.000000
99.217846 96.654203 1.000000
99.204031 96.454203 1.000000
99.189250 96.254203 1.000000
99.173508 96.054203 1.000000
99.156811 95.854203 1.000000
99.139162 95.654203 1.000000
99.120569 95.454203 1.000000
99.101034 95.254203 1.000000
99.080563 95.054203 1.000000
99.059161 94.854203 1.000000
99.036833 94.654203 1.000000
99.013584 94.454203 1.000000
98.989417 94.254203 1.000000
98.964339 94.054203 1.000000
98.938353 93.854203 1.000000
98.911465 93.654203 1.000000
98.883679 93.454203 1.000000
98.855000 93.254203 1.000000
98.825433 93.054203 1.000000
98.794981 92.854203 1.000000
98.763650 92.654203 1.000000
98.731444 92.454203 1.000000
98.698368 92.254203 1.000000
98.664427 92.054203 1.000000
98.629623 91.854203 1.000000
98.593964 91.654203 1.000000
98.557451 91.454203 1.000000
98.520091 91.254203 1.000000
98.482080 91.242545 1.000000
98.445051 91.442545 1.000000
98.409252 91.642545 1.000000
98.374675 91.842545 1.000000
98.341315 92.042545 1.000000
98.309166 92.242545 1.000000
98.278221 92.442545 1.000000
98.248473 92.642545 1.000000
98.219917 92.842545 1.000000
98.192546 93.042545 1.000000
98.166355 93.242545 1.000000
98.141336 93.442545 1.000000
98.117485 93.642545 1.000000
98.094795 93.842545 1.000000
98.073260 94.042545 1.000000
98.052874 94.242545 1.000000
98.033630 94.442545 1.000000
98.015524 94.642545 1.000000
97.998550 94.842545 1.000000
97.982700 95.042545 1.000000
97.967970 95.242545 1.000000
97.954354 95.442545 1.000000
97.941845 95.642545 1.000000
97.930439 95.842545 1.000000
97.920129 96.042545 1.000000
97.910910 96.242545 1.000000
97.902776 96.442545 1.000000
97.895722 96.642545 1.000000
97.889741 96.842545 1.000000
97.884829 97.042545 1.000000
97.880980 97.242545 1.000000
97.878188 97.442545 1.000000
97.876447 97.642545 1.000000
97.875753 97.842545 1.000000
97.876100 98.042545 1.000000
97.877483 98.242545 1.000000
97.879895 98.442545 1.000000
97.883332 98.642545 1.000000
97.887789 98.842545 1.000000
97.893260 99.042545 1.000000
97.899740 99.242545 1.000000
97.907224 99.442545 1.000000
97.915706 99.642545 1.000000
97.925181 99.842545 1.000000
97.935644 100.042545 1.000000
97.947091 100.242545 1.000000
97.959515 100.442545 1.000000
97.972913 100.642545 1.000000
97.987278 100.842545 1.000000
98.002606 101.042545 1.000000
98.018892 101.242545 1.000000
98.036130 101.442545 1.000000
98.054317 101.642545 1.000000
98.073446 101.842545 1.000000
98.093514 102.042545 1.000000
98.114515 102.242545 1.000000
98.136444 102.442545 1.000000
98.159296 102.642545 1.000000
98.183068 102.842545 1.000000
98.207753 103.042545 1.000000
98.233348 103.242545 1.000000
98.259847 103.442545 1.000000
98.287247 103.642545 1.000000
98.315541 103.842545 1.000000
98.344726 104.042545 1.000000
98.374797 104.242545 1.000000
98.405749 104.442545 1.000000
98.437578 104.642545 1.000000
98.470279 104.842545 1.000000
98.503869 104.997411 1.000000
98.537028 104.797411 1.000000
98.568979 104.597411 1.000000
98.599726 104.397411 1.000000
98.629277 104.197411 1.000000
98.657637 103.997411 1.000000
98.684812 103.797411 1.000000
98.710810 103.597411 1.000000
98.735635 103.397411 1.000000
98.759294 103.197411 1.000000
98.781794 102.997411 1.000000
98.803139 102.797411 1.000000
98.823336 102.597411 1.000000
98.842391 102.397411 1.000000
98.860310 102.197411 1.000000
98.877099 101.997411 1.000000
98.892763 101.797411 1.000000
98.907309 101.597411 1.000000
98.920742 101.397411 1.000000
98.933068 101.197411 1.000000
98.944293 100.997411 1.000000
98.954423 100.797411 1.000000
98.963462 100.597411 1.000000
98.971418 100.397411 1.000000
98.978295 100.197411 1.000000
98.984098 99.997411 1.000000
98.988835 99.797411 1.000000
98.992509 99.597411 1.000000
98.995128 99.397411 1.000000
98.996695 99.197411 1.000000
98.997217 98.997411 1.000000
98.996699 98.797411 1.000000
98.995146 98.597411 1.000000
98.992564 98.397411 1.000000
98.988958 98.197411 1.000000
98.984334 97.997411 1.000000
98.978696 97.797411 1.000000
98.972050 97.597411 1.000000
98.964402 97.397411 1.000000
98.955755 97.197411 1.000000
98.946116 96.997411 1.000000
98.935490 96.797411 1.000000
98.923882 96.597411 1.000000
98.911297 96.397411 1.000000
98.897739 96.197411 1.000000
98.883215 95.997411 1.000000
98.867729 95.797411 1.000000
98.851285 95.597411 1.000000
98.833890 95.397411 1.000000
98.815548 95.197411 1.000000
98.796263 94.997411 1.000000
98.776041 94.797411 1.000000
98.754887 94.597411 1.000000
98.732805 94.397411 1.000000
98.709800 94.197411 1.000000
98.685878 93.997411 1.000000
98.661042 93.797411 1.000000
98.635298 93.597411 1.000000
98.608650 93.397411 1.000000
98.581102 93.197411 1.000000
98.552661 92.997411 1.000000
98.523329 92.797411 1.000000
98.493135 92.687364 1.000000
98.463542 92.887364 1.000000
98.435141 93.087364 1.000000
98.407923 93.287364 1.000000
98.381885 93.487364 1.000000
98.357018 93.687364 1.000000
99.499944 99.000000 1.000000
99.496832 98.800000 1.000000
99.492699 98.600000 1.000000
99.487550 98.400000 1.000000
99.481390 98.200000 1.000000
99.474225 98.000000 1.000000
99.466060 97.800000 1.000000
99.456900 97.600000 1.000000
99.446750 97.400000 1.000000
99.435616 97.200000 1.000000
99.423501 97.000000 1.000000
99.410413 96.800000 1.000000
99.396355 96.600000 1.000000
99.381332 96.400000 1.000000
99.365351 96.200000 1.000000
99.348414 96.000000 1.000000
99.330529 95.800000 1.000000
99.311699 95.600000 1.000000
99.291929 95.400000 1.000000
99.271224 95.200000 1.000000
99.249590 95.000000 1.000000
99.227030 94.800000 1.000000
99.203550 94.600000 1.000000
99.179155 94.400000 1.000000
99.153848 94.200000 1.000000
99.127636 94.000000 1.000000
99.100523 93.800000 1.000000
99.072512 93.600000 1.000000
99.043610 93.400000 1.000000
99.013820 93.200000 1.000000
98.983148 93.000000 1.000000
98.951597 92.800000 1.000000
98.919173 92.600000 1.000000
98.885879 92.400000 1.000000
98.851721 92.200000 1.000000
98.816703 92.000000 1.000000
98.780829 91.800000 1.000000
98.744104 91.600000 1.000000
98.706532 91.400000 1.000000
98.668117 91.200000 1.000000
98.628865 91.000000 1.000000
98.588778 90.800000 1.000000
98.547863 90.600000 1.000000
98.506122 90.400000 1.000000
98.464277 90.541787 1.000000
98.423706 90.741787 1.000000
98.384383 90.941787 1.000000
98.346301 91.141787 1.000000
98.309453 91.341787 1.000000
98.273835 91.541787 1.000000
98.239438 91.741787 1.000000
98.206257 91.941787 1.000000
98.174285 92.141787 1.000000
98.143517 92.341787 1.000000
98.113945 92.541787 1.000000
98.085564 92.741787 1.000000
98.058368 92.941787 1.000000
98.032350 93.141787 1.000000
98.007504 93.341787 1.000000
97.983824 93.541787 1.000000
97.961305 93.741787 1.000000
97.939939 93.941787 1.000000
97.919722 94.141787 1.000000
97.900647 94.341787 1.000000
97.882708 94.541787 1.000000
97.865899 94.741787 1.000000
97.850215 94.941787 1.000000
97.835650 95.141787 1.000000
97.822197 95.341787 1.000000
97.809852 95.541787 1.000000
97.798607 95.741787 1.000000
97.788459 95.941787 1.000000
97.779400 96.141787 1.000000
97.771426 96.341787 1.000000
97.764530 96.541787 1.000000
97.758707 96.741787 1.000000
97.753952 96.941787 1.000000
97.750259 97.141787 1.000000
97.747622 97.341787 1.000000
97.746036 97.541787 1.000000
97.745496 97.741787 1.000000
97.745996 97.941787 1.000000
97.747531 98.141787 1.000000
97.750095 98.341787 1.000000
97.753682 98.541787 1.000000
97.758289 98.741787 1.000000
97.763909 98.941787 1.000000
97.770537 99.141787 1.000000
97.778168 99.341787 1.000000
97.786797 99.541787 1.000000
97.796419 99.741787 1.000000
97.807027 99.941787 1.000000
97.818618 100.141787 1.000000
97.831187 100.341787 1.000000
97.844727 100.541787 1.000000
97.859234 100.741787 1.000000
97.874704 100.941787 1.000000
97.891130 101.141787 1.000000
97.908509 101.341787 1.000000
97.926835 101.541787 1.000000
97.946103 101.741787 1.000000
97.966308 101.941787 1.000000
97.987446 102.141787 1.000000
98.009512 102.341787 1.000000
98.032500 102.541787 1.000000
98.056407 102.741787 1.000000
98.081227 102.941787 1.000000
98.106955 103.141787 1.000000
98.133587 103.341787 1.000000
98.161119 103.541787 1.000000
98.189545 103.741787 1.000000
98.218860 103.941787 1.000000
98.249062 104.141787 1.000000
98.280143 104.341787 1.000000
98.312101 104.541787 1.000000
98.344931 104.741787 1.000000
98.378627 104.941787 1.000000
98.413186 105.141787 1.000000
98.448603 105.341787 1.000000
98.484873 105.541787 1.000000
98.521670 105.506093 1.000000
98.557375 105.306093 1.000000
98.591858 105.106093 1.000000
98.625125 104.906093 1.000000
98.657182 104.706093 1.000000
98.688036 104.506093 1.000000
98.717692 104.306093 1.000000
98.746157 104.106093 1.000000
98.773438 103.906093 1.000000
98.799539 103.706093 1.000000
98.824468 103.506093 1.000000
98.848230 103.306093 1.000000
98.870832 103.106093 1.000000
98.892279 102.906093 1.000000
98.912577 102.706093 1.000000
98.931733 102.506093 1.000000
98.949753 102.306093 1.000000
98.966641 102.106093 1.000000
98.982405 101.906093 1.000000
98.997050 101.706093 1.000000
99.010581 101.506093 1.000000
99.023005 101.306093 1.000000
99.034327 101.106093 1.000000
99.044553 100.906093 1.000000
99.053689 100.706093 1.000000
99.061740 100.506093 1.000000
99.068712 100.306093 1.000000
99.074611 100.106093 1.000000
99.079441 99.906093 1.000000
99.083210 99.706093 1.000000
99.085921 99.506093 1.000000
99.087581 99.306093 1.000000
99.088195 99.106093 1.000000
99.087769 98.906093 1.000000
99.086308 98.706093 1.000000
99.083817 98.506093 1.000000
99.080301 98.306093 1.000000
99.075767 98.106093 1.000000
99.070218 97.906093 1.000000
99.063661 97.706093 1.000000
99.056101 97.506093 1.000000
99.047543 97.306093 1.000000
99.037992 97.106093 1.000000
99.027453 96.906093 1.000000
99.015932 96.706093 1.000000
99.003432 96.506093 1.000000
98.989961 96.306093 1.000000
98.975522 96.106093 1.000000
98.960121 95.906093 1.000000
98.943762 95.706093 1.000000
98.926450 95.506093 1.000000
98.908192 95.306093 1.000000
98.888990 95.106093 1.000000
98.868851 94.906093 1.000000
98.847779 94.706093 1.000000
98.825779 94.506093 1.000000
98.802856 94.306093 1.000000
98.779014 94.106093 1.000000
98.754259 93.906093 1.000000
98.728595 93.706093 1.000000
98.702027 93.506093 1.000000
98.674559 93.306093 1.000000
98.646196 93.106093 1.000000
98.616943 92.906093 1.000000
98.586805 92.706093 1.000000
98.555786 92.506093 1.000000
98.523890 92.306093 1.000000
98.491164 92.213227 1.000000
98.459122 92.413227 1.000000
98.428284 92.613227 1.000000
98.398643 92.813227 1.000000
98.370194 93.013227 1.000000
98.342929 93.213227 1.000000
98.316843 93.413227 1.000000
98.291929 93.613227 1.000000
98.268182 93.813227 1.000000
98.245596 94.013227 1.000000
98.224164 94.213227 1.000000
98.203880 94.413227 1.000000
98.184739 94.613227 1.000000
98.166734 94.813227 1.000000
98.149860 95.013227 1.000000
98.134111 95.213227 1.000000
98.119481 95.413227 1.000000
98.105964 95.613227 1.000000
98.093555 95.813227 1.000000
98.082247 96.013227 1.000000
98.072035 96.213227 1.000000
98.062914 96.413227 1.000000
98.054877 96.613227 1.000000
98.047919 96.813227 1.000000
98.042034 97.013227 1.000000
98.037217 97.213227 1.000000
98.033463 97.413227 1.000000
98.030765 97.613227 1.000000
98.029118 97.813227 1.000000
98.028518 98.013227 1.000000
98.028958 98.213227 1.000000
98.030432 98.413227 1.000000
98.032937 98.613227 1.000000
98.036466 98.813227 1.000000
98.041013 99.013227 1.000000
98.046575 99.213227 1.000000
98.053145 99.413227 1.000000
98.060718 99.613227 1.000000
98.069289 99.813227 1.000000
98.078853 100.013227 1.000000
98.089405 100.213227 1.000000
98.100939 100.413227 1.000000
98.113451 100.613227 1.000000
98.126935 100.813227 1.000000
98.141387 101.013227 1.000000
98.156801 101.213227 1.000000
98.173172 101.413227 1.000000
98.190496 101.613227 1.000000
98.208767 101.813227 1.000000
98.227980 102.013227 1.000000
98.248132 102.213227 1.000000
98.269216 102.413227 1.000000
98.291228 102.613227 1.000000
98.314163 102.813227 1.000000
98.338017 103.013227 1.000000
98.362784 103.213227 1.000000
98.388460 103.413227 1.000000
98.415040 103.613227 1.000000
98.442519 103.813227 1.000000
