-0.513368 -1.000000
-0.514631 -1.000000
-0.515891 -1.000000
-0.517148 -1.000000
-0.518402 -1.000000
-0.519653 -1.000000
-0.520900 -1.000000
-0.522144 -1.000000
-0.523385 -1.000000
-0.524623 -1.000000
-0.525857 -1.000000
-0.527088 -1.000000
-0.528316 -1.000000
-0.529541 -1.000000
-0.530762 -1.000000
-0.529969 2.365365
-0.520925 -0.437381
-0.523360 1.498699
-0.515115 1.152423
-0.512411 0.894777
-0.508414 1.000000
-0.504497 1.000000
-0.500590 1.000000
-0.496694 1.000000
-0.492807 1.000000
-0.488931 1.000000
-0.485065 1.000000
-0.481209 1.000000
-0.477363 1.000000
-0.473527 1.000000
-0.469700 1.000000
-0.465884 1.000000
-0.462078 1.000000
-0.458281 1.000000
-0.454495 1.000000
-0.450718 1.000000
-0.446951 1.000000
-0.443194 1.000000
-0.439446 1.000000
-0.435709 1.000000
-0.431981 1.000000
-0.428262 1.000000
-0.424554 1.000000
-0.420855 1.000000
-0.417165 1.000000
-0.413485 1.000000
-0.409815 1.000000
-0.406154 1.000000
-0.402503 1.000000
-0.398861 1.000000
-0.395229 1.000000
-0.391606 1.000000
-0.387993 1.000000
-0.384389 1.000000
-0.380794 1.000000
-0.377208 1.000000
-0.373632 1.000000
-0.370066 1.000000
-0.366508 1.000000
-0.362960 1.000000
-0.359421 1.000000
-0.355891 1.000000
-0.352370 1.000000
-0.348858 1.000000
-0.345356 1.000000
-0.341862 1.000000
-0.338378 1.000000
-0.334903 1.000000
-0.331437 1.000000
-0.327979 1.000000
-0.324531 1.000000
-0.321092 1.000000
-0.317661 1.000000
-0.314240 1.000000
-0.310827 1.000000
-0.307424 1.000000
-0.304029 1.000000
-0.300643 1.000000
-0.297265 1.000000
-0.293897 1.000000
-0.290537 1.000000
-0.287186 1.000000
-0.283844 1.000000
-0.280510 1.000000
-0.277185 1.000000
-0.273869 1.000000
-0.270561 1.000000
-0.267262 1.000000
-0.263971 1.000000
-0.260689 1.000000
-0.257416 1.000000
-0.254151 1.000000
-0.250894 1.000000
-0.247646 1.000000
-0.244406 1.000000
-0.241175 1.000000
-0.237952 1.000000
-0.234738 1.000000
-0.231532 1.000000
-0.228334 1.000000
-0.225144 1.000000
-0.221963 1.000000
-0.218790 1.000000
-0.215625 1.000000
-0.212469 1.000000
-0.209320 1.000000
-0.206180 1.000000
-0.203048 1.000000
-0.199924 1.000000
-0.196809 1.000000
-0.193701 1.000000
-0.190601 1.000000
-0.187510 1.000000
-0.184426 1.000000
-0.181351 1.000000
-0.178283 1.000000
-0.175224 1.000000
-0.172172 1.000000
-0.169128 1.000000
-0.166093 1.000000
-0.163065 1.000000
-0.160045 1.000000
-0.157033 1.000000
-0.154028 1.000000
-0.151032 1.000000
-0.148043 1.000000
-0.145062 1.000000
-0.142088 1.000000
-0.139123 1.000000
-0.136165 1.000000
-0.133215 1.000000
-0.130272 1.000000
-0.127337 1.000000
-0.124410 1.000000
-0.121490 1.000000
-0.118578 1.000000
-0.115674 1.000000
-0.112777 1.000000
-0.109887 1.000000
-0.107005 1.000000
-0.104131 1.000000
-0.101264 1.000000
-0.098404 1.000000
-0.095552 1.000000
-0.092707 1.000000
-0.089870 1.000000
-0.087040 1.000000
-0.084218 1.000000
-0.081402 1.000000
-0.078594 1.000000
-0.075794 1.000000
-0.073000 1.000000
-0.070214 1.000000
-0.067435 1.000000
-0.064663 1.000000
-0.061899 1.000000
-0.059141 1.000000
-0.056391 1.000000
-0.053648 1.000000
-0.050912 1.000000
-0.048183 1.000000
-0.045462 1.000000
-0.042747 1.000000
-0.040039 1.000000
-0.037339 1.000000
-0.034645 1.000000
-0.031959 1.000000
-0.029279 1.000000
-0.026606 1.000000
-0.023941 1.000000
-0.021282 1.000000
-0.018630 1.000000
-0.015985 1.000000
-0.013347 1.000000
-0.010716 1.000000
-0.008091 1.000000
-0.005473 1.000000
-0.002863 1.000000
-0.000259 1.000000
0.002339 1.000000
0.004929 1.000000
0.007513 1.000000
0.010090 1.000000
0.012661 1.000000
0.015224 1.000000
0.017781 1.000000
0.020332 1.000000
0.022876 1.000000
0.025413 1.000000
0.027944 1.000000
0.030468 1.000000
0.032985 1.000000
0.035496 1.000000
0.038001 1.000000
0.040499 1.000000
0.042990 1.000000
0.045475 1.000000
0.047954 1.000000
0.050426 1.000000
0.052891 1.000000
0.055351 1.000000
0.057804 1.000000
0.060250 1.000000
0.062690 1.000000
0.065124 1.000000
0.067552 1.000000
0.069973 1.000000
0.072388 1.000000
0.074796 1.000000
0.077199 1.000000
0.079595 1.000000
0.081985 1.000000
0.084369 1.000000
0.086746 1.000000
0.089118 1.000000
0.091483 1.000000
0.093842 1.000000
0.096195 1.000000
0.098542 1.000000
0.100882 1.000000
0.103217 1.000000
0.105546 1.000000
0.107868 1.000000
0.110185 1.000000
0.112495 1.000000
0.114800 1.000000
0.117098 1.000000
0.119391 1.000000
0.121678 1.000000
0.123958 1.000000
0.126233 1.000000
0.128502 1.000000
0.130765 1.000000
0.133022 1.000000
0.135273 1.000000
0.137518 1.000000
0.139758 1.000000
0.141992 1.000000
0.144220 1.000000
0.146442 1.000000
0.148658 1.000000
0.150869 1.000000
0.153074 1.000000
0.155273 1.000000
0.157466 1.000000
0.159654 1.000000
0.161836 1.000000
0.164012 1.000000
0.166183 1.000000
0.168348 1.000000
0.170508 1.000000
0.172662 1.000000
0.174810 1.000000
0.176953 1.000000
0.179090 1.000000
0.181221 1.000000
0.183347 1.000000
0.185468 1.000000
0.187583 1.000000
0.189692 1.000000
0.191797 1.000000
0.193895 1.000000
0.195988 1.000000
0.198076 1.000000
0.200158 1.000000
0.202235 1.000000
0.204307 1.000000
0.206373 1.000000
0.208434 1.000000
0.210489 1.000000
0.212539 1.000000
0.214584 1.000000
0.216623 1.000000
0.218657 1.000000
0.220686 1.000000
0.222710 1.000000
0.224728 1.000000
0.226741 1.000000
0.228749 1.000000
0.230752 1.000000
0.232749 1.000000
0.234741 1.000000
0.236728 1.000000
0.238710 1.000000
0.240687 1.000000
0.242659 1.000000
0.244625 1.000000
0.246587 1.000000
0.248543 1.000000
0.250494 1.000000
0.252441 1.000000
0.254382 1.000000
0.256318 1.000000
0.258249 1.000000
0.260175 1.000000
0.262096 1.000000
0.264012 1.000000
0.265923 1.000000
0.267829 1.000000
0.269730 1.000000
0.271627 1.000000
0.273518 1.000000
0.275404 1.000000
0.277286 1.000000
0.279162 1.000000
0.281034 1.000000
0.282901 1.000000
0.284763 1.000000
0.286620 1.000000
0.288473 1.000000
0.290320 1.000000
0.292163 1.000000
0.294001 1.000000
0.295834 1.000000
0.297663 1.000000
0.299486 1.000000
0.301305 1.000000
0.303120 1.000000
0.304929 1.000000
0.306734 1.000000
0.308534 1.000000
0.310330 1.000000
0.312120 1.000000
0.313907 1.000000
0.315688 1.000000
0.317465 1.000000
0.319237 1.000000
0.321005 1.000000
0.322768 1.000000
0.324527 1.000000
0.326281 1.000000
0.328030 1.000000
0.329775 1.000000
0.331515 1.000000
0.333251 1.000000
0.334982 1.000000
0.336709 1.000000
0.338431 1.000000
0.340149 1.000000
0.341863 1.000000
0.343571 1.000000
0.345276 1.000000
0.346976 1.000000
0.348672 1.000000
0.350363 1.000000
0.352050 1.000000
0.353732 1.000000
0.355410 1.000000
0.357084 1.000000
0.358754 1.000000
0.360419 1.000000
0.362079 1.000000
0.363736 1.000000
0.365388 1.000000
0.367036 1.000000
0.368679 1.000000
0.370319 1.000000
0.371954 1.000000
0.373585 1.000000
0.375211 1.000000
0.376833 1.000000
0.378452 1.000000
0.380065 1.000000
0.381675 1.000000
0.383281 1.000000
0.384882 1.000000
0.386479 1.000000
0.388072 1.000000
0.389661 1.000000
0.391246 1.000000
0.387956 -3.500824
0.382593 1.788328
0.382634 -2.634157
0.375980 -0.630278
0.373428 -0.994233
0.369784 -1.000000
0.366227 -1.000000
0.362680 -1.000000
0.359141 -1.000000
0.355612 -1.000000
0.352092 -1.000000
0.348581 -1.000000
0.345079 -1.000000
0.341587 -1.000000
0.338103 -1.000000
0.334629 -1.000000
0.331163 -1.000000
0.327707 -1.000000
0.324259 -1.000000
0.320820 -1.000000
0.317391 -1.000000
0.313970 -1.000000
0.310558 -1.000000
0.307155 -1.000000
0.303761 -1.000000
0.300376 -1.000000
0.296999 -1.000000
0.293631 -1.000000
0.290272 -1.000000
0.286922 -1.000000
0.283580 -1.000000
0.280247 -1.000000
0.276923 -1.000000
0.273607 -1.000000
0.270300 -1.000000
0.267002 -1.000000
0.263712 -1.000000
0.260430 -1.000000
0.257157 -1.000000
0.253893 -1.000000
0.250637 -1.000000
0.247390 -1.000000
0.244151 -1.000000
0.240920 -1.000000
0.237698 -1.000000
0.234484 -1.000000
0.231279 -1.000000
0.228081 -1.000000
0.224893 -1.000000
0.221712 -1.000000
0.218540 -1.000000
0.215376 -1.000000
0.212220 -1.000000
0.209072 -1.000000
0.205932 -1.000000
0.202801 -1.000000
0.199678 -1.000000
0.196563 -1.000000
0.193456 -1.000000
0.190357 -1.000000
0.187266 -1.000000
0.184183 -1.000000
0.181108 -1.000000
0.178041 -1.000000
0.174982 -1.000000
0.171931 -1.000000
0.168888 -1.000000
0.165853 -1.000000
0.162826 -1.000000
0.159806 -1.000000
0.156795 -1.000000
0.153791 -1.000000
0.150795 -1.000000
0.147807 -1.000000
0.144826 -1.000000
0.141854 -1.000000
0.138889 -1.000000
0.135932 -1.000000
0.132982 -1.000000
0.130040 -1.000000
0.127106 -1.000000
0.124179 -1.000000
0.121260 -1.000000
0.118349 -1.000000
0.115445 -1.000000
0.112548 -1.000000
0.109659 -1.000000
0.106778 -1.000000
0.103904 -1.000000
0.101038 -1.000000
0.098179 -1.000000
0.095327 -1.000000
0.092483 -1.000000
0.089646 -1.000000
0.086817 -1.000000
0.083995 -1.000000
0.081180 -1.000000
0.078373 -1.000000
0.075573 -1.000000
0.072780 -1.000000
0.069994 -1.000000
0.067216 -1.000000
0.064445 -1.000000
0.061681 -1.000000
0.058924 -1.000000
0.056174 -1.000000
0.053432 -1.000000
0.050696 -1.000000
0.047968 -1.000000
0.045247 -1.000000
0.042533 -1.000000
0.039826 -1.000000
0.037126 -1.000000
0.034433 -1.000000
0.031747 -1.000000
0.029068 -1.000000
0.026395 -1.000000
0.023730 -1.000000
0.021072 -1.000000
0.018421 -1.000000
0.015776 -1.000000
0.013139 -1.000000
0.010508 -1.000000
0.007884 -1.000000
0.005267 -1.000000
0.002657 -1.000000
0.077076 1.000000
0.079473 1.000000
0.081863 1.000000
0.084247 1.000000
0.086625 1.000000
0.088997 1.000000
0.091362 1.000000
0.093722 1.000000
0.096075 1.000000
0.098422 1.000000
0.100763 1.000000
0.103098 1.000000
0.105427 1.000000
0.107750 1.000000
0.110067 1.000000
0.112378 1.000000
0.114682 1.000000
0.116981 1.000000
0.119274 1.000000
0.121561 1.000000
0.123842 1.000000
0.126117 1.000000
0.128386 1.000000
0.130649 1.000000
0.132907 1.000000
0.135158 1.000000
0.137404 1.000000
0.139644 1.000000
0.141878 1.000000
0.144106 1.000000
0.146328 1.000000
0.148545 1.000000
0.150756 1.000000
0.152961 1.000000
0.155161 1.000000
0.157354 1.000000
0.159542 1.000000
0.161725 1.000000
0.163901 1.000000
0.166072 1.000000
0.168238 1.000000
0.170398 1.000000
0.172552 1.000000
0.174700 1.000000
0.176843 1.000000
0.178981 1.000000
0.181113 1.000000
0.183239 1.000000
0.185360 1.000000
0.187475 1.000000
0.189585 1.000000
0.191689 1.000000
0.193788 1.000000
0.195882 1.000000
0.197970 1.000000
0.200052 1.000000
0.202129 1.000000
0.204201 1.000000
0.206267 1.000000
0.208329 1.000000
0.210384 1.000000
0.212435 1.000000
0.214480 1.000000
0.216519 1.000000
0.218554 1.000000
0.217925 -2.331319
0.211194 0.396874
0.212913 -1.464653
0.206506 -1.168079
0.204209 -0.891794
0.201077 -1.000000
0.197958 -1.000000
0.194847 -1.000000
0.191745 -1.000000
0.188650 -1.000000
0.185564 -1.000000
0.182485 -1.000000
0.179415 -1.000000
0.176352 -1.000000
0.173298 -1.000000
0.170251 -1.000000
0.167212 -1.000000
0.164181 -1.000000
0.161159 -1.000000
0.158143 -1.000000
0.155136 -1.000000
0.152137 -1.000000
0.149145 -1.000000
0.146161 -1.000000
0.143185 -1.000000
0.140217 -1.000000
0.137256 -1.000000
0.134303 -1.000000
0.131358 -1.000000
0.128420 -1.000000
0.125490 -1.000000
0.122567 -1.000000
0.119652 -1.000000
0.116745 -1.000000
0.113845 -1.000000
0.110953 -1.000000
0.108068 -1.000000
0.105191 -1.000000
0.102321 -1.000000
0.099459 -1.000000
0.096604 -1.000000
0.093757 -1.000000
0.090917 -1.000000
0.088084 -1.000000
0.085259 -1.000000
0.082441 -1.000000
0.079630 -1.000000
0.076826 -1.000000
0.074030 -1.000000
0.071241 -1.000000
0.068460 -1.000000
0.065685 -1.000000
0.062918 -1.000000
0.060158 -1.000000
0.057405 -1.000000
0.054660 -1.000000
0.051921 -1.000000
0.049190 -1.000000
0.046465 -1.000000
0.043748 -1.000000
0.041038 -1.000000
0.038335 -1.000000
0.035639 -1.000000
0.032949 -1.000000
0.030267 -1.000000
0.027592 -1.000000
0.024924 -1.000000
0.022262 -1.000000
0.019608 -1.000000
0.016960 -1.000000
0.014320 -1.000000
0.011686 -1.000000
0.009059 -1.000000
0.006439 -1.000000
0.003826 -1.000000
0.001219 -1.000000
-0.001381 -1.000000
-0.003974 -1.000000
-0.006560 -1.000000
-0.009140 -1.000000
-0.011713 -1.000000
-0.014279 -1.000000
-0.016838 -1.000000
-0.019391 -1.000000
-0.021938 -1.000000
-0.024477 -1.000000
-0.027010 -1.000000
-0.029537 -1.000000
-0.032057 -1.000000
-0.034570 -1.000000
-0.037077 -1.000000
-0.039577 -1.000000
-0.042071 -1.000000
-0.044559 -1.000000
-0.047039 -1.000000
-0.049514 -1.000000
-0.051982 -1.000000
-0.054444 -1.000000
-0.056899 -1.000000
-0.059348 -1.000000
-0.061790 -1.000000
-0.064226 -1.000000
-0.066656 -1.000000
-0.069080 -1.000000
-0.071497 -1.000000
-0.073908 -1.000000
-0.076313 -1.000000
-0.078711 -1.000000
-0.081103 -1.000000
-0.083489 -1.000000
-0.085869 -1.000000
-0.088243 -1.000000
-0.090610 -1.000000
-0.092972 -1.000000
-0.095327 -1.000000
-0.097676 -1.000000
-0.100019 -1.000000
-0.102356 -1.000000
-0.104687 -1.000000
-0.107012 -1.000000
-0.109330 -1.000000
-0.111643 -1.000000
-0.113950 -1.000000
-0.116251 -1.000000
-0.118545 -1.000000
-0.120834 -1.000000
-0.123117 -1.000000
-0.125394 -1.000000
-0.127665 -1.000000
-0.129930 -1.000000
-0.132189 -1.000000
-0.134443 -1.000000
-0.136690 -1.000000
-0.138932 -1.000000
-0.141168 -1.000000
-0.143398 -1.000000
-0.145622 -1.000000
-0.147841 -1.000000
-0.150053 -1.000000
-0.152260 -1.000000
-0.154462 -1.000000
-0.156657 -1.000000
-0.158847 -1.000000
-0.161031 -1.000000
-0.163210 -1.000000
-0.165383 -1.000000
-0.167550 -1.000000
-0.169711 -1.000000
-0.171867 -1.000000
-0.174018 -1.000000
-0.176162 -1.000000
-0.178302 -1.000000
-0.180435 -1.000000
-0.182563 -1.000000
-0.184686 -1.000000
-0.186803 -1.000000
-0.188914 -1.000000
-0.191021 -1.000000
-0.188262 3.314281
-0.183876 -1.566383
-0.183883 2.447614
-0.178212 0.716061
-0.175957 0.977893
-0.172867 1.000000
-0.169822 1.000000
-0.166784 1.000000
-0.163754 1.000000
-0.160733 1.000000
-0.157719 1.000000
-0.154713 1.000000
-0.151714 1.000000
-0.148724 1.000000
-0.145741 1.000000
-0.142766 1.000000
-0.139798 1.000000
-0.136839 1.000000
-0.133887 1.000000
-0.130943 1.000000
-0.128006 1.000000
-0.125077 1.000000
-0.122156 1.000000
-0.119242 1.000000
-0.116335 1.000000
-0.113437 1.000000
-0.110546 1.000000
-0.107662 1.000000
-0.104786 1.000000
-0.101917 1.000000
-0.099056 1.000000
-0.096202 1.000000
-0.093355 1.000000
-0.090516 1.000000
-0.087685 1.000000
-0.084860 1.000000
-0.082044 1.000000
-0.079234 1.000000
-0.076431 1.000000
-0.073636 1.000000
-0.070849 1.000000
-0.068068 1.000000
-0.065295 1.000000
-0.062528 1.000000
-0.059769 1.000000
-0.057018 1.000000
-0.054273 1.000000
-0.051535 1.000000
-0.048805 1.000000
-0.046082 1.000000
-0.043365 1.000000
-0.040656 1.000000
-0.037954 1.000000
-0.035259 1.000000
-0.032571 1.000000
-0.029889 1.000000
-0.027215 1.000000
-0.024548 1.000000
-0.021887 1.000000
-0.019234 1.000000
-0.016587 1.000000
-0.013948 1.000000
-0.011315 1.000000
-0.008689 1.000000
-0.006070 1.000000
-0.003457 1.000000
-0.000852 1.000000
0.001747 1.000000
0.004339 1.000000
0.006925 1.000000
0.009503 1.000000
0.012075 1.000000
0.014640 1.000000
0.017199 1.000000
0.019751 1.000000
0.022296 1.000000
0.024835 1.000000
0.027367 1.000000
0.029893 1.000000
0.032412 1.000000
0.034924 1.000000
0.037430 1.000000
0.039930 1.000000
0.042422 1.000000
0.044909 1.000000
0.047389 1.000000
0.049863 1.000000
0.052330 1.000000
0.054790 1.000000
0.057245 1.000000
0.059693 1.000000
0.062134 1.000000
0.064570 1.000000
0.066999 1.000000
0.069421 1.000000
0.071838 1.000000
0.074248 1.000000
0.076652 1.000000
0.079049 1.000000
0.081441 1.000000
0.083826 1.000000
0.086205 1.000000
0.088577 1.000000
0.090944 1.000000
0.093304 1.000000
0.095659 1.000000
0.098007 1.000000
0.100349 1.000000
0.102685 1.000000
0.105015 1.000000
0.107339 1.000000
0.109657 1.000000
0.111969 1.000000
0.114275 1.000000
0.116575 1.000000
0.118869 1.000000
0.121157 1.000000
0.123439 1.000000
0.125715 1.000000
0.127985 1.000000
0.130249 1.000000
0.132508 1.000000
0.134760 1.000000
0.137007 1.000000
0.139248 1.000000
0.141483 1.000000
0.143712 1.000000
0.145936 1.000000
0.148153 1.000000
0.150365 1.000000
0.152571 1.000000
0.154772 1.000000
0.156967 1.000000
0.159156 1.000000
0.161339 1.000000
0.163517 1.000000
0.165689 1.000000
0.167855 1.000000
0.170078 -0.068514
0.163391 -2.295369
0.164199 0.798152
0.159824 -2.208639
0.156435 -0.693592
0.153703 -1.000000
0.150707 -1.000000
0.147719 -1.000000
0.144739 -1.000000
0.141767 -1.000000
0.138802 -1.000000
0.135845 -1.000000
0.132895 -1.000000
0.129954 -1.000000
0.127020 -1.000000
0.124093 -1.000000
0.121174 -1.000000
0.118263 -1.000000
0.115359 -1.000000
0.112463 -1.000000
0.109575 -1.000000
0.106693 -1.000000
0.103820 -1.000000
0.100954 -1.000000
0.098095 -1.000000
0.095244 -1.000000
0.092400 -1.000000
0.089563 -1.000000
0.086734 -1.000000
0.083912 -1.000000
0.081098 -1.000000
0.078290 -1.000000
0.075490 -1.000000
0.072698 -1.000000
0.069912 -1.000000
0.067134 -1.000000
0.064363 -1.000000
0.061600 -1.000000
0.058843 -1.000000
0.056094 -1.000000
0.053351 -1.000000
0.050616 -1.000000
0.047888 -1.000000
0.045167 -1.000000
0.042453 -1.000000
0.039746 -1.000000
0.037046 -1.000000
0.034354 -1.000000
0.031668 -1.000000
0.028989 -1.000000
0.026317 -1.000000
0.023652 -1.000000
0.020994 -1.000000
0.018343 -1.000000
0.015699 -1.000000
0.013061 -1.000000
0.010431 -1.000000
0.007807 -1.000000
0.005190 -1.000000
0.002580 -1.000000
-0.000023 -1.000000
-0.002620 -1.000000
-0.005210 -1.000000
-0.007793 -1.000000
-0.010369 -1.000000
-0.012939 -1.000000
-0.015502 -1.000000
-0.018058 -1.000000
-0.020608 -1.000000
-0.023151 -1.000000
-0.025688 -1.000000
-0.028217 -1.000000
-0.030741 -1.000000
-0.033258 -1.000000
-0.035768 -1.000000
-0.038272 -1.000000
-0.040769 -1.000000
-0.043260 -1.000000
-0.045744 -1.000000
-0.048222 -1.000000
-0.050693 -1.000000
-0.053158 -1.000000
-0.055617 -1.000000
-0.058069 -1.000000
-0.060515 -1.000000
-0.062954 -1.000000
-0.065387 -1.000000
-0.067814 -1.000000
-0.070235 -1.000000
-0.072649 -1.000000
-0.075057 -1.000000
-0.077459 -1.000000
-0.079854 -1.000000
-0.082244 -1.000000
-0.084627 -1.000000
-0.087004 -1.000000
-0.089374 -1.000000
-0.091739 -1.000000
-0.094097 -1.000000
-0.096449 -1.000000
-0.098796 -1.000000
-0.101136 -1.000000
-0.103470 -1.000000
-0.105798 -1.000000
-0.108120 -1.000000
-0.110435 -1.000000
-0.112745 -1.000000
-0.115049 -1.000000
-0.117347 -1.000000
-0.119639 -1.000000
-0.121925 -1.000000
-0.124205 -1.000000
-0.126479 -1.000000
-0.128747 -1.000000
-0.131010 -1.000000
-0.133266 -1.000000
-0.135517 -1.000000
-0.137761 -1.000000
-0.140000 -1.000000
-0.142233 -1.000000
-0.144461 -1.000000
-0.146682 -1.000000
-0.148898 -1.000000
-0.151108 -1.000000
-0.152373 1.126650
-0.145178 1.036419
-0.147109 0.259983
-0.141492 1.722052
-0.138866 0.786276
-0.136027 1.000000
-0.133077 1.000000
-0.130135 1.000000
-0.127200 1.000000
-0.124273 1.000000
-0.121354 1.000000
