0.319853 -0.014398
0.319788 -0.017276
0.319712 -0.020154
0.319623 -0.023031
0.319523 -0.025907
0.319412 -0.028782
0.319288 -0.031657
0.319153 -0.034530
0.319007 -0.037401
0.318848 -0.040272
0.318678 -0.043140
0.318496 -0.046008
0.318303 -0.048873
0.318098 -0.051737
0.317882 -0.054599
0.317654 -0.057459
0.317415 -0.060317
0.317164 -0.063172
0.316902 -0.066026
0.316628 -0.068877
0.316343 -0.071725
0.316046 -0.074571
0.315739 -0.077414
0.315420 -0.080254
0.315089 -0.083091
0.314748 -0.085926
0.314395 -0.088757
0.314032 -0.091585
0.313657 -0.094409
0.313271 -0.097230
0.312874 -0.100048
0.312466 -0.102862
0.312048 -0.105673
0.311618 -0.108479
0.311178 -0.111282
0.310727 -0.114080
0.310265 -0.116875
0.309793 -0.119665
0.309310 -0.122451
0.308817 -0.125232
0.308313 -0.128010
0.307799 -0.130782
0.307274 -0.133550
0.306739 -0.136313
0.306194 -0.139071
0.305639 -0.141824
0.305074 -0.144573
0.304498 -0.147316
0.303913 -0.150054
0.303318 -0.152786
0.302712 -0.155513
0.302098 -0.158235
0.301473 -0.160951
0.300839 -0.163661
0.300195 -0.166366
0.299542 -0.169065
0.298879 -0.171758
0.298208 -0.174445
0.297526 -0.177126
0.296836 -0.179800
0.296137 -0.182469
0.295428 -0.185131
0.294711 -0.187786
0.293985 -0.190435
0.293249 -0.193078
0.292506 -0.195714
0.291753 -0.198343
0.290993 -0.200965
0.290223 -0.203581
0.289446 -0.206189
0.288660 -0.208791
0.287866 -0.211385
0.287063 -0.213972
0.286253 -0.216552
0.285435 -0.219125
0.284609 -0.221690
0.283775 -0.224248
0.282934 -0.226798
0.282085 -0.229341
0.281228 -0.231876
0.280365 -0.234403
0.279494 -0.236922
0.278615 -0.239434
0.277730 -0.241937
0.276837 -0.244433
0.275938 -0.246920
0.275032 -0.249400
0.274119 -0.251871
0.273200 -0.254334
0.272274 -0.256788
0.271341 -0.259235
0.270403 -0.261672
0.269458 -0.264102
0.268506 -0.266523
0.267549 -0.268935
0.266586 -0.271339
0.265617 -0.273733
0.264643 -0.276120
0.263662 -0.278497
0.262677 -0.280866
0.261685 -0.283225
0.260689 -0.285576
0.259687 -0.287918
0.258680 -0.290250
0.257668 -0.292574
0.256651 -0.294888
0.255629 -0.297193
0.254603 -0.299490
0.253571 -0.301776
0.252536 -0.304054
0.251496 -0.306322
0.250451 -0.308581
0.249403 -0.310830
0.248350 -0.313070
0.247293 -0.315300
0.246233 -0.317521
0.245168 -0.319733
0.244100 -0.321934
0.243028 -0.324126
0.241953 -0.326309
0.240874 -0.328481
0.239792 -0.330644
0.238707 -0.332798
0.237619 -0.334941
0.236528 -0.337075
0.235434 -0.339199
0.234337 -0.341313
0.233237 -0.343417
0.232135 -0.345511
0.231030 -0.347595
0.229923 -0.349669
0.228814 -0.351734
0.227703 -0.353788
0.226589 -0.355832
0.225473 -0.357867
0.224356 -0.359891
0.223237 -0.361905
0.222116 -0.363909
0.220993 -0.365903
0.219869 -0.367887
0.218744 -0.369861
0.217618 -0.371824
0.216490 -0.373778
0.215361 -0.375721
0.214231 -0.377654
0.213100 -0.379577
0.211968 -0.381490
0.210836 -0.383393
0.209703 -0.385285
0.208570 -0.387168
0.207436 -0.389040
0.206302 -0.390901
0.205167 -0.392753
0.204033 -0.394594
0.202898 -0.396426
0.201763 -0.398247
0.200629 -0.400057
0.199495 -0.401858
0.198361 -0.403648
0.197227 -0.405428
0.196094 -0.407198
0.194962 -0.408958
0.193830 -0.410708
0.192699 -0.412447
0.191569 -0.414176
0.190440 -0.415895
0.189311 -0.417604
0.188184 -0.419303
0.187058 -0.420991
0.185934 -0.422670
0.184810 -0.424338
0.183688 -0.425996
0.182568 -0.427645
0.181449 -0.429283
0.180332 -0.430911
0.179217 -0.432529
0.178103 -0.434137
0.176992 -0.435735
0.175882 -0.437322
0.174775 -0.438900
0.173670 -0.440468
0.172567 -0.442027
0.171466 -0.443575
0.170367 -0.445113
0.169271 -0.446641
0.168178 -0.448160
0.167087 -0.449668
0.165999 -0.451167
0.164914 -0.452656
0.163831 -0.454136
0.162751 -0.455605
0.161675 -0.457065
0.160601 -0.458516
0.159530 -0.459956
0.158463 -0.461387
0.157399 -0.462809
0.156338 -0.464220
0.155280 -0.465623
0.154226 -0.467015
0.153175 -0.468399
0.152128 -0.469773
0.151084 -0.471137
0.150044 -0.472492
0.149008 -0.473838
0.147976 -0.475174
0.146947 -0.476501
0.145923 -0.477819
0.144902 -0.479128
0.143885 -0.480428
0.142873 -0.481718
0.141864 -0.482999
0.140860 -0.484272
0.139860 -0.485535
0.138864 -0.486789
0.137872 -0.488034
0.136885 -0.489271
0.135903 -0.490498
0.134924 -0.491717
0.133951 -0.492927
0.132982 -0.494128
0.132017 -0.495321
0.131057 -0.496504
0.130102 -0.497680
0.129152 -0.498846
0.128207 -0.500004
0.127266 -0.501154
0.126330 -0.502295
0.125399 -0.503428
0.124473 -0.504552
0.123553 -0.505669
0.122637 -0.506776
0.121726 -0.507876
0.120820 -0.508967
0.119920 -0.510051
0.119025 -0.511126
0.118135 -0.512193
0.117250 -0.513252
0.116370 -0.514304
0.115496 -0.515347
0.114628 -0.516383
0.113764 -0.517410
0.112906 -0.518430
0.112054 -0.519443
0.111207 -0.520447
0.110365 -0.521445
0.109529 -0.522434
0.108699 -0.523416
0.107874 -0.524391
0.107055 -0.525358
0.106242 -0.526318
0.105434 -0.527270
0.104632 -0.528215
0.103835 -0.529154
0.103045 -0.530085
0.102260 -0.531008
0.101480 -0.531925
0.100707 -0.532835
0.099939 -0.533738
0.099178 -0.534634
0.098422 -0.535523
0.097672 -0.536406
0.096928 -0.537281
0.096190 -0.538150
0.095457 -0.539013
0.094731 -0.539869
0.094010 -0.540718
0.093296 -0.541561
0.092587 -0.542397
0.091885 -0.543227
0.091188 -0.544051
0.090498 -0.544869
0.089813 -0.545680
0.089135 -0.546485
0.088462 -0.547285
0.087796 -0.548078
0.087135 -0.548865
0.086481 -0.549646
0.085832 -0.550422
0.085190 -0.551191
0.084554 -0.551955
0.083924 -0.552713
0.083300 -0.553466
0.082682 -0.554213
0.082070 -0.554954
0.081464 -0.555690
0.080864 -0.556420
0.080270 -0.557145
0.079682 -0.557865
0.079101 -0.558580
0.078525 -0.559289
0.077956 -0.559993
0.077392 -0.560692
0.076835 -0.561386
0.076284 -0.562075
0.075738 -0.562759
0.075199 -0.563439
0.074666 -0.564113
0.074139 -0.564783
0.073618 -0.565448
0.073103 -0.566108
0.072594 -0.566763
0.072091 -0.567414
0.071594 -0.568061
0.071102 -0.568703
0.070617 -0.569341
0.070138 -0.569974
0.069665 -0.570603
0.069198 -0.571228
0.068737 -0.571849
0.068281 -0.572466
0.067832 -0.573078
0.067388 -0.573687
0.066950 -0.574291
0.066519 -0.574892
0.066093 -0.575488
0.065672 -0.576081
0.065258 -0.576671
0.064850 -0.577256
0.064447 -0.577838
0.064050 -0.578416
0.063659 -0.578991
0.063273 -0.579562
0.062893 -0.580130
0.062519 -0.580694
0.062151 -0.581255
0.061788 -0.581813
0.061431 -0.582367
0.061080 -0.582919
0.060734 -0.583467
0.060394 -0.584012
0.060059 -0.584554
0.059730 -0.585093
0.059406 -0.585629
0.059088 -0.586162
0.058775 -0.586693
0.058468 -0.587220
0.058166 -0.587745
0.057869 -0.588267
0.057578 -0.588787
0.057292 -0.589304
0.057012 -0.589818
0.056737 -0.590330
0.056467 -0.590839
0.056202 -0.591346
0.055942 -0.591851
0.055688 -0.592353
0.055439 -0.592853
0.055195 -0.593351
0.054956 -0.593847
0.054722 -0.594340
0.054493 -0.594832
0.054269 -0.595321
0.054050 -0.595809
0.053837 -0.596294
0.053627 -0.596778
0.053423 -0.597259
0.053224 -0.597739
0.053030 -0.598218
0.052840 -0.598694
0.052655 -0.599169
0.052475 -0.599642
0.052299 -0.600113
0.052128 -0.600583
0.051962 -0.601052
0.051800 -0.601518
0.051643 -0.601984
0.051491 -0.602448
0.051342 -0.602911
0.051199 -0.603372
0.051060 -0.603832
0.050925 -0.604291
0.050794 -0.604749
0.050668 -0.605206
0.050546 -0.605661
0.050428 -0.606115
0.050314 -0.606569
0.050205 -0.607021
0.050100 -0.607473
0.049998 -0.607923
0.049901 -0.608373
0.049808 -0.608821
0.049719 -0.609269
0.049633 -0.609716
0.049552 -0.610162
0.049474 -0.610608
0.049400 -0.611053
0.049330 -0.611497
0.049264 -0.611941
0.049201 -0.612384
0.049142 -0.612827
0.049086 -0.613269
0.049035 -0.613710
0.048986 -0.614151
0.048941 -0.614592
0.048899 -0.615032
0.048861 -0.615472
0.048826 -0.615912
0.048795 -0.616351
0.048766 -0.616790
0.048741 -0.617229
0.048719 -0.617667
0.048700 -0.618106
0.048684 -0.618544
0.048671 -0.618982
0.048661 -0.619420
0.048654 -0.619858
0.048650 -0.620296
0.048649 -0.620734
0.048650 -0.621172
0.048655 -0.621609
0.048661 -0.622047
0.048671 -0.622485
0.048683 -0.622923
0.048698 -0.623362
0.048715 -0.623800
0.048734 -0.624239
0.048756 -0.624677
0.048780 -0.625116
0.048807 -0.625555
0.048836 -0.625995
0.048867 -0.626434
0.048900 -0.626874
0.048935 -0.627315
0.048972 -0.627755
0.049011 -0.628196
0.049052 -0.628637
0.049095 -0.629079
0.049140 -0.629521
0.049186 -0.629963
0.049234 -0.630406
0.049284 -0.630850
0.049336 -0.631294
0.049389 -0.631738
0.049443 -0.632183
0.049499 -0.632628
0.049556 -0.633073
0.049615 -0.633520
0.049675 -0.633967
0.049736 -0.634414
0.034913 -0.615040
-0.159599 -0.335747
0.078149 -0.675447
-0.127225 -0.382031
-0.030847 -0.518757
-0.049376 -0.492002
-0.049312 -0.491657
-0.049246 -0.491312
-0.049181 -0.490967
-0.049115 -0.490623
-0.049048 -0.490280
-0.048982 -0.489936
-0.048915 -0.489594
-0.048848 -0.489252
-0.048781 -0.488910
-0.048713 -0.488569
-0.048646 -0.488228
-0.048578 -0.487888
-0.048511 -0.487548
-0.048443 -0.487209
-0.048376 -0.486870
-0.048309 -0.486531
-0.048242 -0.486193
-0.048175 -0.485856
-0.048108 -0.485519
-0.048042 -0.485182
-0.047976 -0.484846
-0.047910 -0.484511
-0.047845 -0.484176
-0.047781 -0.483841
-0.047716 -0.483507
-0.047653 -0.483173
-0.047590 -0.482840
-0.047527 -0.482507
-0.047465 -0.482174
-0.047404 -0.481842
-0.047344 -0.481510
-0.047284 -0.481179
-0.047225 -0.480848
-0.047167 -0.480518
-0.047110 -0.480188
-0.047053 -0.479859
-0.046998 -0.479529
-0.046944 -0.479201
-0.046890 -0.478872
-0.046838 -0.478544
-0.046787 -0.478216
-0.046737 -0.477889
-0.046688 -0.477562
-0.046640 -0.477235
-0.046594 -0.476909
-0.046549 -0.476583
-0.046505 -0.476257
-0.046462 -0.475932
-0.046421 -0.475607
-0.046381 -0.475282
-0.046343 -0.474958
-0.046306 -0.474633
-0.046271 -0.474309
-0.046237 -0.473986
-0.046205 -0.473662
-0.046174 -0.473339
-0.046145 -0.473016
-0.046118 -0.472693
-0.046092 -0.472370
-0.046068 -0.472047
-0.046046 -0.471725
-0.046026 -0.471403
-0.046007 -0.471081
-0.045991 -0.470759
-0.045976 -0.470437
-0.045963 -0.470115
-0.045952 -0.469793
-0.045944 -0.469472
-0.045937 -0.469150
-0.045932 -0.468829
-0.045929 -0.468507
-0.045929 -0.468186
-0.045930 -0.467864
-0.045934 -0.467542
-0.045940 -0.467221
-0.045948 -0.466899
-0.045958 -0.466578
-0.045971 -0.466256
-0.045986 -0.465934
-0.046003 -0.465612
-0.046023 -0.465290
-0.046045 -0.464968
-0.046070 -0.464645
-0.046097 -0.464323
-0.046126 -0.464000
-0.046158 -0.463677
-0.046192 -0.463354
-0.046229 -0.463030
-0.046269 -0.462707
-0.046311 -0.462383
-0.046356 -0.462058
-0.046404 -0.461734
-0.046454 -0.461409
-0.046507 -0.461083
-0.046563 -0.460757
-0.046621 -0.460431
-0.046683 -0.460105
-0.046747 -0.459778
-0.046814 -0.459450
-0.046884 -0.459122
-0.046956 -0.458794
-0.047032 -0.458465
-0.047111 -0.458135
-0.047192 -0.457805
-0.047277 -0.457475
-0.047364 -0.457143
-0.047455 -0.456812
-0.047549 -0.456479
-0.047645 -0.456146
-0.047745 -0.455812
-0.047848 -0.455477
-0.047955 -0.455142
-0.048064 -0.454806
-0.048177 -0.454469
-0.048292 -0.454132
-0.048411 -0.453793
-0.048534 -0.453454
-0.048659 -0.453114
-0.048788 -0.452773
-0.048920 -0.452431
-0.049056 -0.452088
-0.049195 -0.451744
-0.049337 -0.451399
-0.049483 -0.451053
-0.049632 -0.450706
-0.049785 -0.450358
-0.049941 -0.450009
-0.050101 -0.449659
-0.050264 -0.449308
-0.050430 -0.448955
-0.050601 -0.448602
-0.050774 -0.448247
-0.050952 -0.447891
-0.051133 -0.447534
-0.051317 -0.447175
-0.051505 -0.446815
-0.051697 -0.446454
-0.051893 -0.446091
-0.052092 -0.445727
-0.052295 -0.445362
-0.052502 -0.444995
-0.052712 -0.444627
-0.052926 -0.444257
-0.053144 -0.443886
-0.053366 -0.443513
-0.053591 -0.443139
-0.053821 -0.442763
-0.054054 -0.442385
-0.054291 -0.442006
-0.054532 -0.441625
-0.054777 -0.441243
-0.055025 -0.440859
-0.055278 -0.440472
-0.055535 -0.440085
-0.055795 -0.439695
-0.056059 -0.439303
-0.056328 -0.438910
-0.056600 -0.438515
-0.056876 -0.438118
-0.057157 -0.437719
-0.057441 -0.437318
-0.057729 -0.436914
-0.058022 -0.436509
-0.058318 -0.436102
-0.058619 -0.435693
-0.058923 -0.435281
-0.059232 -0.434868
-0.059545 -0.434452
-0.059862 -0.434034
-0.060182 -0.433614
-0.060508 -0.433192
-0.060837 -0.432767
-0.061170 -0.432340
-0.061507 -0.431911
-0.061849 -0.431479
-0.062195 -0.431045
-0.062545 -0.430608
-0.062899 -0.430169
-0.063257 -0.429728
-0.063620 -0.429283
-0.063986 -0.428837
-0.064357 -0.428388
-0.064732 -0.427936
-0.065112 -0.427481
-0.065495 -0.427024
-0.065883 -0.426564
-0.066275 -0.426102
-0.066671 -0.425637
-0.067071 -0.425168
-0.067476 -0.424698
-0.067885 -0.424224
-0.068298 -0.423747
-0.068716 -0.423268
-0.069137 -0.422785
-0.069563 -0.422300
-0.069993 -0.421811
-0.070428 -0.421320
-0.070867 -0.420825
-0.071310 -0.420328
-0.071757 -0.419827
-0.072208 -0.419323
-0.072664 -0.418816
-0.073124 -0.418306
-0.073589 -0.417792
-0.074057 -0.417275
-0.074530 -0.416755
-0.075007 -0.416232
-0.075488 -0.415705
-0.075974 -0.415175
-0.076464 -0.414642
-0.076958 -0.414105
-0.077456 -0.413564
-0.077959 -0.413020
-0.078466 -0.412473
-0.078977 -0.411922
-0.079492 -0.411367
-0.080012 -0.410809
-0.080535 -0.410247
-0.081063 -0.409681
-0.081595 -0.409112
-0.082132 -0.408539
-0.082672 -0.407962
-0.083217 -0.407382
-0.083766 -0.406797
-0.084319 -0.406209
-0.084876 -0.405617
-0.085438 -0.405021
-0.086003 -0.404421
-0.086573 -0.403817
-0.087147 -0.403209
-0.087725 -0.402596
-0.088307 -0.401980
-0.088893 -0.401360
-0.089483 -0.400736
-0.090078 -0.400107
-0.090676 -0.399475
-0.091278 -0.398838
-0.091885 -0.398197
-0.092495 -0.397552
-0.093110 -0.396902
-0.093728 -0.396248
-0.094350 -0.395590
-0.094977 -0.394927
-0.095607 -0.394260
-0.096241 -0.393589
-0.096880 -0.392913
-0.097522 -0.392232
-0.098168 -0.391547
-0.098817 -0.390858
-0.099471 -0.390164
-0.100128 -0.389465
-0.100790 -0.388762
-0.101455 -0.388054
-0.102124 -0.387342
-0.102796 -0.386624
-0.103472 -0.385903
-0.104152 -0.385176
-0.104836 -0.384444
-0.105523 -0.383708
-0.106214 -0.382967
-0.106909 -0.382221
-0.107607 -0.381470
-0.108309 -0.380715
-0.109014 -0.379954
-0.109723 -0.379188
-0.110435 -0.378418
-0.111151 -0.377642
-0.111870 -0.376862
-0.112593 -0.376076
-0.113319 -0.375285
-0.114048 -0.374490
-0.114781 -0.373689
-0.115517 -0.372883
-0.116257 -0.372071
-0.116999 -0.371255
-0.117745 -0.370433
-0.118494 -0.369607
-0.119246 -0.368775
-0.120002 -0.367937
-0.120760 -0.367095
-0.121522 -0.366247
-0.122286 -0.365393
-0.123054 -0.364535
-0.123824 -0.363670
-0.124598 -0.362801
-0.125374 -0.361926
-0.126153 -0.361046
-0.126935 -0.360160
-0.127720 -0.359269
-0.128508 -0.358372
-0.129298 -0.357470
-0.130091 -0.356562
-0.130887 -0.355648
-0.131686 -0.354729
-0.132487 -0.353805
-0.133290 -0.352874
-0.134096 -0.351939
-0.134905 -0.350997
-0.135716 -0.350050
-0.136529 -0.349097
-0.137345 -0.348138
-0.138163 -0.347174
-0.138983 -0.346204
-0.139805 -0.345228
-0.140630 -0.344247
-0.141457 -0.343260
-0.142286 -0.342267
-0.143117 -0.341268
-0.143950 -0.340263
-0.144785 -0.339252
-0.145622 -0.338236
-0.146461 -0.337214
-0.147301 -0.336185
-0.148144 -0.335151
-0.148988 -0.334111
-0.149834 -0.333066
-0.150682 -0.332014
-0.151531 -0.330956
-0.152382 -0.329892
-0.153234 -0.328823
-0.154088 -0.327747
-0.154943 -0.326665
-0.155799 -0.325578
-0.156657 -0.324484
-0.157516 -0.323385
-0.158377 -0.322279
-0.159238 -0.321167
-0.160101 -0.320050
-0.160964 -0.318926
-0.161829 -0.317796
-0.162695 -0.316660
-0.163561 -0.315518
-0.164429 -0.314370
-0.165297 -0.313216
-0.166166 -0.312056
-0.167036 -0.310890
-0.167906 -0.309718
-0.168777 -0.308539
-0.169649 -0.307355
-0.170521 -0.306164
-0.171393 -0.304968
-0.172266 -0.303765
-0.173139 -0.302556
-0.174013 -0.301341
-0.174886 -0.300120
-0.175760 -0.298892
-0.176634 -0.297659
-0.177508 -0.296420
-0.178382 -0.295174
-0.179255 -0.293922
-0.180129 -0.292664
-0.181002 -0.291400
-0.181876 -0.290130
-0.182749 -0.288854
-0.183621 -0.287572
-0.184493 -0.286283
-0.185365 -0.284989
-0.186236 -0.283688
-0.187106 -0.282382
-0.187976 -0.281069
-0.188845 -0.279750
-0.189713 -0.278425
-0.190581 -0.277094
-0.191447 -0.275757
-0.192313 -0.274414
-0.193177 -0.273065
-0.194040 -0.271709
-0.194903 -0.270348
-0.195764 -0.268981
-0.196623 -0.267607
-0.197482 -0.266228
-0.198339 -0.264843
-0.199194 -0.263451
-0.200048 -0.262054
-0.200901 -0.260651
-0.201751 -0.259241
-0.202600 -0.257826
-0.203448 -0.256405
-0.204293 -0.254978
-0.205137 -0.253545
-0.205978 -0.252106
-0.206817 -0.250661
-0.207655 -0.249210
-0.208490 -0.247754
-0.209323 -0.246292
-0.210154 -0.244823
-0.210982 -0.243349
-0.211808 -0.241870
-0.212631 -0.240384
-0.213452 -0.238893
-0.214271 -0.237396
-0.215086 -0.235893
-0.215899 -0.234385
-0.216709 -0.232870
-0.217517 -0.231351
-0.218321 -0.229825
-0.219122 -0.228294
-0.219920 -0.226758
-0.220716 -0.225215
-0.221507 -0.223667
-0.222296 -0.222114
-0.223082 -0.220555
-0.223864 -0.218991
-0.224642 -0.217421
-0.225417 -0.215846
-0.226189 -0.214265
-0.226957 -0.212679
-0.227721 -0.211088
-0.228482 -0.209491
-0.229238 -0.207889
-0.229991 -0.206282
-0.230740 -0.204669
-0.231485 -0.203052
-0.232226 -0.201429
-0.232962 -0.199801
-0.233695 -0.198167
-0.234423 -0.196529
-0.235147 -0.194885
-0.235867 -0.193237
-0.236582 -0.191583
-0.237292 -0.189925
-0.237999 -0.188261
-0.238700 -0.186593
-0.239397 -0.184919
-0.240089 -0.183241
-0.240776 -0.181558
-0.241459 -0.179870
-0.242137 -0.178178
-0.242809 -0.176480
-0.243477 -0.174778
-0.244139 -0.173072
-0.244797 -0.171360
-0.245449 -0.169645
-0.246096 -0.167924
-0.246737 -0.166199
-0.247374 -0.164470
-0.248005 -0.162736
-0.248630 -0.160998
-0.249250 -0.159255
-0.249864 -0.157508
-0.250473 -0.155757
-0.251076 -0.154002
-0.251673 -0.152242
-0.252264 -0.150478
-0.252850 -0.148710
-0.253429 -0.146938
-0.254003 -0.145162
-0.254571 -0.143382
-0.255132 -0.141598
-0.255688 -0.139811
-0.256237 -0.138019
-0.256781 -0.136223
-0.257317 -0.134424
-0.257848 -0.132621
-0.258372 -0.130814
-0.258890 -0.129004
-0.259401 -0.127190
-0.259906 -0.125372
-0.260405 -0.123551
-0.260896 -0.121726
-0.261382 -0.119898
-0.261860 -0.118067
-0.262332 -0.116232
-0.262797 -0.114394
-0.263255 -0.112553
-0.263706 -0.110709
-0.264151 -0.108861
-0.264588 -0.107011
-0.265019 -0.105157
-0.265442 -0.103300
-0.265859 -0.101441
-0.266268 -0.099578
-0.266670 -0.097713
-0.267066 -0.095845
-0.267453 -0.093974
-0.267834 -0.092101
-0.268207 -0.090225
-0.268574 -0.088346
-0.268932 -0.086465
-0.269284 -0.084581
-0.269628 -0.082695
-0.269964 -0.080806
-0.270293 -0.078915
-0.270615 -0.077022
-0.270929 -0.075127
-0.271235 -0.073229
-0.271534 -0.071329
-0.271825 -0.069428
-0.272109 -0.067524
-0.272385 -0.065618
-0.272653 -0.063710
-0.272913 -0.061801
-0.273166 -0.059890
-0.273411 -0.057977
-0.273648 -0.056062
-0.273878 -0.054146
-0.274099 -0.052228
-0.274313 -0.050308
-0.274519 -0.048387
-0.274716 -0.046465
-0.274906 -0.044541
-0.275088 -0.042616
-0.275262 -0.040690
-0.275428 -0.038763
-0.275587 -0.036834
-0.275737 -0.034904
-0.275879 -0.032974
-0.276013 -0.031042
-0.276139 -0.029110
-0.276257 -0.027176
-0.276366 -0.025242
-0.276468 -0.023307
-0.276562 -0.021371
-0.276647 -0.019435
-0.276725 -0.017498
-0.276794 -0.015561
-0.276856 -0.013623
-0.276909 -0.011685
-0.276954 -0.009747
-0.276990 -0.007808
-0.277019 -0.005869
-0.277040 -0.003930
-0.277052 -0.001990
-0.277056 -0.000051
-0.277053 0.001889
-0.277041 0.003828
-0.277020 0.005767
-0.276992 0.007706
-0.276956 0.009645
-0.276911 0.011583
-0.276859 0.013522
-0.276798 0.015459
-0.276729 0.017397
-0.276652 0.019334
-0.276567 0.021270
-0.276473 0.023206
-0.276372 0.025141
-0.276263 0.027075
-0.276145 0.029008
-0.276019 0.030941
-0.275886 0.032872
-0.275744 0.034803
-0.275595 0.036733
-0.275437 0.038661
-0.275271 0.040589
-0.275098 0.042515
-0.274916 0.044440
-0.274727 0.046364
-0.274529 0.048286
-0.274324 0.050207
-0.274111 0.052127
1.078980 -0.048585
1.078531 -0.058294
1.078002 -0.067998
1.077391 -0.077697
1.076699 -0.087391
1.075926 -0.097078
1.075073 -0.106757
1.074140 -0.116429
1.073126 -0.126092
1.072032 -0.135745
1.070859 -0.145388
1.069607 -0.155020
1.068276 -0.164641
1.066866 -0.174249
1.065378 -0.183844
1.063812 -0.193425
1.062168 -0.202992
1.060448 -0.212544
1.058650 -0.222080
1.056777 -0.231600
1.054828 -0.241102
1.052805 -0.250586
1.050706 -0.260052
1.048533 -0.269499
1.046287 -0.278926
1.043968 -0.288332
1.041576 -0.297717
1.039113 -0.307080
1.036579 -0.316421
1.033974 -0.325738
1.031299 -0.335032
1.028555 -0.344301
1.025743 -0.353546
1.022863 -0.362764
1.019916 -0.371957
1.016902 -0.381123
1.013823 -0.390261
1.010680 -0.399371
1.007472 -0.408453
1.004201 -0.417506
1.000868 -0.426528
0.997473 -0.435521
0.994017 -0.444483
0.990502 -0.453413
0.986927 -0.462312
0.983294 -0.471178
0.979605 -0.480011
0.975858 -0.488810
0.972057 -0.497576
0.968200 -0.506307
0.964291 -0.515004
0.960328 -0.523664
0.956314 -0.532289
0.952249 -0.540878
0.948134 -0.549430
0.943971 -0.557944
0.939759 -0.566421
0.935501 -0.574860
0.931197 -0.583260
0.926848 -0.591621
0.922456 -0.599943
0.918020 -0.608225
0.913543 -0.616467
0.909025 -0.624669
0.904468 -0.632830
0.899872 -0.640949
0.895238 -0.649027
0.890568 -0.657063
0.885862 -0.665057
0.881121 -0.673009
0.876348 -0.680917
0.871542 -0.688783
0.866705 -0.696605
0.861838 -0.704383
0.856941 -0.712118
0.852017 -0.719808
0.847066 -0.727454
0.842089 -0.735055
0.837087 -0.742612
0.832062 -0.750123
0.827014 -0.757589
0.821944 -0.765009
0.816854 -0.772384
0.811745 -0.779712
0.806617 -0.786995
0.801472 -0.794231
0.796311 -0.801421
0.791135 -0.808565
0.785944 -0.815662
0.780741 -0.822712
0.775526 -0.829715
0.770300 -0.836671
0.765064 -0.843581
0.759820 -0.850443
0.754568 -0.857257
0.749309 -0.864025
0.744045 -0.870745
0.738776 -0.877418
0.733503 -0.884043
0.728228 -0.890621
0.722951 -0.897151
0.717674 -0.903634
0.712397 -0.910069
0.707122 -0.916457
0.701849 -0.922797
0.696579 -0.929090
0.691314 -0.935336
0.686055 -0.941534
0.680801 -0.947685
0.675555 -0.953788
0.670317 -0.959845
0.665088 -0.965854
0.659869 -0.971816
0.654662 -0.977732
0.649466 -0.983600
0.644282 -0.989422
0.639113 -0.995197
0.633958 -1.000926
0.628818 -1.006609
0.623695 -1.012245
0.618588 -1.017835
0.613500 -1.023380
0.608430 -1.028878
0.603380 -1.034331
0.598351 -1.039739
0.593342 -1.045102
0.588356 -1.050419
0.583392 -1.055692
0.578451 -1.060920
0.573535 -1.066104
0.568644 -1.071244
0.563779 -1.076340
0.558940 -1.081392
0.554128 -1.086401
0.549344 -1.091367
0.544589 -1.096289
0.539863 -1.101169
0.535167 -1.106007
0.530501 -1.110802
0.525866 -1.115556
0.521263 -1.120268
0.516693 -1.124939
0.512155 -1.129569
0.507651 -1.134158
0.503182 -1.138707
0.498746 -1.143215
0.494347 -1.147684
0.489983 -1.152114
0.485655 -1.156504
0.481365 -1.160855
0.477111 -1.165169
0.472896 -1.169444
0.468719 -1.173681
0.464580 -1.177881
0.460481 -1.182043
0.456422 -1.186169
0.452403 -1.190259
0.448425 -1.194313
0.444487 -1.198331
0.440591 -1.202314
0.436737 -1.206262
0.432925 -1.210175
0.429155 -1.214054
0.425428 -1.217900
0.421745 -1.221712
0.418105 -1.225492
0.414509 -1.229238
0.410957 -1.232953
0.407449 -1.236636
0.403986 -1.240287
0.400569 -1.243907
0.397196 -1.247497
0.393869 -1.251057
0.390588 -1.254587
0.387353 -1.258088
0.384164 -1.261560
0.381021 -1.265003
0.377925 -1.268418
0.374876 -1.271806
0.371874 -1.275166
0.368918 -1.278500
0.366010 -1.281807
0.363150 -1.285088
0.360336 -1.288344
0.357571 -1.291574
0.354853 -1.294780
0.352183 -1.297962
0.349561 -1.301119
0.346987 -1.304254
0.344461 -1.307365
0.341983 -1.310454
0.339553 -1.313521
0.337171 -1.316566
0.334838 -1.319590
0.332553 -1.322594
0.330316 -1.325577
0.328127 -1.328539
0.325986 -1.331483
0.323893 -1.334407
0.321849 -1.337313
0.319853 -1.340201
0.317904 -1.343071
0.316004 -1.345923
0.314152 -1.348759
0.312347 -1.351578
0.310590 -1.354381
0.308881 -1.357169
0.307219 -1.359941
0.305604 -1.362699
0.304037 -1.365442
0.302517 -1.368172
0.301044 -1.370888
0.299618 -1.373591
0.298238 -1.376281
0.296905 -1.378959
0.295618 -1.381625
0.294377 -1.384280
0.293182 -1.386924
0.292033 -1.389558
0.290930 -1.392181
0.289871 -1.394795
0.288858 -1.397399
0.287890 -1.399994
0.286966 -1.402581
0.286086 -1.405160
0.285250 -1.407731
0.284459 -1.410294
0.283710 -1.412851
0.283005 -1.415401
0.282343 -1.417945
0.281723 -1.420484
0.281146 -1.423016
0.280611 -1.425544
0.280117 -1.428068
0.279664 -1.430587
0.279253 -1.433102
0.278882 -1.435613
0.278551 -1.438122
0.278261 -1.440627
0.278009 -1.443130
0.277797 -1.445632
0.277624 -1.448131
0.277488 -1.450629
0.277391 -1.453126
0.277331 -1.455622
0.277309 -1.458118
0.277323 -1.460614
0.277373 -1.463110
0.277459 -1.465607
0.277580 -1.468104
0.277736 -1.470603
0.277926 -1.473104
0.278150 -1.475606
0.278408 -1.478110
0.278698 -1.480617
0.279021 -1.483127
0.279376 -1.485640
-0.109584 -1.253676
-0.496653 -1.006849
0.126277 -1.393525
-0.544875 -0.977438
-0.187555 -1.194310
-0.261681 -1.147073
-0.261298 -1.145242
-0.260895 -1.143415
-0.260473 -1.141590
-0.260031 -1.139768
-0.259571 -1.137949
-0.259094 -1.136134
-0.258599 -1.134322
-0.258088 -1.132514
-0.257561 -1.130709
-0.257019 -1.128908
-0.256463 -1.127111
-0.255894 -1.125318
-0.255311 -1.123528
-0.254715 -1.121743
-0.254108 -1.119962
-0.253489 -1.118186
-0.252860 -1.116413
-0.252220 -1.114646
-0.251571 -1.112882
-0.250913 -1.111124
-0.250247 -1.109370
-0.249573 -1.107620
-0.248892 -1.105876
-0.248204 -1.104136
-0.247509 -1.102401
-0.246810 -1.100671
-0.246105 -1.098945
-0.245395 -1.097225
-0.244682 -1.095510
-0.243964 -1.093800
-0.243244 -1.092094
-0.242522 -1.090394
-0.241797 -1.088699
-0.241070 -1.087009
-0.240343 -1.085324
-0.239615 -1.083644
-0.238887 -1.081970
-0.238159 -1.080300
-0.237432 -1.078635
-0.236706 -1.076976
-0.235981 -1.075321
-0.235259 -1.073672
-0.234539 -1.072028
-0.233823 -1.070389
-0.233109 -1.068754
-0.232400 -1.067125
-0.231695 -1.065501
-0.230994 -1.063881
-0.230298 -1.062267
-0.229608 -1.060657
-0.228924 -1.059052
-0.228245 -1.057452
-0.227574 -1.055857
-0.226909 -1.054266
-0.226252 -1.052680
-0.225602 -1.051099
-0.224961 -1.049522
-0.224328 -1.047949
-0.223703 -1.046381
-0.223088 -1.044817
-0.222482 -1.043258
-0.221887 -1.041702
-0.221301 -1.040151
-0.220726 -1.038604
-0.220161 -1.037061
-0.219608 -1.035522
-0.219066 -1.033987
-0.218536 -1.032455
-0.218018 -1.030927
-0.217513 -1.029403
-0.217020 -1.027882
-0.216540 -1.026364
-0.216074 -1.024850
-0.215621 -1.023339
-0.215182 -1.021832
-0.214757 -1.020327
-0.214347 -1.018825
-0.213951 -1.017326
-0.213571 -1.015830
-0.213206 -1.014336
-0.212856 -1.012845
-0.212522 -1.011356
-0.212204 -1.009869
-0.211903 -1.008385
-0.211618 -1.006903
-0.211349 -1.005422
-0.211098 -1.003944
-0.210865 -1.002467
-0.210649 -1.000992
-0.210450 -0.999518
-0.210270 -0.998045
-0.210108 -0.996574
-0.209964 -0.995104
-0.209839 -0.993634
-0.209733 -0.992166
-0.209646 -0.990698
-0.209579 -0.989231
-0.209531 -0.987764
-0.209503 -0.986297
-0.209494 -0.984831
-0.209506 -0.983364
-0.209538 -0.981898
-0.209591 -0.980431
-0.209665 -0.978963
-0.209759 -0.977495
-0.209875 -0.976027
-0.210011 -0.974557
-0.210170 -0.973086
-0.210350 -0.971615
-0.210551 -0.970141
-0.210775 -0.968667
-0.211021 -0.967191
-0.211289 -0.965713
-0.211579 -0.964233
-0.211893 -0.962750
-0.212228 -0.961266
-0.212587 -0.959779
-0.212969 -0.958290
-0.213374 -0.956797
-0.213802 -0.955302
-0.214254 -0.953804
-0.214730 -0.952303
-0.215229 -0.950798
-0.215752 -0.949290
-0.216299 -0.947777
-0.216870 -0.946261
-0.217465 -0.944741
-0.218084 -0.943217
-0.218728 -0.941688
-0.219397 -0.940154
-0.220090 -0.938616
-0.220807 -0.937073
-0.221550 -0.935525
-0.222318 -0.933971
-0.223110 -0.932412
-0.223928 -0.930848
-0.224770 -0.929277
-0.225638 -0.927701
-0.226532 -0.926118
-0.227451 -0.924529
-0.228395 -0.922934
-0.229364 -0.921332
-0.230360 -0.919723
-0.231381 -0.918107
-0.232427 -0.916483
-0.233500 -0.914853
-0.234598 -0.913214
-0.235722 -0.911568
-0.236872 -0.909914
-0.238048 -0.908252
-0.239250 -0.906581
-0.240477 -0.904902
-0.241731 -0.903215
-0.243011 -0.901518
-0.244317 -0.899813
-0.245649 -0.898098
-0.247007 -0.896373
-0.248391 -0.894640
-0.249801 -0.892896
-0.251237 -0.891142
-0.252700 -0.889378
-0.254188 -0.887604
-0.255702 -0.885820
-0.257243 -0.884024
-0.258809 -0.882218
-0.260402 -0.880401
-0.262020 -0.878573
-0.263665 -0.876733
-0.265335 -0.874881
-0.267031 -0.873018
-0.268753 -0.871143
-0.270501 -0.869255
-0.272274 -0.867356
-0.274073 -0.865444
-0.275898 -0.863519
-0.277748 -0.861581
-0.279623 -0.859630
-0.281524 -0.857666
-0.283451 -0.855689
-0.285402 -0.853698
-0.287379 -0.851693
-0.289381 -0.849674
-0.291407 -0.847642
-0.293459 -0.845595
-0.295535 -0.843533
-0.297636 -0.841457
-0.299761 -0.839366
-0.301911 -0.837260
-0.304085 -0.835139
-0.306283 -0.833003
-0.308505 -0.830851
-0.310752 -0.828684
-0.313022 -0.826501
-0.315315 -0.824302
-0.317632 -0.822086
-0.319972 -0.819855
-0.322336 -0.817607
-0.324722 -0.815342
-0.327131 -0.813060
-0.329563 -0.810762
-0.332017 -0.808447
-0.334494 -0.806114
-0.336993 -0.803764
-0.339513 -0.801396
-0.342056 -0.799010
-0.344619 -0.796607
-0.347204 -0.794186
-0.349811 -0.791746
-0.352438 -0.789288
-0.355086 -0.786812
-0.357754 -0.784317
-0.360442 -0.781803
-0.363151 -0.779271
-0.365879 -0.776719
-0.368626 -0.774148
-0.371393 -0.771558
-0.374179 -0.768949
-0.376984 -0.766320
-0.379807 -0.763671
-0.382649 -0.761002
-0.385508 -0.758314
-0.388385 -0.755605
-0.391279 -0.752876
-0.394191 -0.750127
-0.397119 -0.747358
-0.400064 -0.744568
-0.403025 -0.741757
-0.406002 -0.738925
-0.408995 -0.736073
-0.412003 -0.733199
-0.415026 -0.730305
-0.418064 -0.727389
-0.421116 -0.724452
-0.424182 -0.721493
-0.427261 -0.718513
-0.430355 -0.715512
-0.433461 -0.712488
-0.436579 -0.709443
-0.439710 -0.706376
-0.442853 -0.703287
-0.446008 -0.700176
-0.449174 -0.697043
-0.452351 -0.693888
-0.455538 -0.690710
-0.458735 -0.687510
-0.461942 -0.684288
-0.465159 -0.681043
-0.468384 -0.677775
-0.471618 -0.674485
-0.474860 -0.671173
-0.478110 -0.667837
-0.481367 -0.664479
-0.484632 -0.661098
-0.487903 -0.657694
-0.491180 -0.654268
-0.494462 -0.650818
-0.497750 -0.647345
-0.501043 -0.643849
-0.504341 -0.640330
-0.507642 -0.636789
-0.510947 -0.633223
-0.514255 -0.629635
-0.517566 -0.626024
-0.520879 -0.622389
-0.524194 -0.618732
-0.527510 -0.615051
-0.530827 -0.611346
-0.534145 -0.607619
-0.537463 -0.603868
-0.540780 -0.600095
-0.544096 -0.596298
-0.547411 -0.592477
-0.550724 -0.588634
-0.554035 -0.584767
-0.557343 -0.580877
-0.560648 -0.576964
-0.563949 -0.573028
-0.567246 -0.569069
-0.570538 -0.565087
-0.573825 -0.561082
-0.577106 -0.557053
-0.580381 -0.553002
-0.583650 -0.548928
-0.586911 -0.544831
-0.590165 -0.540711
-0.593411 -0.536569
-0.596648 -0.532403
-0.599876 -0.528216
-0.603094 -0.524005
-0.606303 -0.519772
-0.609501 -0.515517
-0.612688 -0.511239
-0.615863 -0.506939
-0.619026 -0.502617
-0.622177 -0.498273
-0.625315 -0.493907
-0.628439 -0.489519
-0.631549 -0.485109
-0.634645 -0.480677
-0.637726 -0.476224
-0.640791 -0.471749
-0.643841 -0.467253
-0.646874 -0.462735
-0.649890 -0.458197
-0.652888 -0.453637
-0.655869 -0.449056
-0.658831 -0.444455
-0.661774 -0.439833
-0.664698 -0.435190
-0.667602 -0.430527
-0.670485 -0.425843
-0.673348 -0.421140
-0.676189 -0.416417
-0.679009 -0.411673
-0.681806 -0.406911
-0.684581 -0.402128
-0.687332 -0.397327
-0.690060 -0.392506
-0.692764 -0.387666
-0.695442 -0.382807
-0.698096 -0.377930
-0.700725 -0.373034
-0.703327 -0.368120
-0.705903 -0.363187
-0.708452 -0.358237
-0.710974 -0.353269
-0.713468 -0.348283
-0.715934 -0.343280
-0.718371 -0.338260
-0.720780 -0.333223
-0.723159 -0.328170
-0.725507 -0.323099
-0.727826 -0.318012
-0.730114 -0.312910
-0.732371 -0.307791
-0.734596 -0.302657
-0.736789 -0.297507
-0.738951 -0.292342
-0.741079 -0.287161
-0.743174 -0.281967
-0.745236 -0.276757
-0.747264 -0.271533
-0.749258 -0.266295
-0.751217 -0.261044
-0.753142 -0.255779
-0.755031 -0.250500
-0.756884 -0.245208
-0.758702 -0.239904
-0.760483 -0.234586
-0.762228 -0.229257
-0.763936 -0.223915
-0.765606 -0.218562
-0.767239 -0.213197
-0.768835 -0.207821
-0.770392 -0.202433
-0.771910 -0.197035
-0.773390 -0.191627
-0.774831 -0.186208
-0.776233 -0.180779
-0.777595 -0.175341
-0.778918 -0.169893
-0.780200 -0.164436
-0.781443 -0.158970
-0.782644 -0.153496
-0.783806 -0.148013
-0.784926 -0.142523
-0.786005 -0.137024
-0.787043 -0.131519
-0.788039 -0.126006
-0.788993 -0.120486
-0.789906 -0.114960
-0.790777 -0.109428
-0.791605 -0.103889
-0.792391 -0.098345
-0.793134 -0.092796
-0.793835 -0.087242
-0.794493 -0.081682
-0.795108 -0.076119
-0.795680 -0.070551
-0.796209 -0.064979
-0.796695 -0.059404
-0.797137 -0.053826
-0.797536 -0.048244
-0.797892 -0.042660
-0.798203 -0.037074
-0.798472 -0.031485
-0.798696 -0.025895
-0.798877 -0.020304
-0.799014 -0.014711
-0.799107 -0.009118
-0.799157 -0.003524
-0.799162 0.002070
-0.799124 0.007664
-0.799042 0.013258
-0.798917 0.018851
-0.798747 0.024443
-0.798534 0.030033
-0.798277 0.035622
-0.797977 0.041209
-0.797633 0.046794
-0.797245 0.052376
-0.796814 0.057955
-0.796340 0.063531
-0.795822 0.069104
-0.795261 0.074672
-0.794657 0.080237
-0.794010 0.085798
-0.793321 0.091353
-0.792588 0.096904
-0.791813 0.102449
-0.790996 0.107989
-0.790136 0.113523
-0.789235 0.119051
-0.788291 0.124572
-0.787305 0.130087
-0.786278 0.135595
-0.785210 0.141095
-0.784101 0.146587
-0.782950 0.152072
-0.781759 0.157549
-0.780527 0.163017
-0.779255 0.168476
-0.777943 0.173926
-0.776591 0.179367
-0.775199 0.184798
-0.773768 0.190220
-0.772299 0.195631
-0.770790 0.201032
-0.769243 0.206422
-0.767657 0.211801
-0.766034 0.217169
-0.764373 0.222526
-0.762675 0.227870
-0.760940 0.233203
-0.759168 0.238523
-0.757360 0.243831
-0.755516 0.249126
-0.753636 0.254408
-0.751721 0.259677
-0.749770 0.264932
-0.747785 0.270174
-0.745766 0.275401
-0.743713 0.280614
-0.741626 0.285813
-0.739507 0.290997
-0.737354 0.296166
-0.735169 0.301320
-0.732952 0.306458
-0.730703 0.311581
-0.728424 0.316688
-0.726113 0.321779
-0.723772 0.326854
-0.721401 0.331912
-0.719000 0.336953
-0.716570 0.341978
-0.714112 0.346985
-0.711625 0.351975
-0.709110 0.356948
-0.706568 0.361903
-0.703999 0.366840
-0.701403 0.371759
-0.698782 0.376659
-0.696134 0.381542
-0.693462 0.386405
-0.690765 0.391250
-0.688043 0.396076
-0.685298 0.400883
-0.682529 0.405670
-0.679738 0.410438
-0.676924 0.415186
-0.674088 0.419915
-0.671231 0.424623
-0.668353 0.429312
-0.665454 0.433980
-0.662535 0.438628
-0.659597 0.443256
-0.656640 0.447863
-0.653664 0.452449
-0.650670 0.457014
-0.647659 0.461558
-0.644630 0.466081
-0.641585 0.470583
-0.638524 0.475063
-0.635447 0.479522
-0.632355 0.483959
-0.629249 0.488375
-0.626128 0.492769
-0.622994 0.497141
-0.619846 0.501491
-0.616686 0.505819
-0.613514 0.510124
-0.610330 0.514408
-0.607135 0.518669
-0.603929 0.522908
-0.600713 0.527124
-0.597487 0.531318
-0.594252 0.535489
-0.591009 0.539637
-0.587757 0.543763
-0.584498 0.547866
-0.581231 0.551946
-0.577957 0.556003
-0.574678 0.560037
-0.571392 0.564048
-0.568101 0.568037
-0.564806 0.572002
-0.561506 0.575944
-0.558202 0.579863
-0.554895 0.583759
-0.551585 0.587631
-0.548272 0.591481
-0.544958 0.595307
-0.541642 0.599110
-0.538325 0.602890
-0.535007 0.606647
-0.531689 0.610380
-0.528372 0.614090
-0.525055 0.617777
-0.521740 0.621441
-0.518426 0.625082
-0.515115 0.628699
-0.511806 0.632293
-0.508500 0.635864
-0.505198 0.639412
-0.501899 0.642937
-0.498605 0.646439
-0.495316 0.649918
-0.492032 0.653373
-0.488753 0.656806
-0.485481 0.660216
-0.482215 0.663603
-0.478956 0.666967
-0.475704 0.670308
-0.472460 0.673627
-0.469224 0.676923
-0.465996 0.680196
-0.462777 0.683447
-0.459568 0.686675
-0.456368 0.689881
-0.453178 0.693064
-0.449998 0.696225
-0.446830 0.699364
-0.443672 0.702481
-0.440526 0.705576
-0.437392 0.708648
-0.434270 0.711699
-0.431160 0.714728
-0.428064 0.717735
-0.424981 0.720721
-0.421911 0.723685
-0.418855 0.726628
-0.415814 0.729549
-0.412787 0.732449
-0.409775 0.735328
-0.406778 0.738186
-0.403797 0.741023
-0.400832 0.743839
-0.397883 0.746635
-0.394950 0.749410
-0.392034 0.752164
-0.389135 0.754898
-0.386254 0.757612
-0.383390 0.760306
-0.380544 0.762980
-0.377716 0.765633
-0.374906 0.768268
-0.372115 0.770882
-0.369344 0.773477
-0.366591 0.776053
-0.363858 0.778610
-0.361144 0.781147
-0.358450 0.783666
-0.355777 0.786165
-0.353124 0.788647
-0.350491 0.791109
-0.347880 0.793554
-0.345289 0.795980
-0.342720 0.798388
-0.340172 0.800778
-0.337645 0.803150
-0.335141 0.805505
-0.332659 0.807842
-0.330199 0.810162
-0.327761 0.812465
-0.325346 0.814751
-0.322953 0.817020
-0.320584 0.819272
-0.318238 0.821508
-0.315915 0.823728
-0.313615 0.825931
-0.311339 0.828118
-0.309087 0.830290
-0.306858 0.832446
-0.304654 0.834586
-0.302473 0.836711
-0.300317 0.838820
-0.298186 0.840915
-0.296078 0.842995
-0.293996 0.845060
-0.291938 0.847111
-0.289905 0.849148
-0.287897 0.851170
-0.285913 0.853178
-0.283955 0.855173
-0.282022 0.857154
-0.280115 0.859121
-0.278233 0.861075
-0.276376 0.863016
-0.274545 0.864945
-0.272739 0.866860
-0.270959 0.868763
-0.269204 0.870654
-0.267476 0.872532
-0.265773 0.874398
-0.264096 0.876253
-0.262445 0.878096
-0.260820 0.879927
-0.259221 0.881747
-0.257647 0.883556
-0.256100 0.885354
-0.254579 0.887142
-0.253084 0.888919
-0.251615 0.890685
-0.250172 0.892441
-0.248755 0.894187
-0.247364 0.895924
-0.245999 0.897651
-0.244660 0.899368
-0.243348 0.901076
-0.242061 0.902775
-0.240801 0.904465
-0.239566 0.906146
-0.238358 0.907819
-0.237175 0.909483
-0.236018 0.911139
-0.234888 0.912787
-0.233783 0.914428
-0.232704 0.916060
-0.231650 0.917686
-0.230623 0.919304
-0.229621 0.920914
-0.228644 0.922518
-0.227693 0.924116
-0.226768 0.925706
-0.225868 0.927290
-0.224994 0.928868
-0.224144 0.930440
-0.223320 0.932006
-0.222521 0.933567
-0.221747 0.935122
-0.220998 0.936671
-0.220274 0.938216
-0.219574 0.939755
-0.218899 0.941290
-0.218249 0.942820
-0.217623 0.944345
-0.217022 0.945867
-0.216445 0.947384
-0.215891 0.948897
-0.215362 0.950406
-0.214857 0.951912
-0.214375 0.953414
-0.213918 0.954913
-0.213483 0.956409
-0.213072 0.957902
-0.212684 0.959392
-0.212319 0.960880
-0.211978 0.962365
-0.211659 0.963848
-0.211362 0.965328
-0.211088 0.966807
-0.210837 0.968283
-0.210607 0.969759
-0.210400 0.971232
-0.210214 0.972704
-0.210050 0.974175
-0.209908 0.975645
-0.209787 0.977114
-0.209687 0.978582
-0.209608 0.980050
-0.209550 0.981517
-0.209513 0.982983
-0.209495 0.984450
-0.209498 0.985916
-0.209521 0.987383
-0.209564 0.988850
-0.209627 0.990317
-0.209709 0.991784
-0.209810 0.993253
-0.209930 0.994722
-0.210069 0.996192
-0.210226 0.997663
-0.210402 0.999135
-0.210595 1.000608
-0.210807 1.002083
-0.211036 1.003560
-0.211283 1.005038
-0.211546 1.006518
-0.211827 1.008000
-0.212124 1.009483
-0.212438 1.010969
-0.212768 1.012458
-0.213113 1.013948
-0.213474 1.015441
-0.213851 1.016937
-0.214243 1.018435
-0.214649 1.019936
-0.215070 1.021440
-0.215506 1.022947
-0.215955 1.024457
-0.216418 1.025971
-0.216894 1.027487
-0.217384 1.029007
-0.217886 1.030531
-0.218400 1.032058
-0.218927 1.033588
-0.219466 1.035123
-0.220016 1.036661
-0.220578 1.038203
-0.221150 1.039749
-0.221733 1.041299
-0.222327 1.042853
-0.222930 1.044412
-0.223543 1.045974
-0.224165 1.047541
-0.224795 1.049113
-0.225435 1.050688
-0.226082 1.052269
-0.226738 1.053854
-0.227400 1.055443
-0.228070 1.057037
-0.228747 1.058636
-0.229430 1.060240
2.556113 -0.115142
2.554404 -0.138139
2.552388 -0.161120
2.550063 -0.184081
2.547432 -0.207020
2.544495 -0.229934
2.541254 -0.252820
2.537710 -0.275676
2.533865 -0.298498
2.529721 -0.321284
2.525279 -0.344032
2.520542 -0.366739
2.515512 -0.389401
2.510191 -0.412017
2.504581 -0.434584
2.498685 -0.457099
2.492506 -0.479559
2.486046 -0.501963
2.479309 -0.524307
2.472297 -0.546590
2.465013 -0.568808
2.457462 -0.590959
2.449645 -0.613041
2.441567 -0.635052
2.433232 -0.656989
2.424642 -0.678849
2.415803 -0.700631
2.406717 -0.722333
2.397389 -0.743952
2.387822 -0.765485
2.378022 -0.786932
2.367992 -0.808289
2.357737 -0.829555
2.347261 -0.850728
2.336569 -0.871805
2.325665 -0.892785
2.314555 -0.913666
2.303242 -0.934446
2.291732 -0.955124
2.280030 -0.975697
2.268141 -0.996164
2.256069 -1.016523
2.243821 -1.036773
2.231400 -1.056911
2.218813 -1.076937
2.206064 -1.096849
2.193159 -1.116646
2.180103 -1.136326
2.166903 -1.155888
2.153562 -1.175330
2.140087 -1.194651
2.126483 -1.213851
2.112756 -1.232928
2.098911 -1.251880
2.084954 -1.270708
2.070891 -1.289409
2.056727 -1.307983
2.042467 -1.326430
2.028119 -1.344748
2.013686 -1.362936
1.999175 -1.380994
1.984592 -1.398921
1.969941 -1.416716
1.955230 -1.434379
1.940463 -1.451910
1.925647 -1.469308
1.910786 -1.486572
1.895887 -1.503702
1.880955 -1.520697
1.865995 -1.537559
1.851014 -1.554285
1.836017 -1.570877
1.821009 -1.587334
1.805996 -1.603655
1.790984 -1.619841
1.775977 -1.635893
1.760982 -1.651809
1.746003 -1.667591
1.731046 -1.683237
1.716117 -1.698749
1.701219 -1.714127
1.686360 -1.729372
1.671543 -1.744482
1.656774 -1.759459
1.642058 -1.774304
1.627400 -1.789017
1.612805 -1.803598
1.598278 -1.818047
1.583823 -1.832367
1.569446 -1.846556
1.555150 -1.860617
1.540942 -1.874549
1.526825 -1.888354
1.512803 -1.902032
1.498882 -1.915585
1.485066 -1.929013
1.471358 -1.942317
1.457764 -1.955497
1.444287 -1.968557
1.430932 -1.981495
1.417702 -1.994314
1.404602 -2.007014
1.391635 -2.019597
1.378806 -2.032064
1.366117 -2.044416
1.353574 -2.056654
1.341178 -2.068781
1.328934 -2.080796
1.316845 -2.092702
1.304915 -2.104500
1.293147 -2.116191
1.281544 -2.127777
1.270109 -2.139259
1.258845 -2.150639
1.247756 -2.161919
1.236843 -2.173100
1.226111 -2.184183
1.215561 -2.195170
1.205197 -2.206063
1.195020 -2.216864
1.185034 -2.227574
1.175240 -2.238195
1.165642 -2.248729
1.156241 -2.259178
1.147040 -2.269542
1.138040 -2.279825
1.129245 -2.290027
1.120654 -2.300152
1.112272 -2.310200
1.104099 -2.320173
1.096137 -2.330074
1.088387 -2.339904
1.080852 -2.349666
1.073533 -2.359360
1.066430 -2.368990
1.059547 -2.378557
1.052883 -2.388063
1.046439 -2.397509
1.040218 -2.406899
1.034220 -2.416234
1.028446 -2.425516
1.022897 -2.434747
1.017574 -2.443929
1.012477 -2.453064
1.007607 -2.462154
1.002965 -2.471201
0.998551 -2.480208
0.994366 -2.489176
0.990410 -2.498107
0.986683 -2.507004
0.983186 -2.515868
0.979918 -2.524702
0.976880 -2.533507
0.974072 -2.542287
0.971494 -2.551041
-1.870846 -1.500285
0.851509 -2.495882
-1.219914 -1.741795
-0.568448 -1.969445
-0.524299 -1.987698
-0.585620 -1.962171
-0.590101 -1.958056
-0.594345 -1.953910
-0.598357 -1.949736
-0.602142 -1.945534
-0.605706 -1.941306
-0.609054 -1.937054
-0.612191 -1.932780
-0.615122 -1.928484
-0.617852 -1.924169
-0.620385 -1.919835
-0.622727 -1.915484
-0.624883 -1.911117
-0.626856 -1.906736
-0.628652 -1.902342
-0.630276 -1.897935
-0.631732 -1.893518
-0.633024 -1.889091
-0.634156 -1.884656
-0.635134 -1.880213
-0.635961 -1.875765
-0.636641 -1.871310
-0.637180 -1.866852
-0.637580 -1.862390
-0.637846 -1.857926
-0.637981 -1.853461
-0.637990 -1.848995
-0.637877 -1.844529
-0.637645 -1.840065
-0.637299 -1.835602
-0.636840 -1.831143
-0.636274 -1.826687
-0.635604 -1.822235
-0.634834 -1.817789
-0.633966 -1.813348
-0.633004 -1.808913
-0.631951 -1.804486
-0.630812 -1.800066
-0.629588 -1.795655
-0.628283 -1.791252
-0.626901 -1.786859
-0.625443 -1.782476
-0.623914 -1.778103
-0.622316 -1.773741
-0.620653 -1.769391
-0.618926 -1.765052
-0.617138 -1.760726
-0.615293 -1.756412
-0.613394 -1.752112
-0.611442 -1.747825
-0.609440 -1.743552
-0.607392 -1.739293
-0.605299 -1.735048
-0.603163 -1.730819
-0.600989 -1.726604
-0.598776 -1.722405
-0.596529 -1.718221
-0.594250 -1.714054
-0.591939 -1.709902
-0.589601 -1.705767
-0.587237 -1.701648
-0.584848 -1.697545
-0.582438 -1.693460
-0.580008 -1.689391
-0.577561 -1.685340
-0.575097 -1.681305
-0.572620 -1.677288
-0.570131 -1.673289
-0.567632 -1.669307
-0.565124 -1.665342
-0.562611 -1.661395
-0.560092 -1.657465
-0.557571 -1.653554
-0.555048 -1.649659
-0.552526 -1.645783
-0.550006 -1.641924
-0.547489 -1.638083
-0.544978 -1.634259
-0.542474 -1.630453
-0.539978 -1.626664
-0.537492 -1.622893
-0.535017 -1.619140
-0.532555 -1.615403
-0.530107 -1.611684
-0.527674 -1.607982
-0.525259 -1.604296
-0.522861 -1.600628
-0.520484 -1.596976
-0.518126 -1.593341
-0.515791 -1.589722
-0.513480 -1.586120
-0.511192 -1.582534
-0.508930 -1.578963
-0.506696 -1.575408
-0.504489 -1.571869
-0.502311 -1.568346
-0.500163 -1.564837
-0.498047 -1.561343
-0.495962 -1.557864
-0.493912 -1.554400
-0.491895 -1.550949
-0.489914 -1.547513
-0.487969 -1.544090
-0.486061 -1.540681
-0.484192 -1.537286
-0.482362 -1.533903
-0.480571 -1.530532
-0.478822 -1.527175
-0.477114 -1.523829
-0.475449 -1.520495
-0.473827 -1.517172
-0.472250 -1.513861
-0.470717 -1.510561
-0.469231 -1.507271
-0.467791 -1.503991
-0.466398 -1.500722
-0.465053 -1.497462
-0.463757 -1.494211
-0.462510 -1.490969
-0.461314 -1.487736
-0.460168 -1.484511
-0.459074 -1.481293
-0.458032 -1.478083
-0.457042 -1.474881
-0.456106 -1.471685
-0.455224 -1.468495
-0.454396 -1.465311
-0.453623 -1.462133
-0.452906 -1.458961
-0.452245 -1.455793
-0.451641 -1.452629
-0.451094 -1.449469
-0.450604 -1.446314
-0.450173 -1.443161
-0.449800 -1.440011
-0.449487 -1.436864
-0.449233 -1.433718
-0.449039 -1.430574
-0.448905 -1.427431
-0.448832 -1.424289
-0.448820 -1.421148
-0.448870 -1.418006
-0.448982 -1.414863
-0.449156 -1.411720
-0.449393 -1.408575
-0.449693 -1.405428
-0.450056 -1.402279
-0.450482 -1.399127
-0.450973 -1.395972
-0.451527 -1.392813
-0.452146 -1.389651
-0.452830 -1.386483
-0.453578 -1.383311
-0.454392 -1.380133
-0.455271 -1.376949
-0.456216 -1.373759
-0.457227 -1.370562
-0.458303 -1.367358
-0.459446 -1.364146
-0.460655 -1.360925
-0.461930 -1.357696
-0.463272 -1.354458
-0.464680 -1.351210
-0.466156 -1.347952
-0.467698 -1.344684
-0.469307 -1.341405
-0.470983 -1.338114
-0.472726 -1.334811
-0.474537 -1.331495
-0.476414 -1.328167
-0.478359 -1.324825
-0.480370 -1.321470
-0.482449 -1.318100
-0.484595 -1.314715
-0.486808 -1.311315
-0.489089 -1.307900
-0.491436 -1.304468
-0.493850 -1.301020
-0.496331 -1.297554
-0.498878 -1.294071
-0.501492 -1.290570
-0.504173 -1.287050
-0.506920 -1.283511
-0.509733 -1.279953
-0.512612 -1.276375
-0.515556 -1.272776
-0.518567 -1.269157
-0.521643 -1.265516
-0.524784 -1.261853
-0.527990 -1.258169
-0.531260 -1.254461
-0.534595 -1.250731
-0.537994 -1.246977
-0.541457 -1.243199
-0.544984 -1.239396
-0.548573 -1.235569
-0.552226 -1.231716
-0.555940 -1.227838
-0.559717 -1.223933
-0.563556 -1.220002
-0.567456 -1.216043
-0.571417 -1.212057
-0.575439 -1.208043
-0.579520 -1.204001
-0.583662 -1.199930
-0.587862 -1.195829
-0.592121 -1.191699
-0.596438 -1.187540
-0.600812 -1.183349
-0.605244 -1.179128
-0.609732 -1.174876
-0.614277 -1.170592
-0.618876 -1.166276
-0.623531 -1.161927
-0.628239 -1.157546
-0.633001 -1.153132
-0.637817 -1.148684
-0.642684 -1.144202
-0.647603 -1.139686
-0.652573 -1.135136
-0.657593 -1.130550
-0.662663 -1.125929
-0.667781 -1.121273
-0.672948 -1.116580
-0.678162 -1.111851
-0.683422 -1.107086
-0.688729 -1.102283
-0.694080 -1.097443
-0.699475 -1.092566
-0.704913 -1.087651
-0.710394 -1.082697
-0.715917 -1.077705
-0.721480 -1.072674
-0.727083 -1.067604
-0.732725 -1.062495
-0.738405 -1.057346
-0.744122 -1.052157
-0.749876 -1.046928
-0.755664 -1.041659
-0.761487 -1.036349
-0.767342 -1.030998
-0.773230 -1.025606
-0.779150 -1.020173
-0.785099 -1.014698
-0.791078 -1.009181
-0.797084 -1.003623
-0.803118 -0.998022
-0.809177 -0.992379
-0.815262 -0.986693
-0.821370 -0.980965
-0.827501 -0.975194
-0.833653 -0.969380
-0.839826 -0.963523
-0.846018 -0.957623
-0.852228 -0.951679
-0.858455 -0.945691
-0.864697 -0.939660
-0.870954 -0.933586
-0.877225 -0.927467
-0.883507 -0.921304
-0.889801 -0.915098
-0.896104 -0.908847
-0.902415 -0.902552
-0.908734 -0.896213
-0.915058 -0.889830
-0.921387 -0.883403
-0.927720 -0.876931
-0.934054 -0.870414
-0.940390 -0.863854
-0.946724 -0.857249
-0.953057 -0.850600
-0.959387 -0.843906
-0.965712 -0.837168
-0.972032 -0.830386
-0.978344 -0.823560
-0.984648 -0.816689
-0.990942 -0.809775
-0.997226 -0.802816
-1.003496 -0.795814
-1.009753 -0.788767
-1.015994 -0.781677
-1.022219 -0.774543
-1.028426 -0.767366
-1.034614 -0.760146
-1.040781 -0.752882
-1.046926 -0.745575
-1.053048 -0.738225
-1.059144 -0.730832
-1.065215 -0.723397
-1.071258 -0.715919
-1.077273 -0.708399
-1.083257 -0.700837
-1.089209 -0.693234
-1.095129 -0.685589
-1.101014 -0.677902
-1.106863 -0.670174
-1.112676 -0.662406
-1.118449 -0.654597
-1.124184 -0.646748
-1.129877 -0.638859
-1.135527 -0.630930
-1.141134 -0.622961
-1.146695 -0.614954
-1.152211 -0.606908
-1.157678 -0.598823
-1.163096 -0.590700
-1.168464 -0.582540
-1.173780 -0.574342
-1.179043 -0.566107
-1.184252 -0.557835
-1.189406 -0.549528
-1.194502 -0.541184
-1.199541 -0.532805
-1.204520 -0.524390
-1.209439 -0.515942
-1.214296 -0.507458
-1.219090 -0.498942
-1.223820 -0.490391
-1.228485 -0.481808
-1.233083 -0.473193
-1.237614 -0.464545
-1.242075 -0.455866
-1.246467 -0.447156
-1.250788 -0.438416
-1.255037 -0.429645
-1.259213 -0.420846
-1.263314 -0.412017
-1.267340 -0.403159
-1.271290 -0.394274
-1.275162 -0.385361
-1.278956 -0.376422
-1.282671 -0.367456
-1.286306 -0.358465
-1.289859 -0.349448
-1.293330 -0.340407
-1.296719 -0.331342
-1.300023 -0.322253
-1.303243 -0.313142
-1.306377 -0.304008
-1.309424 -0.294853
-1.312384 -0.285676
-1.315257 -0.276479
-1.318041 -0.267263
-1.320735 -0.258027
-1.323339 -0.248773
-1.325852 -0.239500
-1.328273 -0.230211
-1.330603 -0.220905
-1.332840 -0.211583
-1.334983 -0.202245
-1.337032 -0.192893
-1.338987 -0.183527
-1.340847 -0.174148
-1.342611 -0.164755
-1.344280 -0.155351
-1.345852 -0.145936
-1.347327 -0.136510
-1.348705 -0.127073
-1.349985 -0.117628
-1.351167 -0.108174
-1.352251 -0.098712
-1.353237 -0.089243
-1.354124 -0.079767
-1.354912 -0.070285
-1.355600 -0.060798
-1.356189 -0.051307
-1.356679 -0.041812
-1.357068 -0.032314
-1.357358 -0.022813
-1.357548 -0.013311
-1.357638 -0.003808
-1.357628 0.005696
-1.357518 0.015199
-1.357309 0.024701
-1.356999 0.034201
-1.356589 0.043699
-1.356080 0.053193
-1.355471 0.062684
-1.354763 0.072169
-1.353956 0.081650
-1.353049 0.091125
-1.352044 0.100592
-1.350940 0.110053
-1.349738 0.119505
-1.348439 0.128949
-1.347041 0.138383
-1.345547 0.147807
-1.343956 0.157221
-1.342268 0.166623
-1.340485 0.176012
-1.338606 0.185389
-1.336632 0.194753
-1.334564 0.204102
-1.332403 0.213436
-1.330147 0.222755
-1.327800 0.232058
-1.325360 0.241344
-1.322829 0.250613
-1.320207 0.259864
-1.317495 0.269096
-1.314693 0.278308
-1.311803 0.287501
-1.308826 0.296673
-1.305761 0.305824
-1.302610 0.314954
-1.299373 0.324061
-1.296052 0.333145
-1.292647 0.342205
-1.289160 0.351242
-1.285590 0.360253
-1.281939 0.369240
-1.278209 0.378200
-1.274399 0.387134
-1.270511 0.396042
-1.266546 0.404921
-1.262505 0.413773
-1.258389 0.422596
-1.254199 0.431390
-1.249935 0.440155
-1.245600 0.448889
-1.241194 0.457593
-1.236719 0.466266
-1.232175 0.474907
-1.227563 0.483516
-1.222886 0.492093
-1.218143 0.500636
-1.213336 0.509147
-1.208467 0.517623
-1.203536 0.526065
-1.198545 0.534472
-1.193494 0.542845
-1.188386 0.551181
-1.183222 0.559482
-1.178002 0.567746
-1.172728 0.575974
-1.167402 0.584164
-1.162024 0.592317
-1.156596 0.600432
-1.151119 0.608509
-1.145594 0.616548
-1.140023 0.624548
-1.134408 0.632508
-1.128749 0.640429
-1.123047 0.648311
-1.117305 0.656152
-1.111524 0.663953
-1.105704 0.671713
-1.099847 0.679433
-1.093955 0.687111
-1.088029 0.694748
-1.082070 0.702343
-1.076080 0.709897
-1.070060 0.717408
-1.064011 0.724877
-1.057935 0.732304
-1.051833 0.739689
-1.045707 0.747030
-1.039557 0.754328
-1.033386 0.761584
-1.027194 0.768796
-1.020984 0.775964
-1.014755 0.783089
-1.008511 0.790171
-1.002251 0.797209
-0.995978 0.804202
-0.989693 0.811152
-0.983397 0.818058
-0.977091 0.824920
-0.970777 0.831737
-0.964456 0.838511
-0.958130 0.845240
-0.951799 0.851924
-0.945466 0.858565
-0.939131 0.865161
-0.932796 0.871713
-0.926461 0.878220
-0.920129 0.884683
-0.913801 0.891102
-0.907478 0.897476
-0.901160 0.903807
-0.894851 0.910093
-0.888549 0.916335
-0.882258 0.922532
-0.875978 0.928686
-0.869710 0.934796
-0.863456 0.940862
-0.857216 0.946884
-0.850993 0.952863
-0.844786 0.958798
-0.838598 0.964690
-0.832429 0.970539
-0.826281 0.976344
-0.820155 0.982107
-0.814051 0.987827
-0.807971 0.993504
-0.801917 0.999138
-0.795889 1.004730
-0.789887 1.010281
-0.783915 1.015789
-0.777971 1.021256
-0.772058 1.026681
-0.766176 1.032064
-0.760327 1.037407
-0.754511 1.042709
-0.748730 1.047970
-0.742983 1.053191
-0.737274 1.058372
-0.731601 1.063513
-0.725967 1.068615
-0.720372 1.073677
-0.714816 1.078700
-0.709302 1.083684
-0.703829 1.088630
-0.698399 1.093538
-0.693013 1.098408
-0.687671 1.103240
-0.682373 1.108036
-0.677122 1.112794
-0.671918 1.117515
-0.666761 1.122201
-0.661652 1.126850
-0.656592 1.131464
-0.651581 1.136043
-0.646622 1.140586
-0.641713 1.145095
-0.636856 1.149570
-0.632051 1.154011
-0.627299 1.158419
-0.622602 1.162794
-0.617958 1.167136
-0.613369 1.171445
-0.608836 1.175723
-0.604359 1.179969
-0.599939 1.184184
-0.595575 1.188368
-0.591270 1.192522
-0.587023 1.196646
-0.582834 1.200741
-0.578705 1.204806
-0.574635 1.208843
-0.570626 1.212851
-0.566677 1.216832
-0.562789 1.220785
-0.558962 1.224711
-0.555197 1.228610
-0.551495 1.232484
-0.547855 1.236332
-0.544278 1.240154
-0.540764 1.243952
-0.537314 1.247725
-0.533927 1.251474
-0.530605 1.255200
-0.527347 1.258903
-0.524154 1.262583
-0.521026 1.266241
-0.517964 1.269877
-0.514966 1.273493
-0.512034 1.277087
-0.509168 1.280661
-0.506369 1.284216
-0.503635 1.287751
-0.500967 1.291267
-0.498367 1.294764
-0.495832 1.298244
-0.493365 1.301706
-0.490964 1.305151
-0.488630 1.308580
-0.486363 1.311992
-0.484164 1.315389
-0.482031 1.318771
-0.479965 1.322138
-0.477967 1.325490
-0.476036 1.328829
-0.474172 1.332155
-0.472375 1.335468
-0.470645 1.338768
-0.468982 1.342057
-0.467386 1.345334
-0.465857 1.348601
-0.464395 1.351856
-0.463000 1.355102
-0.461671 1.358339
-0.460409 1.361566
-0.459214 1.364785
-0.458084 1.367995
-0.457021 1.371198
-0.456023 1.374393
-0.455092 1.377582
-0.454225 1.380765
-0.453425 1.383942
-0.452689 1.387113
-0.452018 1.390279
-0.451412 1.393441
-0.450870 1.396599
-0.450392 1.399754
-0.449978 1.402905
-0.449628 1.406054
-0.449341 1.409200
-0.449117 1.412344
-0.448955 1.415488
-0.448855 1.418630
-0.448818 1.421772
-0.448842 1.424914
-0.448927 1.428056
-0.449072 1.431199
-0.449278 1.434343
-0.449544 1.437489
-0.449870 1.440637
-0.450254 1.443787
-0.450697 1.446940
-0.451198 1.450097
-0.451756 1.453257
-0.452372 1.456422
-0.453044 1.459591
-0.453772 1.462764
-0.454556 1.465944
-0.455395 1.469128
-0.456288 1.472319
-0.457235 1.475516
-0.458235 1.478721
-0.459287 1.481932
-0.460392 1.485151
-0.461548 1.488377
-0.462754 1.491613
-0.464011 1.494856
-0.465316 1.498109
-0.466671 1.501371
-0.468073 1.504642
-0.469522 1.507924
-0.471018 1.511216
-0.472560 1.514518
-0.474146 1.517832
-0.475776 1.521156
-0.477450 1.524493
-0.479166 1.527841
-0.480924 1.531201
-0.482722 1.534574
-0.484560 1.537959
-0.486437 1.541358
-0.488353 1.544769
-0.490305 1.548195
-0.492293 1.551634
-0.494316 1.555087
-0.496374 1.558554
-0.498465 1.562036
-0.500587 1.565533
-0.502741 1.569045
-0.504925 1.572571
-0.507137 1.576114
-0.509378 1.579671
-0.511645 1.583245
-0.513937 1.586834
-0.516253 1.590440
-0.518593 1.594062
-0.520954 1.597700
-0.523336 1.601355
-0.525737 1.605027
-0.528156 1.608716
-0.530592 1.612421
-0.533043 1.616144
-0.535508 1.619884
-0.537985 1.623641
-0.540473 1.627416
-0.542971 1.631208
-0.545477 1.635017
-0.547989 1.638845
-0.550506 1.642689
-0.553027 1.646552
-0.555549 1.650432
-0.558072 1.654329
-0.560593 1.658245
-0.563110 1.662178
-0.565623 1.666128
-0.568129 1.670096
-0.570626 1.674082
-0.573113 1.678085
-0.575588 1.682106
-0.578048 1.686143
-0.580493 1.690198
-0.582919 1.694270
-0.585325 1.698359
-0.587708 1.702465
-0.590068 1.706587
-0.592401 1.710726
-0.594705 1.714880
-0.596978 1.719051
-0.599219 1.723238
-0.601424 1.727440
-0.603591 1.731658
-0.605718 1.735891
-0.607802 1.740138
-0.609842 1.744400
-0.611834 1.748676
-0.613775 1.752965
-0.615664 1.757268
-0.617498 1.761584
-0.619274 1.765913
-0.620988 1.770254
-0.622639 1.774607
-0.624224 1.778971
-0.625739 1.783346
-0.627181 1.787731
-0.628549 1.792126
-0.629838 1.796531
-0.631045 1.800944
-0.632168 1.805365
-0.633202 1.809794
-0.634146 1.814230
-0.634995 1.818672
-0.635746 1.823119
-0.636395 1.827572
-0.636940 1.832029
-0.637376 1.836489
-0.637701 1.840952
-0.637909 1.845416
-0.637999 1.849882
-0.637964 1.854348
-0.637803 1.858813
-0.637511 1.863277
-0.637084 1.867738
-0.636518 1.872196
-0.635808 1.876649
-0.634952 1.881097
-0.633944 1.885538
-0.632780 1.889972
-0.631456 1.894396
-0.629967 1.898812
-0.628309 1.903216
-0.626478 1.907607
-0.624469 1.911986
-0.622277 1.916350
-0.619897 1.920697
-0.617325 1.925028
-0.614556 1.929339
-0.611584 1.933631
-0.608406 1.937901
-0.605016 1.942148
-0.601408 1.946371
-0.597578 1.950567
-0.593520 1.954736
-0.589230 1.958876
-0.584701 1.962985
-0.579929 1.967061
-0.574908 1.971103
-0.569632 1.975110
-0.564096 1.979078
-0.558295 1.983006
0.772766 2.482694
1.353776 2.670736
0.117484 2.220580
1.667708 2.775932
0.794728 2.443833
0.987429 2.505288
0.991202 2.496385
0.995203 2.487446
0.999433 2.478470
1.003893 2.469456
1.008580 2.460400
1.013494 2.451301
1.018636 2.442156
1.024004 2.432964
1.029598 2.423723
1.035416 2.414431
1.041458 2.405085
1.047724 2.395684
1.054211 2.386226
1.060918 2.376708
1.067845 2.367128
1.074991 2.357486
1.082353 2.347778
1.089931 2.338003
1.097723 2.328158
1.105727 2.318243
1.113942 2.308255
1.122366 2.298192
1.130997 2.288052
1.139833 2.277833
1.148873 2.267534
1.158114 2.257153
1.167554 2.246687
1.177191 2.236136
1.187023 2.225497
1.197048 2.214769
1.207262 2.203950
1.217663 2.193038
1.228250 2.182031
1.239018 2.170929
1.249966 2.159728
1.261091 2.148429
1.272389 2.137028
1.283858 2.125525
1.295494 2.113918
1.307295 2.102206
1.319257 2.090387
1.331377 2.078459
1.343651 2.066421
1.356077 2.054273
1.368650 2.042012
1.381367 2.029637
1.394224 2.017147
1.407218 2.004540
1.420344 1.991816
1.433599 1.978974
1.446979 1.966011
1.460480 1.952928
1.474097 1.939722
1.487827 1.926393
1.501665 1.912941
1.515606 1.899363
1.529647 1.885660
1.543783 1.871829
1.558010 1.857871
1.572322 1.843785
1.586715 1.829569
1.601185 1.815224
1.615727 1.800748
1.630335 1.786140
1.645005 1.771401
1.659732 1.756530
1.674512 1.741526
1.689338 1.726389
1.704205 1.711118
1.719110 1.695713
1.734046 1.680174
1.749008 1.664500
1.763991 1.648692
1.778989 1.632748
1.793998 1.616670
1.809011 1.600456
1.824024 1.584108
1.839030 1.567624
1.854025 1.551005
1.869002 1.534251
1.883957 1.517363
1.898884 1.500340
1.913776 1.483183
