0.316343 -0.071725
0.314748 -0.085926
0.312874 -0.100048
0.310727 -0.114080
0.308313 -0.128010
0.305639 -0.141824
0.302712 -0.155513
0.299542 -0.169065
0.296137 -0.182469
0.292506 -0.195714
0.288660 -0.208791
0.284609 -0.221690
0.280365 -0.234403
0.275938 -0.246920
0.271341 -0.259235
0.266586 -0.271339
0.261685 -0.283225
0.256651 -0.294888
0.251496 -0.306322
0.246233 -0.317521
0.240874 -0.328481
0.235434 -0.339199
0.229923 -0.349669
0.224356 -0.359891
0.218744 -0.369861
0.213100 -0.379577
0.207436 -0.389040
0.201763 -0.398247
0.196094 -0.407198
0.190440 -0.415895
0.184810 -0.424338
0.179217 -0.432529
0.173670 -0.440468
0.168178 -0.448160
0.162751 -0.455605
0.157399 -0.462809
0.152128 -0.469773
0.146947 -0.476501
0.141864 -0.482999
0.136885 -0.489271
0.132017 -0.495321
0.127266 -0.501154
0.122637 -0.506776
0.118135 -0.512193
0.113764 -0.517410
0.109529 -0.522434
0.105434 -0.527270
0.101480 -0.531925
0.097672 -0.536406
0.094010 -0.540718
0.090498 -0.544869
0.087135 -0.548865
0.083924 -0.552713
0.080864 -0.556420
0.077956 -0.559993
0.075199 -0.563439
0.072594 -0.566763
0.070138 -0.569974
0.067832 -0.573078
0.065672 -0.576081
0.063659 -0.578991
0.061788 -0.581813
0.060059 -0.584554
0.058468 -0.587220
0.057012 -0.589818
0.055688 -0.592353
0.054493 -0.594832
0.053423 -0.597259
0.052475 -0.599642
0.051643 -0.601984
0.050925 -0.604291
0.050314 -0.606569
0.049808 -0.608821
0.049400 -0.611053
0.049086 -0.613269
0.048861 -0.615472
0.048719 -0.617667
0.048654 -0.619858
0.048661 -0.622047
0.048734 -0.624239
0.048867 -0.626434
0.049052 -0.628637
0.049284 -0.630850
0.049556 -0.633073
0.001541 -0.567877
-0.119503 -0.389194
0.045300 -0.625658
-0.110991 -0.399502
-0.032644 -0.508612
-0.047976 -0.484848
-0.047653 -0.483174
-0.047344 -0.481512
-0.047054 -0.479860
-0.046787 -0.478218
-0.046549 -0.476584
-0.046343 -0.474959
-0.046175 -0.473340
-0.046047 -0.471726
-0.045964 -0.470116
-0.045930 -0.468508
-0.045949 -0.466901
-0.046024 -0.465291
-0.046159 -0.463678
-0.046357 -0.462059
-0.046622 -0.460432
-0.046957 -0.458795
-0.047365 -0.457145
-0.047850 -0.455478
-0.048413 -0.453794
-0.049057 -0.452089
-0.049786 -0.450359
-0.050602 -0.448603
-0.051507 -0.446816
-0.052503 -0.444996
-0.053593 -0.443140
-0.054779 -0.441243
-0.056062 -0.439304
-0.057443 -0.437318
-0.058926 -0.435282
-0.060510 -0.433192
-0.062198 -0.431045
-0.063989 -0.428837
-0.065886 -0.426564
-0.067888 -0.424224
-0.069997 -0.421811
-0.072212 -0.419323
-0.074533 -0.416755
-0.076962 -0.414104
-0.079496 -0.411366
-0.082136 -0.408538
-0.084881 -0.405616
-0.087729 -0.402595
-0.090680 -0.399473
-0.093733 -0.396246
-0.096884 -0.392911
-0.100133 -0.389463
-0.103477 -0.385900
-0.106914 -0.382219
-0.110441 -0.378415
-0.114054 -0.374487
-0.117751 -0.370431
-0.121527 -0.366244
-0.125380 -0.361923
-0.129304 -0.357466
-0.133296 -0.352871
-0.137351 -0.348135
-0.141463 -0.343256
-0.145628 -0.338232
-0.149841 -0.333061
-0.154094 -0.327742
-0.158383 -0.322274
-0.162702 -0.316655
-0.167043 -0.310885
-0.171400 -0.304962
-0.175767 -0.298886
-0.180136 -0.292658
-0.184500 -0.286277
-0.188852 -0.279743
-0.193184 -0.273058
-0.197489 -0.266221
-0.201759 -0.259234
-0.205985 -0.252098
-0.210161 -0.244815
-0.214278 -0.237387
-0.218328 -0.229817
-0.222303 -0.222105
-0.226196 -0.214256
-0.229998 -0.206273
-0.233702 -0.198158
-0.237299 -0.189915
-0.240783 -0.181548
-0.244146 -0.173061
-0.247380 -0.164459
-0.250479 -0.155746
-0.253436 -0.146927
-0.256243 -0.138008
-0.258896 -0.128992
-0.261387 -0.119887
-0.263712 -0.110697
-0.265864 -0.101429
-0.267839 -0.092089
-0.269632 -0.082682
-0.271240 -0.073217
-0.272657 -0.063698
-0.273882 -0.054133
-0.274910 -0.044528
-0.275740 -0.034891
-0.276370 -0.025229
-0.276797 -0.015548
-0.277022 -0.005856
-0.277043 0.003841
-0.276861 0.013535
-0.276475 0.023219
-0.275887 0.032886
-0.275099 0.042529
-0.274111 0.052141
1.054829 -0.241102
1.043968 -0.288332
1.031299 -0.335032
1.016902 -0.381123
1.000868 -0.426528
0.983295 -0.471178
0.964291 -0.515003
0.943971 -0.557944
0.922456 -0.599943
0.899872 -0.640949
0.876348 -0.680917
0.852017 -0.719808
0.827014 -0.757589
0.801472 -0.794231
0.775526 -0.829715
0.749309 -0.864025
0.722951 -0.897151
0.696580 -0.929090
0.670317 -0.959845
0.644282 -0.989422
0.618588 -1.017835
0.593342 -1.045102
0.568644 -1.071244
0.544589 -1.096289
0.521263 -1.120268
0.498747 -1.143215
0.477111 -1.165169
0.456422 -1.186169
0.436737 -1.206262
0.418105 -1.225492
0.400569 -1.243908
0.384164 -1.261560
0.368918 -1.278500
0.354853 -1.294780
0.341983 -1.310454
0.330315 -1.325577
0.319853 -1.340201
0.310590 -1.354381
0.302517 -1.368172
0.295618 -1.381625
0.289871 -1.394795
0.285250 -1.407731
0.281723 -1.420484
0.279253 -1.433102
0.277797 -1.445632
0.277309 -1.458118
0.277736 -1.470603
0.279021 -1.483127
-0.540516 -0.987899
0.019494 -1.299995
-0.300799 -1.117695
-0.339266 -1.068746
-0.215569 -1.136985
-0.248895 -1.105882
-0.245398 -1.097232
-0.241800 -1.088706
-0.238162 -1.080306
-0.234542 -1.072034
-0.230997 -1.063888
-0.227577 -1.055863
-0.224330 -1.047955
-0.221304 -1.040157
-0.218539 -1.032461
-0.216077 -1.024856
-0.213955 -1.017331
-0.212208 -1.009875
-0.210869 -1.002472
-0.209969 -0.995109
-0.209536 -0.987769
-0.209597 -0.980435
-0.210177 -0.973091
-0.211296 -0.965717
-0.212977 -0.958294
-0.215238 -0.950802
-0.218094 -0.943220
-0.221561 -0.935528
-0.225650 -0.927704
-0.230372 -0.919725
-0.235736 -0.911570
-0.241746 -0.903216
-0.248407 -0.894640
-0.255719 -0.885820
-0.263682 -0.876732
-0.272293 -0.867355
-0.281544 -0.857664
-0.291428 -0.847639
-0.301933 -0.837257
-0.313045 -0.826497
-0.324746 -0.815337
-0.337018 -0.803758
-0.349837 -0.791739
-0.363178 -0.779263
-0.377013 -0.766311
-0.391309 -0.752867
-0.406033 -0.738915
-0.421147 -0.724440
-0.436612 -0.709430
-0.452384 -0.693874
-0.468418 -0.677760
-0.484666 -0.661082
-0.501078 -0.643832
-0.517601 -0.626005
-0.534181 -0.607599
-0.550761 -0.588612
-0.567282 -0.569046
-0.583686 -0.548904
-0.599913 -0.528190
-0.615900 -0.506913
-0.631586 -0.485081
-0.646910 -0.462706
-0.661810 -0.439802
-0.676225 -0.416385
-0.690095 -0.392473
-0.703362 -0.368085
-0.715968 -0.343245
-0.727859 -0.317976
-0.738982 -0.292304
-0.749289 -0.266257
-0.758731 -0.239864
-0.767268 -0.213156
-0.774858 -0.186166
-0.781468 -0.158928
-0.787066 -0.131475
-0.791627 -0.103845
-0.795129 -0.076074
-0.797555 -0.048199
-0.798894 -0.020257
-0.799140 0.007711
-0.798291 0.035670
-0.796351 0.063579
-0.793330 0.091401
-0.789242 0.119100
-0.784106 0.146636
-0.777947 0.173975
-0.770792 0.201081
-0.762675 0.227919
-0.753634 0.254457
-0.743710 0.280663
-0.732947 0.306507
-0.721394 0.331960
-0.709102 0.356996
-0.696125 0.381590
-0.682518 0.405718
-0.668341 0.429359
-0.653651 0.452495
-0.638509 0.475110
-0.622978 0.497187
-0.607118 0.518714
-0.590992 0.539682
-0.574660 0.560081
-0.558183 0.579906
-0.541622 0.599153
-0.525036 0.617820
-0.508480 0.635906
-0.492012 0.653414
-0.475684 0.670348
-0.459547 0.686714
-0.443652 0.702519
-0.428044 0.717773
-0.412767 0.732486
-0.397864 0.746671
-0.383371 0.760342
-0.369325 0.773513
-0.355759 0.786200
-0.342703 0.798422
-0.330182 0.810195
-0.318222 0.821541
-0.306844 0.832478
-0.296065 0.843027
-0.285901 0.853210
-0.276364 0.863047
-0.267465 0.872563
-0.259211 0.881777
-0.251606 0.890715
-0.244653 0.899398
-0.238352 0.907848
-0.232699 0.916090
-0.227690 0.924145
-0.223318 0.932035
-0.219573 0.939784
-0.216445 0.947413
-0.213919 0.954942
-0.211980 0.962394
-0.210611 0.969788
-0.209792 0.977143
-0.209501 0.984479
-0.209716 0.991814
-0.210410 0.999165
-0.211555 1.006548
-0.213123 1.013979
-0.215081 1.021471
-0.217395 1.029039
-0.220029 1.036693
-0.222943 1.044444
-0.226096 1.052301
-0.229444 1.060273
2.465014 -0.568807
2.424643 -0.678849
2.378023 -0.786931
2.325667 -0.892785
2.268142 -0.996164
2.206065 -1.096849
2.140089 -1.194651
2.070893 -1.289409
1.999177 -1.380993
1.925648 -1.469308
1.851016 -1.554285
1.775979 -1.635893
1.701221 -1.714128
1.627401 -1.789017
1.555151 -1.860617
1.485067 -1.929013
1.417703 -1.994314
1.353574 -2.056655
1.293148 -2.116191
1.236844 -2.173100
1.185034 -2.227575
1.138040 -2.279825
1.096137 -2.330075
1.059546 -2.378557
1.028446 -2.425516
1.002965 -2.471202
0.983186 -2.515869
0.402895 -2.352550
-1.876435 -1.458712
1.018105 -2.557559
-1.655437 -1.538507
-0.376045 -1.989005
-0.635998 -1.875782
-0.638014 -1.853477
-0.636869 -1.831158
-0.633028 -1.808928
-0.626921 -1.786872
-0.618943 -1.765065
-0.609455 -1.743564
-0.598789 -1.722417
-0.587247 -1.701659
-0.575107 -1.681316
-0.562619 -1.661405
-0.550013 -1.641934
-0.537498 -1.622904
-0.525265 -1.604306
-0.513486 -1.586130
-0.502317 -1.568355
-0.491902 -1.550959
-0.482369 -1.533912
-0.473836 -1.517181
-0.466408 -1.500730
-0.460180 -1.484519
-0.455237 -1.468503
-0.451656 -1.452636
-0.449504 -1.436870
-0.448839 -1.421153
-0.449714 -1.405433
-0.452170 -1.389655
-0.456243 -1.373763
-0.461959 -1.357699
-0.469339 -1.341406
-0.478394 -1.324826
-0.489127 -1.307899
-0.501533 -1.290567
-0.515601 -1.272772
-0.531308 -1.254456
-0.548624 -1.235562
-0.567510 -1.216034
-0.587919 -1.195818
-0.609793 -1.174863
-0.633065 -1.153117
-0.657660 -1.130533
-0.683492 -1.107066
-0.710467 -1.082675
-0.738481 -1.057321
-0.767420 -1.030970
-0.797164 -1.003592
-0.827583 -0.975161
-0.858539 -0.945655
-0.889887 -0.915059
-0.921475 -0.883360
-0.953146 -0.850554
-0.984738 -0.816641
-1.016084 -0.781626
-1.047016 -0.745520
-1.077362 -0.708341
-1.106952 -0.670113
-1.135615 -0.630866
-1.163183 -0.590633
-1.189491 -0.549457
-1.214379 -0.507385
-1.237694 -0.464469
-1.259291 -0.420767
-1.279031 -0.376341
-1.296790 -0.331258
-1.312452 -0.285590
-1.325916 -0.239412
-1.337092 -0.192802
-1.345907 -0.145843
-1.352302 -0.098617
-1.356234 -0.051211
-1.357679 -0.003710
-1.356624 0.043798
-1.353079 0.091225
-1.347066 0.138485
-1.338625 0.185491
-1.327814 0.232161
-1.314702 0.278411
-1.299377 0.324164
-1.281938 0.369343
-1.262499 0.413876
-1.241184 0.457696
-1.218127 0.500739
-1.193475 0.542946
-1.167378 0.584265
-1.139996 0.624648
-1.111493 0.664052
-1.082037 0.702441
-1.051797 0.739785
-1.020946 0.776060
-0.989653 0.811246
-0.958088 0.845332
-0.926419 0.878311
-0.894807 0.910182
-0.863412 0.940950
-0.832385 0.970625
-0.801873 0.999223
-0.772015 1.026764
-0.742941 1.053273
-0.714775 1.078781
-0.687631 1.103320
-0.661614 1.126928
-0.636820 1.149647
-0.613336 1.171521
-0.591239 1.192597
-0.570598 1.212924
-0.551470 1.232556
-0.533906 1.251546
-0.517946 1.269948
-0.503621 1.287821
-0.490954 1.305221
-0.479959 1.322207
-0.470642 1.338838
-0.463001 1.355172
-0.457026 1.371267
-0.452699 1.387183
-0.449992 1.402975
-0.448873 1.418701
-0.449301 1.434414
-0.451224 1.450169
-0.454586 1.466017
-0.459321 1.482006
-0.465354 1.498184
-0.472601 1.514595
-0.480969 1.531280
-0.490353 1.548275
-0.500639 1.565615
-0.511698 1.583329
-0.523392 1.601441
-0.535566 1.619972
-0.548048 1.638934
-0.560653 1.658337
-0.573174 1.678179
-0.585385 1.698455
-0.597038 1.719150
-0.607860 1.740238
-0.617553 1.761687
-0.625790 1.783450
-0.632214 1.805471
-0.636436 1.827679
-0.638031 1.849991
-0.636541 1.872305
-0.631469 1.894507
-0.622277 1.916460
-0.608392 1.938011
-0.589199 1.958986
-0.564046 1.979186
1.819241 2.848292
0.141032 2.131601
1.205473 2.526825
1.263520 2.455409
0.991659 2.301209
1.131260 2.288021
1.177475 2.236093
1.228554 2.181975
1.284182 2.125455
1.343994 2.066336
1.407579 2.004439
1.474476 1.939604
1.544178 1.871694
1.616135 1.800595
1.689758 1.726217
1.764421 1.648501
1.839468 1.567413
1.914219 1.482953
