-0.479755 0.016797
-0.479648 0.020155
-0.479520 0.023512
-0.479374 0.026868
-0.479208 0.030223
-0.479022 0.033577
-0.478817 0.036930
-0.478592 0.040281
-0.478348 0.043630
-0.478085 0.046977
-0.477802 0.050323
-0.477501 0.053667
-0.477179 0.057008
-0.476839 0.060347
-0.476480 0.063684
-0.476101 0.067018
-0.475703 0.070349
-0.475287 0.073678
-0.474851 0.077003
-0.474397 0.080325
-0.473923 0.083645
-0.473431 0.086960
-0.472921 0.090273
-0.472391 0.093581
-0.471843 0.096886
-0.471277 0.100187
-0.470692 0.103484
-0.470089 0.106777
-0.469468 0.110065
-0.468828 0.113349
-0.468170 0.116629
-0.467495 0.119903
-0.466801 0.123173
-0.466090 0.126439
-0.465361 0.129699
-0.464615 0.132954
-0.463850 0.136203
-0.463069 0.139447
-0.462270 0.142686
-0.461454 0.145919
-0.460621 0.149146
-0.459771 0.152368
-0.458904 0.155583
-0.458020 0.158792
-0.457120 0.161995
-0.456203 0.165192
-0.455270 0.168382
-0.454321 0.171566
-0.453355 0.174743
-0.452373 0.177913
-0.451376 0.181076
-0.450362 0.184232
-0.449333 0.187381
-0.448289 0.190523
-0.447229 0.193657
-0.446154 0.196784
-0.445064 0.199903
-0.443959 0.203015
-0.442839 0.206118
-0.441705 0.209214
-0.440555 0.212302
-0.439392 0.215382
-0.438214 0.218454
-0.437023 0.221517
-0.435817 0.224572
-0.434598 0.227618
-0.433365 0.230656
-0.432118 0.233686
-0.430859 0.236706
-0.429586 0.239718
-0.428300 0.242720
-0.427001 0.245714
-0.425690 0.248698
-0.424366 0.251673
-0.423030 0.254639
-0.421682 0.257596
-0.420322 0.260543
-0.418950 0.263480
-0.417566 0.266408
-0.416171 0.269326
-0.414764 0.272234
-0.413347 0.275133
-0.411918 0.278021
-0.410479 0.280900
-0.409029 0.283768
-0.407568 0.286626
-0.406097 0.289474
-0.404617 0.292311
-0.403126 0.295138
-0.401625 0.297955
-0.400115 0.300761
-0.398596 0.303557
-0.397068 0.306342
-0.395530 0.309116
-0.393984 0.311879
-0.392428 0.314631
-0.390865 0.317373
-0.389293 0.320103
-0.387713 0.322823
-0.386125 0.325531
-0.384530 0.328229
-0.382927 0.330915
-0.381316 0.333590
-0.379698 0.336253
-0.378074 0.338905
-0.376442 0.341546
-0.374804 0.344176
-0.373160 0.346793
-0.371509 0.349400
-0.369852 0.351995
-0.368189 0.354578
-0.366521 0.357149
-0.364847 0.359709
-0.363167 0.362257
-0.361483 0.364793
-0.359793 0.367318
-0.358099 0.369830
-0.356400 0.372331
-0.354697 0.374820
-0.352989 0.377297
-0.351278 0.379762
-0.349562 0.382215
-0.347843 0.384656
-0.346121 0.387085
-0.344395 0.389501
-0.342666 0.391906
-0.340934 0.394299
-0.339199 0.396679
-0.337461 0.399047
-0.335722 0.401404
-0.333980 0.403748
-0.332235 0.406079
-0.330489 0.408399
-0.328742 0.410706
-0.326993 0.413001
-0.325242 0.415284
-0.323490 0.417555
-0.321737 0.419813
-0.319984 0.422059
-0.318230 0.424293
-0.316475 0.426514
-0.314720 0.428723
-0.312964 0.430920
-0.311209 0.433105
-0.309454 0.435277
-0.307700 0.437437
-0.305945 0.439585
-0.304192 0.441720
-0.302439 0.443844
-0.300688 0.445955
-0.298937 0.448053
-0.297188 0.450140
-0.295441 0.452214
-0.293695 0.454276
-0.291951 0.456326
-0.290209 0.458363
-0.288469 0.460389
-0.286731 0.462402
-0.284996 0.464403
-0.283263 0.466392
-0.281533 0.468369
-0.279806 0.470333
-0.278082 0.472286
-0.276361 0.474226
-0.274644 0.476155
-0.272930 0.478071
-0.271220 0.479976
-0.269513 0.481868
-0.267810 0.483749
-0.266112 0.485618
-0.264417 0.487475
-0.262727 0.489320
-0.261041 0.491153
-0.259360 0.492974
-0.257684 0.494784
-0.256013 0.496582
-0.254346 0.498368
-0.252685 0.500143
-0.251029 0.501906
-0.249378 0.503657
-0.247733 0.505397
-0.246093 0.507125
-0.244460 0.508842
-0.242832 0.510548
-0.241210 0.512242
-0.239594 0.513925
-0.237984 0.515596
-0.236381 0.517257
-0.234784 0.518906
-0.233194 0.520544
-0.231610 0.522170
-0.230033 0.523786
-0.228463 0.525391
-0.226901 0.526985
-0.225345 0.528568
-0.223796 0.530139
-0.222255 0.531701
-0.220721 0.533251
-0.219195 0.534791
-0.217676 0.536320
-0.216165 0.537838
-0.214662 0.539346
-0.213166 0.540844
-0.211679 0.542330
-0.210200 0.543807
-0.208728 0.545273
-0.207265 0.546729
-0.205811 0.548175
-0.204365 0.549611
-0.202927 0.551036
-0.201498 0.552452
-0.200078 0.553857
-0.198666 0.555253
-0.197263 0.556639
-0.195869 0.558014
-0.194484 0.559381
-0.193108 0.560737
-0.191741 0.562084
-0.190384 0.563422
-0.189035 0.564750
-0.187696 0.566068
-0.186366 0.567377
-0.185046 0.568677
-0.183735 0.569968
-0.182434 0.571250
-0.181142 0.572522
-0.179860 0.573786
-0.178588 0.575040
-0.177325 0.576286
-0.176072 0.577523
-0.174830 0.578751
-0.173597 0.579970
-0.172374 0.581181
-0.171161 0.582384
-0.169958 0.583578
-0.168766 0.584763
-0.167583 0.585940
-0.166411 0.587109
-0.165249 0.588270
-0.164097 0.589423
-0.162955 0.590567
-0.161824 0.591704
-0.160704 0.592833
-0.159593 0.593954
-0.158494 0.595067
-0.157404 0.596173
-0.156325 0.597271
-0.155257 0.598362
-0.154199 0.599445
-0.153152 0.600520
-0.152116 0.601589
-0.151090 0.602650
-0.150075 0.603704
-0.149070 0.604751
-0.148076 0.605791
-0.147093 0.606824
-0.146121 0.607850
-0.145159 0.608870
-0.144208 0.609883
-0.143268 0.610889
-0.142339 0.611888
-0.141420 0.612882
-0.140512 0.613868
-0.139615 0.614849
-0.138729 0.615823
-0.137854 0.616791
-0.136989 0.617753
-0.136136 0.618709
-0.135293 0.619659
-0.134461 0.620603
-0.133639 0.621541
-0.132829 0.622474
-0.132029 0.623401
-0.131240 0.624322
-0.130462 0.625238
-0.129695 0.626149
-0.128939 0.627054
-0.128193 0.627954
-0.127458 0.628849
-0.126734 0.629739
-0.126021 0.630623
-0.125318 0.631503
-0.124626 0.632378
-0.123945 0.633248
-0.123274 0.634113
-0.122614 0.634974
-0.121965 0.635830
-0.121327 0.636681
-0.120698 0.637528
-0.120081 0.638371
-0.119474 0.639209
-0.118878 0.640044
-0.118292 0.640874
-0.117716 0.641700
-0.117151 0.642522
-0.116597 0.643340
-0.116053 0.644154
-0.115519 0.644965
-0.114996 0.645771
-0.114482 0.646575
-0.113980 0.647374
-0.113487 0.648170
-0.113005 0.648963
-0.112532 0.649752
-0.112070 0.650538
-0.111618 0.651321
-0.111176 0.652101
-0.110744 0.652878
-0.110322 0.653652
-0.109910 0.654422
-0.109507 0.655190
-0.109115 0.655956
-0.108732 0.656718
-0.108359 0.657478
-0.107996 0.658235
-0.107643 0.658990
-0.107299 0.659742
-0.106964 0.660492
-0.106639 0.661240
-0.106324 0.661985
-0.106018 0.662728
-0.105721 0.663469
-0.105434 0.664208
-0.105156 0.664945
-0.104887 0.665680
-0.104627 0.666414
-0.104376 0.667145
-0.104135 0.667875
-0.103902 0.668603
-0.103678 0.669330
-0.103463 0.670055
-0.103257 0.670778
-0.103059 0.671500
-0.102870 0.672221
-0.102690 0.672940
-0.102518 0.673659
-0.102355 0.674376
-0.102200 0.675092
-0.102053 0.675807
-0.101915 0.676520
-0.101785 0.677233
-0.101663 0.677945
-0.101549 0.678657
-0.101443 0.679367
-0.101345 0.680077
-0.101255 0.680786
-0.101172 0.681495
-0.101097 0.682202
-0.101030 0.682910
-0.100971 0.683617
-0.100918 0.684324
-0.100874 0.685030
-0.100836 0.685736
-0.100806 0.686441
-0.100783 0.687147
-0.100767 0.687852
-0.100758 0.688558
-0.100756 0.689263
-0.100760 0.689968
-0.100772 0.690674
-0.100790 0.691379
-0.100815 0.692085
-0.100846 0.692791
-0.100883 0.693497
-0.100927 0.694203
-0.100977 0.694910
-0.101033 0.695617
-0.101096 0.696324
-0.101164 0.697032
-0.101238 0.697740
-0.101317 0.698449
-0.101403 0.699159
-0.101494 0.699869
-0.101590 0.700580
-0.101692 0.701291
-0.101799 0.702004
-0.101912 0.702717
-0.102029 0.703430
-0.102151 0.704145
-0.102279 0.704860
-0.102411 0.705577
-0.102547 0.706294
-0.102689 0.707013
-0.102834 0.707732
-0.102985 0.708452
-0.103139 0.709174
-0.103297 0.709896
-0.103460 0.710620
-0.103626 0.711345
-0.103797 0.712071
-0.103971 0.712798
-0.104148 0.713526
-0.104330 0.714256
-0.104514 0.714987
-0.104702 0.715719
-0.104893 0.716453
-0.105086 0.717188
-0.105283 0.717924
-0.105483 0.718662
-0.105685 0.719401
-0.105890 0.720141
-0.106097 0.720883
-0.106307 0.721627
-0.106518 0.722371
-0.106732 0.723118
-0.106948 0.723866
-0.107165 0.724615
-0.107384 0.725366
-0.107605 0.726118
-0.107827 0.726872
-0.108050 0.727628
-0.108275 0.728385
-0.108500 0.729144
-0.108727 0.729904
-0.108954 0.730666
-0.109181 0.731430
-0.109409 0.732195
-0.109638 0.732961
-0.109867 0.733730
-0.110095 0.734499
-0.110324 0.735271
-0.110552 0.736044
-0.110780 0.736819
-0.111007 0.737595
-0.111234 0.738373
-0.111460 0.739152
-0.111685 0.739933
-0.111909 0.740716
-0.112131 0.741500
-0.112352 0.742286
-0.112571 0.743073
-0.112789 0.743862
-0.113005 0.744652
-0.113218 0.745444
-0.113429 0.746237
-0.113638 0.747032
-0.113845 0.747828
-0.114048 0.748625
-0.114249 0.749424
-0.114447 0.750225
-0.114641 0.751027
-0.114832 0.751830
-0.115019 0.752634
-0.115203 0.753440
-0.115383 0.754247
0.144859 0.998332
0.104597 0.954538
0.043881 0.903073
0.193722 1.037662
0.092313 0.943755
0.115786 0.964530
0.115636 0.963489
0.115492 0.962449
0.115356 0.961410
0.115228 0.960372
0.115107 0.959336
0.114993 0.958300
0.114888 0.957266
0.114791 0.956232
0.114701 0.955200
0.114621 0.954168
0.114549 0.953136
0.114485 0.952106
0.114431 0.951076
0.114386 0.950046
0.114350 0.949017
0.114323 0.947988
0.114306 0.946959
0.114298 0.945930
0.114300 0.944902
0.114313 0.943873
0.114335 0.942844
0.114368 0.941815
0.114411 0.940785
0.114465 0.939755
0.114529 0.938725
0.114604 0.937694
0.114690 0.936662
0.114788 0.935629
0.114896 0.934596
0.115016 0.933561
0.115148 0.932525
0.115291 0.931488
0.115446 0.930450
0.115613 0.929410
0.115792 0.928369
0.115983 0.927326
0.116186 0.926281
0.116402 0.925235
0.116631 0.924186
0.116872 0.923135
0.117125 0.922082
0.117392 0.921027
0.117672 0.919969
0.117964 0.918909
0.118270 0.917846
0.118590 0.916780
0.118923 0.915711
0.119269 0.914639
0.119629 0.913564
0.120003 0.912486
0.120390 0.911404
0.120792 0.910319
0.121208 0.909230
0.121638 0.908137
0.122082 0.907040
0.122540 0.905940
0.123013 0.904835
0.123500 0.903725
0.124002 0.902612
0.124519 0.901493
0.125051 0.900370
0.125597 0.899242
0.126158 0.898109
0.126735 0.896971
0.127326 0.895828
0.127933 0.894679
0.128555 0.893525
0.129192 0.892365
0.129845 0.891200
0.130513 0.890028
0.131197 0.888850
0.131896 0.887667
0.132611 0.886476
0.133342 0.885280
0.134089 0.884076
0.134851 0.882866
0.135629 0.881649
0.136424 0.880425
0.137234 0.879193
0.138061 0.877954
0.138903 0.876708
0.139762 0.875454
0.140637 0.874192
0.141528 0.872922
0.142436 0.871645
0.143359 0.870359
0.144300 0.869064
0.145256 0.867761
0.146230 0.866449
0.147219 0.865129
0.148225 0.863799
0.149248 0.862461
0.150287 0.861113
0.151343 0.859756
0.152415 0.858389
0.153504 0.857012
0.154610 0.855626
0.155732 0.854229
0.156871 0.852822
0.158026 0.851405
0.159199 0.849978
0.160388 0.848540
0.161593 0.847091
0.162815 0.845631
0.164054 0.844160
0.165310 0.842678
0.166582 0.841184
0.167871 0.839679
0.169177 0.838163
0.170499 0.836634
0.171838 0.835094
0.173193 0.833541
0.174565 0.831976
0.175954 0.830399
0.177359 0.828809
0.178780 0.827206
0.180218 0.825591
0.181672 0.823962
0.183143 0.822321
0.184630 0.820666
0.186133 0.818997
0.187653 0.817315
0.189189 0.815619
0.190741 0.813910
0.192309 0.812186
0.193893 0.810448
0.195493 0.808696
0.197109 0.806929
0.198740 0.805148
0.200388 0.803352
0.202051 0.801541
0.203730 0.799715
0.205425 0.797874
0.207135 0.796017
0.208860 0.794145
0.210601 0.792258
0.212357 0.790354
0.214128 0.788435
0.215914 0.786500
0.217715 0.784549
0.219531 0.782581
0.221361 0.780597
0.223207 0.778597
0.225066 0.776579
0.226941 0.774545
0.228829 0.772494
0.230732 0.770426
0.232649 0.768341
0.234580 0.766239
0.236524 0.764119
0.238483 0.761981
0.240454 0.759826
0.242440 0.757653
0.244438 0.755462
0.246450 0.753253
0.248475 0.751026
0.250512 0.748780
0.252563 0.746517
0.254626 0.744234
0.256701 0.741933
0.258789 0.739614
0.260888 0.737275
0.263000 0.734918
0.265123 0.732541
0.267258 0.730145
0.269404 0.727730
0.271562 0.725296
0.273730 0.722842
0.275910 0.720369
0.278100 0.717876
0.280300 0.715363
0.282511 0.712830
0.284732 0.710278
0.286963 0.707705
0.289204 0.705112
0.291454 0.702500
0.293713 0.699866
0.295982 0.697213
0.298259 0.694539
0.300545 0.691844
0.302840 0.689129
0.305142 0.686393
0.307453 0.683636
0.309771 0.680859
0.312097 0.678060
0.314431 0.675241
0.316771 0.672400
0.319118 0.669539
0.321472 0.666656
0.323832 0.663752
0.326199 0.660827
0.328571 0.657881
0.330948 0.654913
0.333332 0.651924
0.335720 0.648913
0.338113 0.645881
0.340510 0.642827
0.342912 0.639752
0.345318 0.636655
0.347728 0.633536
0.350141 0.630395
0.352558 0.627233
0.354977 0.624049
0.357399 0.620844
0.359824 0.617616
0.362250 0.614367
0.364679 0.611096
0.367109 0.607803
0.369540 0.604488
0.371973 0.601151
0.374406 0.597792
0.376839 0.594412
0.379272 0.591009
0.381706 0.587585
0.384138 0.584138
0.386570 0.580670
0.389001 0.577180
0.391430 0.573668
0.393858 0.570134
0.396284 0.566579
0.398707 0.563001
0.401128 0.559402
0.403545 0.555781
0.405960 0.552138
0.408371 0.548474
0.410777 0.544788
0.413180 0.541080
0.415578 0.537350
0.417972 0.533599
0.420360 0.529827
0.422742 0.526033
0.425119 0.522218
0.427490 0.518381
0.429854 0.514523
0.432211 0.510643
0.434562 0.506743
0.436904 0.502821
0.439239 0.498879
0.441566 0.494915
0.443885 0.490931
0.446195 0.486925
0.448495 0.482899
0.450787 0.478852
0.453068 0.474785
0.455340 0.470697
0.457601 0.466589
0.459851 0.462460
0.462091 0.458312
0.464319 0.454143
0.466535 0.449954
0.468739 0.445745
0.470931 0.441517
0.473110 0.437268
0.475277 0.433001
0.477430 0.428713
0.479569 0.424407
0.481694 0.420081
0.483806 0.415737
0.485902 0.411373
0.487984 0.406990
0.490050 0.402589
0.492101 0.398169
0.494136 0.393731
0.496154 0.389275
0.498157 0.384801
0.500142 0.380308
0.502111 0.375798
0.504061 0.371270
0.505995 0.366725
0.507910 0.362163
0.509807 0.357583
0.511685 0.352986
0.513544 0.348373
0.515384 0.343742
0.517205 0.339096
0.519006 0.334433
0.520786 0.329754
0.522547 0.325059
0.524286 0.320348
0.526005 0.315621
0.527703 0.310880
0.529379 0.306123
0.531033 0.301351
0.532665 0.296564
0.534275 0.291763
0.535862 0.286948
0.537427 0.282118
0.538968 0.277274
0.540486 0.272416
0.541981 0.267545
0.543451 0.262661
0.544898 0.257763
0.546320 0.252853
0.547718 0.247929
0.549091 0.242994
0.550438 0.238046
0.551761 0.233086
0.553058 0.228114
0.554330 0.223131
0.555575 0.218136
0.556794 0.213131
0.557988 0.208114
0.559154 0.203087
0.560294 0.198050
0.561407 0.193002
0.562493 0.187944
0.563551 0.182877
0.564582 0.177800
0.565586 0.172715
0.566562 0.167620
0.567509 0.162517
0.568429 0.157405
0.569320 0.152285
0.570183 0.147157
0.571017 0.142022
0.571822 0.136879
0.572599 0.131729
0.573346 0.126572
0.574064 0.121409
0.574753 0.116239
0.575413 0.111063
0.576043 0.105882
0.576644 0.100695
0.577215 0.095502
0.577755 0.090305
0.578267 0.085103
0.578748 0.079896
0.579199 0.074686
0.579619 0.069471
0.580010 0.064252
0.580370 0.059031
0.580700 0.053806
0.580999 0.048578
0.581268 0.043348
0.581507 0.038116
0.581715 0.032881
0.581892 0.027645
0.582038 0.022407
0.582154 0.017168
0.582240 0.011928
0.582294 0.006688
0.582318 0.001447
0.582311 -0.003794
0.582273 -0.009034
0.582205 -0.014275
0.582106 -0.019514
0.581977 -0.024752
0.581816 -0.029989
0.581625 -0.035225
0.581404 -0.040459
0.581152 -0.045690
0.580869 -0.050919
0.580556 -0.056146
0.580213 -0.061369
0.579839 -0.066589
0.579435 -0.071806
0.579000 -0.077019
0.578536 -0.082228
0.578041 -0.087433
0.577517 -0.092633
0.576963 -0.097828
0.576379 -0.103018
0.575765 -0.108203
0.575121 -0.113382
0.574449 -0.118555
0.573746 -0.123722
0.573015 -0.128882
0.572255 -0.134036
0.571465 -0.139183
0.570647 -0.144322
0.569800 -0.149454
0.568924 -0.154578
0.568020 -0.159695
0.567088 -0.164803
0.566128 -0.169902
0.565140 -0.174993
0.564124 -0.180075
0.563081 -0.185147
0.562010 -0.190210
0.560912 -0.195263
0.559787 -0.200306
0.558635 -0.205339
0.557457 -0.210362
0.556252 -0.215373
0.555021 -0.220374
0.553763 -0.225364
0.552480 -0.230342
0.551172 -0.235308
0.549838 -0.240263
0.548479 -0.245205
0.547095 -0.250135
0.545686 -0.255053
0.544253 -0.259958
0.542796 -0.264849
0.541314 -0.269728
0.539809 -0.274593
0.538281 -0.279444
0.536729 -0.284282
0.535154 -0.289105
0.533557 -0.293915
0.531937 -0.298709
0.530295 -0.303489
0.528631 -0.308255
0.526945 -0.313005
0.525238 -0.317740
0.523510 -0.322459
0.521761 -0.327163
0.519992 -0.331851
0.518202 -0.336523
0.516392 -0.341178
0.514563 -0.345818
0.512714 -0.350440
0.510846 -0.355046
0.508960 -0.359635
0.507055 -0.364208
0.505131 -0.368762
0.503190 -0.373300
0.501231 -0.377820
0.499255 -0.382322
0.497262 -0.386806
0.495253 -0.391273
0.493227 -0.395721
0.491184 -0.400151
0.489127 -0.404562
0.487053 -0.408955
0.484965 -0.413329
0.482862 -0.417684
0.480745 -0.422020
0.478613 -0.426338
0.476467 -0.430635
0.474308 -0.434914
0.472136 -0.439173
0.469951 -0.443412
0.467754 -0.447632
0.465544 -0.451832
0.463322 -0.456012
0.461089 -0.460172
0.458845 -0.464311
0.456590 -0.468431
0.454324 -0.472530
0.452048 -0.476609
0.449762 -0.480667
0.447466 -0.484704
0.445162 -0.488721
0.442848 -0.492717
0.440526 -0.496692
0.438195 -0.500647
0.435856 -0.504580
0.433510 -0.508492
0.431157 -0.512383
0.428796 -0.516253
0.426429 -0.520101
0.424056 -0.523929
0.421676 -0.527734
0.419291 -0.531519
0.416901 -0.535282
0.414505 -0.539023
0.412105 -0.542743
0.409700 -0.546441
0.407292 -0.550117
0.404879 -0.553772
0.402463 -0.557405
0.400044 -0.561016
0.397622 -0.564606
0.395198 -0.568174
0.392771 -0.571719
0.390343 -0.575243
0.387913 -0.578746
0.385481 -0.582226
0.383049 -0.585684
0.380616 -0.589121
0.378183 -0.592535
0.375749 -0.595928
0.373316 -0.599299
0.370883 -0.602648
0.368452 -0.605975
0.366021 -0.609280
0.363591 -0.612563
0.361164 -0.615824
0.358738 -0.619064
0.356314 -0.622282
0.353893 -0.625478
0.351475 -0.628652
0.349060 -0.631804
0.346649 -0.634935
0.344240 -0.638044
0.341836 -0.641131
0.339436 -0.644197
0.337041 -0.647241
0.334650 -0.650264
0.332264 -0.653265
0.329883 -0.656245
0.327508 -0.659203
0.325138 -0.662140
0.322775 -0.665055
0.320417 -0.667950
0.318067 -0.670823
0.315722 -0.673675
0.313385 -0.676506
0.311055 -0.679316
0.308732 -0.682105
0.306417 -0.684873
0.304110 -0.687620
0.301811 -0.690347
0.299521 -0.693053
0.297238 -0.695738
0.294965 -0.698403
0.292701 -0.701048
0.290445 -0.703672
0.288199 -0.706276
0.285963 -0.708860
0.283737 -0.711423
0.281520 -0.713967
0.279314 -0.716491
0.277118 -0.718995
0.274932 -0.721479
0.272758 -0.723943
0.270594 -0.726388
0.268442 -0.728814
0.266301 -0.731220
0.264171 -0.733608
0.262053 -0.735976
0.259947 -0.738325
0.257852 -0.740655
0.255770 -0.742966
0.253700 -0.745259
0.251643 -0.747533
0.249599 -0.749788
0.247567 -0.752025
0.245548 -0.754244
0.243542 -0.756445
0.241549 -0.758628
0.239570 -0.760793
0.237604 -0.762940
0.235652 -0.765070
0.233713 -0.767182
0.231789 -0.769277
0.229878 -0.771354
0.227982 -0.773415
0.226100 -0.775458
0.224232 -0.777485
0.222379 -0.779494
0.220540 -0.781488
0.218716 -0.783464
0.216907 -0.785424
0.215112 -0.787369
0.213333 -0.789297
0.211569 -0.791209
0.209819 -0.793105
0.208086 -0.794985
0.206367 -0.796850
0.204664 -0.798700
0.202977 -0.800534
0.201305 -0.802354
0.199648 -0.804158
0.198008 -0.805947
0.196383 -0.807722
0.194774 -0.809482
0.193182 -0.811228
0.191605 -0.812960
0.190044 -0.814677
0.188499 -0.816380
0.186971 -0.818070
0.185458 -0.819746
0.183962 -0.821408
0.182483 -0.823057
0.181019 -0.824693
0.179572 -0.826316
0.178142 -0.827925
0.176727 -0.829522
0.175330 -0.831107
0.173949 -0.832678
0.172584 -0.834238
0.171236 -0.835785
0.169905 -0.837320
0.168590 -0.838843
0.167292 -0.840355
0.166011 -0.841855
0.164746 -0.843343
0.163498 -0.844820
0.162266 -0.846286
0.161051 -0.847741
0.159853 -0.849185
0.158672 -0.850618
0.157507 -0.852041
0.156359 -0.853453
0.155227 -0.854856
0.154113 -0.856248
0.153014 -0.857630
0.151933 -0.859002
0.150868 -0.860365
0.149820 -0.861718
0.148788 -0.863061
0.147773 -0.864396
0.146774 -0.865721
0.145792 -0.867038
0.144826 -0.868346
0.143877 -0.869645
0.142944 -0.870935
0.142027 -0.872218
0.141127 -0.873492
0.140243 -0.874758
0.139375 -0.876016
0.138524 -0.877267
0.137688 -0.878510
0.136869 -0.879745
0.136066 -0.880974
0.135279 -0.882195
0.134508 -0.883409
0.133752 -0.884616
0.133013 -0.885816
0.132289 -0.887010
0.131581 -0.888197
0.130889 -0.889379
0.130212 -0.890553
0.129551 -0.891722
0.128905 -0.892885
0.128274 -0.894043
0.127659 -0.895194
0.127059 -0.896341
0.126475 -0.897482
0.125905 -0.898617
0.125350 -0.899748
0.124811 -0.900874
0.124286 -0.901995
0.123776 -0.903111
0.123280 -0.904223
0.122799 -0.905330
0.122333 -0.906433
0.121881 -0.907532
0.121443 -0.908627
0.121020 -0.909718
0.120610 -0.910805
0.120215 -0.911889
0.119834 -0.912969
0.119466 -0.914046
0.119112 -0.915120
0.118772 -0.916190
0.118445 -0.917258
0.118132 -0.918322
0.117832 -0.919384
0.117545 -0.920443
0.117271 -0.921500
0.117010 -0.922554
0.116762 -0.923606
0.116527 -0.924656
0.116304 -0.925704
0.116094 -0.926749
0.115896 -0.927793
0.115710 -0.928835
0.115537 -0.929876
0.115375 -0.930915
0.115225 -0.931953
0.115087 -0.932989
0.114961 -0.934024
0.114846 -0.935059
0.114743 -0.936092
0.114650 -0.937124
0.114569 -0.938155
0.114499 -0.939186
0.114439 -0.940216
0.114390 -0.941246
0.114352 -0.942276
0.114324 -0.943305
0.114306 -0.944333
0.114298 -0.945362
0.114300 -0.946391
0.114312 -0.947420
0.114334 -0.948448
0.114365 -0.949478
0.114405 -0.950507
0.114454 -0.951537
0.114513 -0.952567
0.114580 -0.953598
0.114656 -0.954630
0.114740 -0.955662
0.114833 -0.956695
0.114934 -0.957729
0.115043 -0.958764
0.115160 -0.959800
0.115284 -0.960837
0.115416 -0.961875
0.115556 -0.962914
0.115702 -0.963955
0.115855 -0.964997
0.116016 -0.966040
0.116182 -0.967085
0.116356 -0.968132
0.116535 -0.969180
0.116721 -0.970229
-0.389373 -0.501203
0.189234 -1.033121
-0.288381 -0.593671
-0.079310 -0.783275
-0.112460 -0.752788
-0.114359 -0.749869
-0.114160 -0.749069
-0.113958 -0.748271
-0.113753 -0.747474
-0.113546 -0.746678
-0.113336 -0.745884
-0.113124 -0.745092
-0.112909 -0.744300
-0.112692 -0.743511
-0.112474 -0.742723
-0.112254 -0.741936
-0.112032 -0.741151
-0.111809 -0.740368
-0.111585 -0.739586
-0.111360 -0.738806
-0.111134 -0.738027
-0.110907 -0.737250
-0.110679 -0.736474
-0.110451 -0.735700
-0.110222 -0.734928
-0.109994 -0.734157
-0.109765 -0.733388
-0.109536 -0.732620
-0.109308 -0.731854
-0.109080 -0.731090
-0.108853 -0.730327
-0.108626 -0.729566
-0.108400 -0.728807
-0.108175 -0.728049
-0.107951 -0.727292
-0.107728 -0.726537
-0.107507 -0.725784
-0.107287 -0.725032
-0.107068 -0.724282
-0.106852 -0.723533
-0.106637 -0.722786
-0.106424 -0.722040
-0.106213 -0.721296
-0.106005 -0.720553
-0.105799 -0.719812
-0.105595 -0.719072
-0.105394 -0.718334
-0.105196 -0.717597
-0.105000 -0.716861
-0.104808 -0.716127
-0.104618 -0.715394
-0.104432 -0.714662
-0.104249 -0.713931
-0.104069 -0.713202
-0.103893 -0.712475
-0.103721 -0.711748
-0.103552 -0.711022
-0.103387 -0.710298
-0.103227 -0.709575
-0.103070 -0.708853
-0.102918 -0.708132
-0.102769 -0.707412
-0.102626 -0.706693
-0.102486 -0.705975
-0.102352 -0.705258
-0.102222 -0.704542
-0.102097 -0.703827
-0.101977 -0.703113
-0.101861 -0.702400
-0.101751 -0.701687
-0.101647 -0.700975
-0.101547 -0.700264
-0.101453 -0.699553
-0.101365 -0.698844
-0.101282 -0.698134
-0.101205 -0.697426
-0.101133 -0.696717
-0.101068 -0.696010
-0.101008 -0.695302
-0.100955 -0.694596
-0.100907 -0.693889
-0.100866 -0.693183
-0.100832 -0.692477
-0.100804 -0.691771
-0.100782 -0.691066
-0.100767 -0.690360
-0.100758 -0.689655
-0.100757 -0.688950
-0.100762 -0.688244
-0.100774 -0.687539
-0.100793 -0.686833
-0.100820 -0.686128
-0.100853 -0.685422
-0.100894 -0.684716
-0.100942 -0.684009
-0.100997 -0.683303
-0.101060 -0.682595
-0.101131 -0.681888
-0.101209 -0.681180
-0.101295 -0.680471
-0.101389 -0.679761
-0.101490 -0.679051
-0.101600 -0.678341
-0.101717 -0.677629
-0.101843 -0.676916
-0.101977 -0.676203
-0.102119 -0.675489
-0.102269 -0.674773
-0.102428 -0.674057
-0.102595 -0.673339
-0.102771 -0.672621
-0.102955 -0.671901
-0.103147 -0.671179
-0.103349 -0.670457
-0.103559 -0.669732
-0.103778 -0.669007
-0.104006 -0.668279
-0.104243 -0.667551
-0.104488 -0.666820
-0.104743 -0.666088
-0.105007 -0.665354
-0.105280 -0.664618
-0.105563 -0.663880
-0.105854 -0.663140
-0.106155 -0.662398
-0.106465 -0.661653
-0.106785 -0.660907
-0.107114 -0.660158
-0.107453 -0.659408
-0.107801 -0.658654
-0.108159 -0.657898
-0.108526 -0.657140
-0.108904 -0.656379
-0.109291 -0.655615
-0.109687 -0.654849
-0.110094 -0.654080
-0.110511 -0.653307
-0.110937 -0.652532
-0.111374 -0.651754
-0.111820 -0.650973
-0.112277 -0.650189
-0.112744 -0.649401
-0.113221 -0.648610
-0.113708 -0.647816
-0.114205 -0.647018
-0.114712 -0.646217
-0.115230 -0.645412
-0.115758 -0.644604
-0.116297 -0.643792
-0.116845 -0.642976
-0.117405 -0.642156
-0.117974 -0.641332
-0.118554 -0.640504
-0.119145 -0.639672
-0.119746 -0.638836
-0.120358 -0.637996
-0.120980 -0.637151
-0.121613 -0.636302
-0.122256 -0.635449
-0.122910 -0.634591
-0.123575 -0.633728
-0.124250 -0.632860
-0.124936 -0.631988
-0.125633 -0.631111
-0.126340 -0.630229
-0.127059 -0.629343
-0.127788 -0.628451
-0.128527 -0.627553
-0.129278 -0.626651
-0.130039 -0.625744
-0.130811 -0.624831
-0.131594 -0.623912
-0.132388 -0.622988
-0.133192 -0.622059
-0.134007 -0.621124
-0.134834 -0.620183
-0.135670 -0.619236
-0.136518 -0.618283
-0.137377 -0.617325
-0.138246 -0.616360
-0.139126 -0.615389
-0.140017 -0.614412
-0.140919 -0.613429
-0.141832 -0.612439
-0.142755 -0.611443
-0.143689 -0.610441
-0.144634 -0.609431
-0.145590 -0.608416
-0.146557 -0.607393
-0.147534 -0.606364
-0.148522 -0.605328
-0.149520 -0.604285
-0.150530 -0.603234
-0.151550 -0.602177
-0.152581 -0.601113
-0.153622 -0.600041
-0.154674 -0.598962
-0.155736 -0.597875
-0.156809 -0.596782
-0.157893 -0.595680
-0.158987 -0.594571
-0.160091 -0.593454
-0.161206 -0.592330
-0.162332 -0.591197
-0.163467 -0.590057
-0.164614 -0.588909
-0.165770 -0.587752
-0.166937 -0.586588
-0.168113 -0.585415
-0.169301 -0.584234
-0.170498 -0.583045
-0.171705 -0.581847
-0.172922 -0.580641
-0.174150 -0.579426
-0.175387 -0.578203
-0.176634 -0.576971
-0.177892 -0.575730
-0.179158 -0.574481
-0.180435 -0.573222
-0.181722 -0.571954
-0.183018 -0.570678
-0.184323 -0.569392
-0.185638 -0.568097
-0.186963 -0.566793
-0.188297 -0.565480
-0.189640 -0.564157
-0.190993 -0.562825
-0.192355 -0.561483
-0.193726 -0.560132
-0.195106 -0.558771
-0.196495 -0.557400
-0.197893 -0.556020
-0.199300 -0.554630
-0.200715 -0.553230
-0.202140 -0.551820
-0.203573 -0.550400
-0.205014 -0.548970
-0.206464 -0.547530
-0.207922 -0.546079
-0.209389 -0.544619
-0.210864 -0.543148
-0.212347 -0.541667
-0.213838 -0.540175
-0.215337 -0.538673
-0.216843 -0.537160
-0.218358 -0.535637
-0.219880 -0.534103
-0.221410 -0.532559
-0.222947 -0.531003
-0.224492 -0.529437
-0.226044 -0.527860
-0.227603 -0.526273
-0.229169 -0.524674
-0.230742 -0.523064
-0.232322 -0.521444
-0.233908 -0.519812
-0.235501 -0.518169
-0.237101 -0.516515
-0.238707 -0.514849
-0.240320 -0.513173
-0.241938 -0.511485
-0.243563 -0.509786
-0.245194 -0.508075
-0.246830 -0.506353
-0.248472 -0.504619
-0.250120 -0.502874
-0.251773 -0.501118
-0.253431 -0.499350
-0.255095 -0.497570
-0.256764 -0.495778
-0.258438 -0.493975
-0.260116 -0.492160
-0.261799 -0.490333
-0.263487 -0.488495
-0.265179 -0.486645
-0.266875 -0.484782
-0.268576 -0.482908
-0.270280 -0.481022
-0.271988 -0.479124
-0.273700 -0.477214
-0.275416 -0.475293
-0.277135 -0.473359
-0.278857 -0.471413
-0.280583 -0.469455
-0.282311 -0.467484
-0.284042 -0.465502
-0.285776 -0.463508
-0.287512 -0.461501
-0.289251 -0.459483
-0.290992 -0.457452
-0.292735 -0.455409
-0.294480 -0.453354
-0.296227 -0.451286
-0.297975 -0.449206
-0.299725 -0.447114
-0.301476 -0.445010
-0.303228 -0.442894
-0.304981 -0.440765
-0.306735 -0.438624
-0.308489 -0.436471
-0.310244 -0.434305
-0.311999 -0.432127
-0.313754 -0.429937
-0.315509 -0.427735
-0.317264 -0.425520
-0.319019 -0.423293
-0.320773 -0.421054
-0.322526 -0.418802
-0.324279 -0.416538
-0.326030 -0.414262
-0.327780 -0.411974
-0.329528 -0.409673
-0.331275 -0.407361
-0.333021 -0.405036
-0.334764 -0.402698
-0.336505 -0.400349
-0.338244 -0.397987
-0.339980 -0.395613
-0.341714 -0.393228
-0.343444 -0.390829
-0.345172 -0.388419
-0.346896 -0.385997
-0.348617 -0.383563
-0.350335 -0.381116
-0.352049 -0.378658
-0.353758 -0.376188
-0.355464 -0.373705
-0.357165 -0.371211
-0.358862 -0.368705
-0.360554 -0.366187
-0.362242 -0.363657
-0.363924 -0.361116
-0.365601 -0.358563
-0.367272 -0.355997
-0.368938 -0.353421
-0.370599 -0.350832
-0.372253 -0.348232
-0.373901 -0.345621
-0.375543 -0.342998
-0.377178 -0.340363
-0.378806 -0.337717
-0.380428 -0.335060
-0.382042 -0.332391
-0.383650 -0.329711
-0.385249 -0.327020
-0.386841 -0.324318
-0.388426 -0.321604
-0.390002 -0.318880
-0.391570 -0.316144
-0.393130 -0.313398
-0.394681 -0.310641
-0.396224 -0.307872
-0.397757 -0.305094
-0.399282 -0.302304
-0.400797 -0.299504
0.319853 -0.014398
0.319788 -0.017276
0.319712 -0.020154
0.319623 -0.023031
0.319523 -0.025907
0.319412 -0.028782
0.319288 -0.031657
0.319153 -0.034530
0.319007 -0.037401
0.318848 -0.040272
0.318678 -0.043140
0.318496 -0.046008
0.318303 -0.048873
0.318098 -0.051737
0.317882 -0.054599
0.317654 -0.057459
0.317415 -0.060317
0.317164 -0.063172
0.316902 -0.066026
0.316628 -0.068877
0.316343 -0.071725
0.316046 -0.074571
0.315739 -0.077414
0.315420 -0.080254
0.315089 -0.083091
0.314748 -0.085926
0.314395 -0.088757
0.314032 -0.091585
0.313657 -0.094409
0.313271 -0.097230
0.312874 -0.100048
0.312466 -0.102862
0.312048 -0.105673
0.311618 -0.108479
0.311178 -0.111282
0.310727 -0.114080
0.310265 -0.116875
0.309793 -0.119665
0.309310 -0.122451
0.308817 -0.125232
0.308313 -0.128010
0.307799 -0.130782
0.307274 -0.133550
0.306739 -0.136313
0.306194 -0.139071
0.305639 -0.141824
0.305074 -0.144573
0.304498 -0.147316
0.303913 -0.150054
0.303318 -0.152786
0.302712 -0.155513
0.302098 -0.158235
0.301473 -0.160951
0.300839 -0.163661
0.300195 -0.166366
0.299542 -0.169065
0.298879 -0.171758
0.298208 -0.174445
0.297526 -0.177126
0.296836 -0.179800
0.296137 -0.182469
0.295428 -0.185131
0.294711 -0.187786
0.293985 -0.190435
0.293249 -0.193078
0.292506 -0.195714
0.291753 -0.198343
0.290993 -0.200965
0.290223 -0.203581
0.289446 -0.206189
0.288660 -0.208791
0.287866 -0.211385
0.287063 -0.213972
0.286253 -0.216552
0.285435 -0.219125
0.284609 -0.221690
0.283775 -0.224248
0.282934 -0.226798
0.282085 -0.229341
0.281228 -0.231876
0.280365 -0.234403
0.279494 -0.236922
0.278615 -0.239434
0.277730 -0.241937
0.276837 -0.244433
0.275938 -0.246920
0.275032 -0.249400
0.274119 -0.251871
0.273200 -0.254334
0.272274 -0.256788
0.271341 -0.259235
0.270403 -0.261672
0.269458 -0.264102
0.268506 -0.266523
0.267549 -0.268935
0.266586 -0.271339
0.265617 -0.273733
0.264643 -0.276120
0.263662 -0.278497
0.262677 -0.280866
0.261685 -0.283225
0.260689 -0.285576
0.259687 -0.287918
0.258680 -0.290250
0.257668 -0.292574
0.256651 -0.294888
0.255629 -0.297193
0.254603 -0.299490
0.253571 -0.301776
0.252536 -0.304054
0.251496 -0.306322
0.250451 -0.308581
0.249403 -0.310830
0.248350 -0.313070
0.247293 -0.315300
0.246233 -0.317521
0.245168 -0.319733
0.244100 -0.321934
0.243028 -0.324126
0.241953 -0.326309
0.240874 -0.328481
0.239792 -0.330644
0.238707 -0.332798
0.237619 -0.334941
0.236528 -0.337075
0.235434 -0.339199
0.234337 -0.341313
0.233237 -0.343417
0.232135 -0.345511
0.231030 -0.347595
0.229923 -0.349669
0.228814 -0.351734
0.227703 -0.353788
0.226589 -0.355832
0.225473 -0.357867
0.224356 -0.359891
0.223237 -0.361905
0.222116 -0.363909
0.220993 -0.365903
0.219869 -0.367887
0.218744 -0.369861
0.217618 -0.371824
0.216490 -0.373778
0.215361 -0.375721
0.214231 -0.377654
0.213100 -0.379577
0.211968 -0.381490
0.210836 -0.383393
0.209703 -0.385285
0.208570 -0.387168
0.207436 -0.389040
0.206302 -0.390901
0.205167 -0.392753
0.204033 -0.394594
0.202898 -0.396426
0.201763 -0.398247
0.200629 -0.400057
0.199495 -0.401858
0.198361 -0.403648
0.197227 -0.405428
0.196094 -0.407198
0.194962 -0.408958
0.193830 -0.410708
0.192699 -0.412447
0.191569 -0.414176
0.190440 -0.415895
0.189311 -0.417604
0.188184 -0.419303
0.187058 -0.420991
0.185934 -0.422670
0.184810 -0.424338
0.183688 -0.425996
0.182568 -0.427645
0.181449 -0.429283
0.180332 -0.430911
0.179217 -0.432529
0.178103 -0.434137
0.176992 -0.435735
0.175882 -0.437322
0.174775 -0.438900
0.173670 -0.440468
0.172567 -0.442027
0.171466 -0.443575
0.170367 -0.445113
0.169271 -0.446641
0.168178 -0.448160
0.167087 -0.449668
0.165999 -0.451167
0.164914 -0.452656
0.163831 -0.454136
0.162751 -0.455605
0.161675 -0.457065
0.160601 -0.458516
0.159530 -0.459956
0.158463 -0.461387
0.157399 -0.462809
0.156338 -0.464220
0.155280 -0.465623
0.154226 -0.467015
0.153175 -0.468399
0.152128 -0.469773
0.151084 -0.471137
0.150044 -0.472492
0.149008 -0.473838
0.147976 -0.475174
0.146947 -0.476501
0.145923 -0.477819
0.144902 -0.479128
0.143885 -0.480428
0.142873 -0.481718
0.141864 -0.482999
0.140860 -0.484272
0.139860 -0.485535
0.138864 -0.486789
0.137872 -0.488034
0.136885 -0.489271
0.135903 -0.490498
0.134924 -0.491717
0.133951 -0.492927
0.132982 -0.494128
0.132017 -0.495321
0.131057 -0.496504
0.130102 -0.497680
0.129152 -0.498846
0.128207 -0.500004
0.127266 -0.501154
0.126330 -0.502295
0.125399 -0.503428
0.124473 -0.504552
0.123553 -0.505669
0.122637 -0.506776
0.121726 -0.507876
0.120820 -0.508967
0.119920 -0.510051
0.119025 -0.511126
0.118135 -0.512193
0.117250 -0.513252
0.116370 -0.514304
0.115496 -0.515347
0.114628 -0.516383
0.113764 -0.517410
0.112906 -0.518430
0.112054 -0.519443
0.111207 -0.520447
0.110365 -0.521445
0.109529 -0.522434
0.108699 -0.523416
0.107874 -0.524391
0.107055 -0.525358
0.106242 -0.526318
0.105434 -0.527270
0.104632 -0.528215
0.103835 -0.529154
0.103045 -0.530085
0.102260 -0.531008
0.101480 -0.531925
0.100707 -0.532835
0.099939 -0.533738
0.099178 -0.534634
0.098422 -0.535523
0.097672 -0.536406
0.096928 -0.537281
0.096190 -0.538150
0.095457 -0.539013
0.094731 -0.539869
0.094010 -0.540718
0.093296 -0.541561
0.092587 -0.542397
0.091885 -0.543227
0.091188 -0.544051
0.090498 -0.544869
0.089813 -0.545680
0.089135 -0.546485
0.088462 -0.547285
0.087796 -0.548078
0.087135 -0.548865
0.086481 -0.549646
0.085832 -0.550422
0.085190 -0.551191
0.084554 -0.551955
0.083924 -0.552713
0.083300 -0.553466
0.082682 -0.554213
0.082070 -0.554954
0.081464 -0.555690
0.080864 -0.556420
0.080270 -0.557145
0.079682 -0.557865
0.079101 -0.558580
0.078525 -0.559289
0.077956 -0.559993
0.077392 -0.560692
0.076835 -0.561386
0.076284 -0.562075
0.075738 -0.562759
0.075199 -0.563439
0.074666 -0.564113
0.074139 -0.564783
0.073618 -0.565448
0.073103 -0.566108
0.072594 -0.566763
0.072091 -0.567414
0.071594 -0.568061
0.071102 -0.568703
0.070617 -0.569341
0.070138 -0.569974
0.069665 -0.570603
0.069198 -0.571228
0.068737 -0.571849
0.068281 -0.572466
0.067832 -0.573078
0.067388 -0.573687
0.066950 -0.574291
0.066519 -0.574892
0.066093 -0.575488
0.065672 -0.576081
0.065258 -0.576671
0.064850 -0.577256
0.064447 -0.577838
0.064050 -0.578416
0.063659 -0.578991
0.063273 -0.579562
0.062893 -0.580130
0.062519 -0.580694
0.062151 -0.581255
0.061788 -0.581813
0.061431 -0.582367
0.061080 -0.582919
0.060734 -0.583467
0.060394 -0.584012
0.060059 -0.584554
0.059730 -0.585093
0.059406 -0.585629
0.059088 -0.586162
0.058775 -0.586693
0.058468 -0.587220
0.058166 -0.587745
0.057869 -0.588267
0.057578 -0.588787
0.057292 -0.589304
0.057012 -0.589818
0.056737 -0.590330
0.056467 -0.590839
0.056202 -0.591346
0.055942 -0.591851
0.055688 -0.592353
0.055439 -0.592853
0.055195 -0.593351
0.054956 -0.593847
0.054722 -0.594340
0.054493 -0.594832
0.054269 -0.595321
0.054050 -0.595809
0.053837 -0.596294
0.053627 -0.596778
0.053423 -0.597259
0.053224 -0.597739
0.053030 -0.598218
0.052840 -0.598694
0.052655 -0.599169
0.052475 -0.599642
0.052299 -0.600113
0.052128 -0.600583
0.051962 -0.601052
0.051800 -0.601518
0.051643 -0.601984
0.051491 -0.602448
0.051342 -0.602911
0.051199 -0.603372
0.051060 -0.603832
0.050925 -0.604291
0.050794 -0.604749
0.050668 -0.605206
0.050546 -0.605661
0.050428 -0.606115
0.050314 -0.606569
0.050205 -0.607021
0.050100 -0.607473
0.049998 -0.607923
0.049901 -0.608373
0.049808 -0.608821
0.049719 -0.609269
0.049633 -0.609716
0.049552 -0.610162
0.049474 -0.610608
0.049400 -0.611053
0.049330 -0.611497
0.049264 -0.611941
0.049201 -0.612384
0.049142 -0.612827
0.049086 -0.613269
0.049035 -0.613710
0.048986 -0.614151
0.048941 -0.614592
0.048899 -0.615032
0.048861 -0.615472
0.048826 -0.615912
0.048795 -0.616351
0.048766 -0.616790
0.048741 -0.617229
0.048719 -0.617667
0.048700 -0.618106
0.048684 -0.618544
0.048671 -0.618982
0.048661 -0.619420
0.048654 -0.619858
0.048650 -0.620296
0.048649 -0.620734
0.048650 -0.621172
0.048655 -0.621609
0.048661 -0.622047
0.048671 -0.622485
0.048683 -0.622923
0.048698 -0.623362
0.048715 -0.623800
0.048734 -0.624239
0.048756 -0.624677
0.048780 -0.625116
0.048807 -0.625555
0.048836 -0.625995
0.048867 -0.626434
0.048900 -0.626874
0.048935 -0.627315
0.048972 -0.627755
0.049011 -0.628196
0.049052 -0.628637
0.049095 -0.629079
0.049140 -0.629521
0.049186 -0.629963
0.049234 -0.630406
0.049284 -0.630850
0.049336 -0.631294
0.049389 -0.631738
0.049443 -0.632183
0.049499 -0.632628
0.049556 -0.633073
0.049615 -0.633520
0.049675 -0.633967
0.049736 -0.634414
0.034913 -0.615040
-0.159599 -0.335747
0.078149 -0.675447
-0.127225 -0.382031
-0.030847 -0.518757
-0.049376 -0.492002
-0.049312 -0.491657
-0.049246 -0.491312
-0.049181 -0.490967
-0.049115 -0.490623
-0.049048 -0.490280
-0.048982 -0.489936
-0.048915 -0.489594
-0.048848 -0.489252
-0.048781 -0.488910
-0.048713 -0.488569
-0.048646 -0.488228
-0.048578 -0.487888
-0.048511 -0.487548
-0.048443 -0.487209
-0.048376 -0.486870
-0.048309 -0.486531
-0.048242 -0.486193
-0.048175 -0.485856
-0.048108 -0.485519
-0.048042 -0.485182
-0.047976 -0.484846
-0.047910 -0.484511
-0.047845 -0.484176
-0.047781 -0.483841
-0.047716 -0.483507
-0.047653 -0.483173
-0.047590 -0.482840
-0.047527 -0.482507
-0.047465 -0.482174
-0.047404 -0.481842
-0.047344 -0.481510
-0.047284 -0.481179
-0.047225 -0.480848
-0.047167 -0.480518
-0.047110 -0.480188
-0.047053 -0.479859
-0.046998 -0.479529
-0.046944 -0.479201
-0.046890 -0.478872
-0.046838 -0.478544
-0.046787 -0.478216
-0.046737 -0.477889
-0.046688 -0.477562
-0.046640 -0.477235
-0.046594 -0.476909
-0.046549 -0.476583
-0.046505 -0.476257
-0.046462 -0.475932
-0.046421 -0.475607
-0.046381 -0.475282
-0.046343 -0.474958
-0.046306 -0.474633
-0.046271 -0.474309
-0.046237 -0.473986
-0.046205 -0.473662
-0.046174 -0.473339
-0.046145 -0.473016
-0.046118 -0.472693
-0.046092 -0.472370
-0.046068 -0.472047
-0.046046 -0.471725
-0.046026 -0.471403
-0.046007 -0.471081
-0.045991 -0.470759
-0.045976 -0.470437
-0.045963 -0.470115
-0.045952 -0.469793
-0.045944 -0.469472
-0.045937 -0.469150
-0.045932 -0.468829
-0.045929 -0.468507
-0.045929 -0.468186
-0.045930 -0.467864
-0.045934 -0.467542
-0.045940 -0.467221
-0.045948 -0.466899
-0.045958 -0.466578
-0.045971 -0.466256
-0.045986 -0.465934
-0.046003 -0.465612
-0.046023 -0.465290
-0.046045 -0.464968
-0.046070 -0.464645
-0.046097 -0.464323
-0.046126 -0.464000
-0.046158 -0.463677
-0.046192 -0.463354
-0.046229 -0.463030
-0.046269 -0.462707
-0.046311 -0.462383
-0.046356 -0.462058
-0.046404 -0.461734
-0.046454 -0.461409
-0.046507 -0.461083
-0.046563 -0.460757
-0.046621 -0.460431
-0.046683 -0.460105
-0.046747 -0.459778
-0.046814 -0.459450
-0.046884 -0.459122
-0.046956 -0.458794
-0.047032 -0.458465
-0.047111 -0.458135
-0.047192 -0.457805
-0.047277 -0.457475
-0.047364 -0.457143
-0.047455 -0.456812
-0.047549 -0.456479
-0.047645 -0.456146
-0.047745 -0.455812
-0.047848 -0.455477
-0.047955 -0.455142
-0.048064 -0.454806
-0.048177 -0.454469
-0.048292 -0.454132
-0.048411 -0.453793
-0.048534 -0.453454
-0.048659 -0.453114
-0.048788 -0.452773
-0.048920 -0.452431
-0.049056 -0.452088
-0.049195 -0.451744
-0.049337 -0.451399
-0.049483 -0.451053
-0.049632 -0.450706
-0.049785 -0.450358
-0.049941 -0.450009
-0.050101 -0.449659
-0.050264 -0.449308
-0.050430 -0.448955
-0.050601 -0.448602
-0.050774 -0.448247
-0.050952 -0.447891
-0.051133 -0.447534
-0.051317 -0.447175
-0.051505 -0.446815
-0.051697 -0.446454
-0.051893 -0.446091
-0.052092 -0.445727
-0.052295 -0.445362
-0.052502 -0.444995
-0.052712 -0.444627
-0.052926 -0.444257
-0.053144 -0.443886
-0.053366 -0.443513
-0.053591 -0.443139
-0.053821 -0.442763
-0.054054 -0.442385
-0.054291 -0.442006
-0.054532 -0.441625
-0.054777 -0.441243
-0.055025 -0.440859
-0.055278 -0.440472
-0.055535 -0.440085
-0.055795 -0.439695
-0.056059 -0.439303
-0.056328 -0.438910
-0.056600 -0.438515
-0.056876 -0.438118
-0.057157 -0.437719
-0.057441 -0.437318
-0.057729 -0.436914
-0.058022 -0.436509
-0.058318 -0.436102
-0.058619 -0.435693
-0.058923 -0.435281
-0.059232 -0.434868
-0.059545 -0.434452
-0.059862 -0.434034
-0.060182 -0.433614
-0.060508 -0.433192
-0.060837 -0.432767
-0.061170 -0.432340
-0.061507 -0.431911
-0.061849 -0.431479
-0.062195 -0.431045
-0.062545 -0.430608
-0.062899 -0.430169
-0.063257 -0.429728
-0.063620 -0.429283
-0.063986 -0.428837
-0.064357 -0.428388
-0.064732 -0.427936
-0.065112 -0.427481
-0.065495 -0.427024
-0.065883 -0.426564
-0.066275 -0.426102
-0.066671 -0.425637
-0.067071 -0.425168
-0.067476 -0.424698
-0.067885 -0.424224
-0.068298 -0.423747
-0.068716 -0.423268
-0.069137 -0.422785
-0.069563 -0.422300
-0.069993 -0.421811
-0.070428 -0.421320
-0.070867 -0.420825
-0.071310 -0.420328
-0.071757 -0.419827
-0.072208 -0.419323
-0.072664 -0.418816
-0.073124 -0.418306
-0.073589 -0.417792
-0.074057 -0.417275
-0.074530 -0.416755
-0.075007 -0.416232
-0.075488 -0.415705
-0.075974 -0.415175
-0.076464 -0.414642
-0.076958 -0.414105
-0.077456 -0.413564
-0.077959 -0.413020
-0.078466 -0.412473
-0.078977 -0.411922
-0.079492 -0.411367
-0.080012 -0.410809
-0.080535 -0.410247
-0.081063 -0.409681
-0.081595 -0.409112
-0.082132 -0.408539
-0.082672 -0.407962
-0.083217 -0.407382
-0.083766 -0.406797
-0.084319 -0.406209
-0.084876 -0.405617
-0.085438 -0.405021
-0.086003 -0.404421
-0.086573 -0.403817
-0.087147 -0.403209
-0.087725 -0.402596
-0.088307 -0.401980
-0.088893 -0.401360
-0.089483 -0.400736
-0.090078 -0.400107
-0.090676 -0.399475
-0.091278 -0.398838
-0.091885 -0.398197
-0.092495 -0.397552
-0.093110 -0.396902
-0.093728 -0.396248
-0.094350 -0.395590
-0.094977 -0.394927
-0.095607 -0.394260
-0.096241 -0.393589
-0.096880 -0.392913
-0.097522 -0.392232
-0.098168 -0.391547
-0.098817 -0.390858
-0.099471 -0.390164
-0.100128 -0.389465
-0.100790 -0.388762
-0.101455 -0.388054
-0.102124 -0.387342
-0.102796 -0.386624
-0.103472 -0.385903
-0.104152 -0.385176
-0.104836 -0.384444
-0.105523 -0.383708
-0.106214 -0.382967
-0.106909 -0.382221
-0.107607 -0.381470
-0.108309 -0.380715
-0.109014 -0.379954
-0.109723 -0.379188
-0.110435 -0.378418
-0.111151 -0.377642
-0.111870 -0.376862
-0.112593 -0.376076
-0.113319 -0.375285
-0.114048 -0.374490
-0.114781 -0.373689
-0.115517 -0.372883
-0.116257 -0.372071
-0.116999 -0.371255
-0.117745 -0.370433
-0.118494 -0.369607
-0.119246 -0.368775
-0.120002 -0.367937
-0.120760 -0.367095
-0.121522 -0.366247
-0.122286 -0.365393
-0.123054 -0.364535
-0.123824 -0.363670
-0.124598 -0.362801
-0.125374 -0.361926
-0.126153 -0.361046
-0.126935 -0.360160
-0.127720 -0.359269
-0.128508 -0.358372
-0.129298 -0.357470
-0.130091 -0.356562
-0.130887 -0.355648
-0.131686 -0.354729
-0.132487 -0.353805
-0.133290 -0.352874
-0.134096 -0.351939
-0.134905 -0.350997
-0.135716 -0.350050
-0.136529 -0.349097
-0.137345 -0.348138
-0.138163 -0.347174
-0.138983 -0.346204
-0.139805 -0.345228
-0.140630 -0.344247
-0.141457 -0.343260
-0.142286 -0.342267
-0.143117 -0.341268
-0.143950 -0.340263
-0.144785 -0.339252
-0.145622 -0.338236
-0.146461 -0.337214
-0.147301 -0.336185
-0.148144 -0.335151
-0.148988 -0.334111
-0.149834 -0.333066
-0.150682 -0.332014
-0.151531 -0.330956
-0.152382 -0.329892
-0.153234 -0.328823
-0.154088 -0.327747
-0.154943 -0.326665
-0.155799 -0.325578
-0.156657 -0.324484
-0.157516 -0.323385
-0.158377 -0.322279
-0.159238 -0.321167
-0.160101 -0.320050
-0.160964 -0.318926
-0.161829 -0.317796
-0.162695 -0.316660
-0.163561 -0.315518
-0.164429 -0.314370
-0.165297 -0.313216
-0.166166 -0.312056
-0.167036 -0.310890
-0.167906 -0.309718
-0.168777 -0.308539
-0.169649 -0.307355
-0.170521 -0.306164
-0.171393 -0.304968
-0.172266 -0.303765
-0.173139 -0.302556
-0.174013 -0.301341
-0.174886 -0.300120
-0.175760 -0.298892
-0.176634 -0.297659
-0.177508 -0.296420
-0.178382 -0.295174
-0.179255 -0.293922
-0.180129 -0.292664
-0.181002 -0.291400
-0.181876 -0.290130
-0.182749 -0.288854
-0.183621 -0.287572
-0.184493 -0.286283
-0.185365 -0.284989
-0.186236 -0.283688
-0.187106 -0.282382
-0.187976 -0.281069
-0.188845 -0.279750
-0.189713 -0.278425
-0.190581 -0.277094
-0.191447 -0.275757
-0.192313 -0.274414
-0.193177 -0.273065
-0.194040 -0.271709
-0.194903 -0.270348
-0.195764 -0.268981
-0.196623 -0.267607
-0.197482 -0.266228
-0.198339 -0.264843
-0.199194 -0.263451
-0.200048 -0.262054
-0.200901 -0.260651
-0.201751 -0.259241
-0.202600 -0.257826
-0.203448 -0.256405
-0.204293 -0.254978
-0.205137 -0.253545
-0.205978 -0.252106
-0.206817 -0.250661
-0.207655 -0.249210
-0.208490 -0.247754
-0.209323 -0.246292
-0.210154 -0.244823
-0.210982 -0.243349
-0.211808 -0.241870
-0.212631 -0.240384
-0.213452 -0.238893
-0.214271 -0.237396
-0.215086 -0.235893
-0.215899 -0.234385
-0.216709 -0.232870
-0.217517 -0.231351
-0.218321 -0.229825
-0.219122 -0.228294
-0.219920 -0.226758
-0.220716 -0.225215
-0.221507 -0.223667
-0.222296 -0.222114
-0.223082 -0.220555
-0.223864 -0.218991
-0.224642 -0.217421
-0.225417 -0.215846
-0.226189 -0.214265
-0.226957 -0.212679
-0.227721 -0.211088
-0.228482 -0.209491
-0.229238 -0.207889
-0.229991 -0.206282
-0.230740 -0.204669
-0.231485 -0.203052
-0.232226 -0.201429
-0.232962 -0.199801
-0.233695 -0.198167
-0.234423 -0.196529
-0.235147 -0.194885
-0.235867 -0.193237
-0.236582 -0.191583
-0.237292 -0.189925
-0.237999 -0.188261
-0.238700 -0.186593
-0.239397 -0.184919
-0.240089 -0.183241
-0.240776 -0.181558
-0.241459 -0.179870
-0.242137 -0.178178
-0.242809 -0.176480
-0.243477 -0.174778
-0.244139 -0.173072
-0.244797 -0.171360
-0.245449 -0.169645
-0.246096 -0.167924
-0.246737 -0.166199
-0.247374 -0.164470
-0.248005 -0.162736
-0.248630 -0.160998
-0.249250 -0.159255
-0.249864 -0.157508
-0.250473 -0.155757
-0.251076 -0.154002
-0.251673 -0.152242
-0.252264 -0.150478
-0.252850 -0.148710
-0.253429 -0.146938
-0.254003 -0.145162
-0.254571 -0.143382
-0.255132 -0.141598
-0.255688 -0.139811
-0.256237 -0.138019
-0.256781 -0.136223
-0.257317 -0.134424
-0.257848 -0.132621
-0.258372 -0.130814
-0.258890 -0.129004
-0.259401 -0.127190
-0.259906 -0.125372
-0.260405 -0.123551
-0.260896 -0.121726
-0.261382 -0.119898
-0.261860 -0.118067
-0.262332 -0.116232
-0.262797 -0.114394
-0.263255 -0.112553
-0.263706 -0.110709
-0.264151 -0.108861
-0.264588 -0.107011
-0.265019 -0.105157
-0.265442 -0.103300
-0.265859 -0.101441
-0.266268 -0.099578
-0.266670 -0.097713
-0.267066 -0.095845
-0.267453 -0.093974
-0.267834 -0.092101
-0.268207 -0.090225
-0.268574 -0.088346
-0.268932 -0.086465
-0.269284 -0.084581
-0.269628 -0.082695
-0.269964 -0.080806
-0.270293 -0.078915
-0.270615 -0.077022
-0.270929 -0.075127
-0.271235 -0.073229
-0.271534 -0.071329
-0.271825 -0.069428
-0.272109 -0.067524
-0.272385 -0.065618
-0.272653 -0.063710
-0.272913 -0.061801
-0.273166 -0.059890
-0.273411 -0.057977
-0.273648 -0.056062
-0.273878 -0.054146
-0.274099 -0.052228
-0.274313 -0.050308
-0.274519 -0.048387
-0.274716 -0.046465
-0.274906 -0.044541
-0.275088 -0.042616
-0.275262 -0.040690
-0.275428 -0.038763
-0.275587 -0.036834
-0.275737 -0.034904
-0.275879 -0.032974
-0.276013 -0.031042
-0.276139 -0.029110
-0.276257 -0.027176
-0.276366 -0.025242
-0.276468 -0.023307
-0.276562 -0.021371
-0.276647 -0.019435
-0.276725 -0.017498
-0.276794 -0.015561
-0.276856 -0.013623
-0.276909 -0.011685
-0.276954 -0.009747
-0.276990 -0.007808
-0.277019 -0.005869
-0.277040 -0.003930
-0.277052 -0.001990
-0.277056 -0.000051
-0.277053 0.001889
-0.277041 0.003828
-0.277020 0.005767
-0.276992 0.007706
-0.276956 0.009645
-0.276911 0.011583
-0.276859 0.013522
-0.276798 0.015459
-0.276729 0.017397
-0.276652 0.019334
-0.276567 0.021270
-0.276473 0.023206
-0.276372 0.025141
-0.276263 0.027075
-0.276145 0.029008
-0.276019 0.030941
-0.275886 0.032872
-0.275744 0.034803
-0.275595 0.036733
-0.275437 0.038661
-0.275271 0.040589
-0.275098 0.042515
-0.274916 0.044440
-0.274727 0.046364
-0.274529 0.048286
-0.274324 0.050207
-0.274111 0.052127
-0.273889 0.054045
-0.273661 0.055961
-0.273424 0.057876
-0.273179 0.059789
-0.272927 0.061701
-0.272667 0.063610
-0.272399 0.065518
-0.272124 0.067424
-0.271840 0.069328
-0.271549 0.071230
-0.271251 0.073129
-0.270945 0.075027
-0.270631 0.076923
-0.270310 0.078816
-0.269982 0.080707
-0.269645 0.082596
-0.269302 0.084482
-0.268951 0.086366
-0.268593 0.088247
-0.268227 0.090126
-0.267854 0.092002
-0.267474 0.093876
-0.267086 0.095747
-0.266691 0.097615
-0.266289 0.099481
-0.265880 0.101343
-0.265464 0.103203
-0.265041 0.105060
-0.264611 0.106914
-0.264174 0.108764
-0.263730 0.110612
-0.263279 0.112457
-0.262821 0.114298
-0.262356 0.116136
-0.261885 0.117971
-0.261407 0.119802
-0.260922 0.121631
-0.260431 0.123455
-0.259933 0.125277
-0.259428 0.127094
-0.258917 0.128909
-0.258400 0.130719
-0.257876 0.132526
-0.257345 0.134329
-0.256809 0.136129
-0.256266 0.137925
-0.255717 0.139717
-0.255162 0.141505
-0.254600 0.143289
-0.254033 0.145069
-0.253460 0.146845
-0.252880 0.148618
-0.252295 0.150386
-0.251704 0.152150
-0.251107 0.153909
-0.250505 0.155665
-0.249896 0.157417
-0.249282 0.159164
-0.248663 0.160906
-0.248038 0.162645
-0.247407 0.164379
-0.246771 0.166109
-0.246130 0.167834
-0.245483 0.169554
-0.244831 0.171271
-0.244174 0.172982
-0.243512 0.174689
-0.242844 0.176391
-0.242172 0.178089
-0.241495 0.179782
-0.240812 0.181470
-0.240125 0.183153
-0.239433 0.184831
-0.238737 0.186505
-0.238036 0.188174
-0.237330 0.189837
-0.236619 0.191496
-0.235904 0.193150
-0.235185 0.194799
-0.234461 0.196443
-0.233733 0.198081
-0.233001 0.199715
-0.232264 0.201343
-0.231524 0.202967
-0.230779 0.204585
-0.230030 0.206198
-0.229278 0.207805
-0.228521 0.209407
-0.227761 0.211004
-0.226997 0.212596
-0.226229 0.214182
-0.225458 0.215763
-0.224683 0.217339
-0.223905 0.218909
-0.223123 0.220473
-0.222337 0.222033
-0.221549 0.223586
-0.220757 0.225134
-0.219962 0.226677
-0.219164 0.228214
-0.218363 0.229745
-0.217559 0.231271
-0.216752 0.232791
-0.215942 0.234305
-0.215129 0.235814
-0.214314 0.237317
-0.213495 0.238814
-0.212675 0.240306
-0.211851 0.241792
-0.211025 0.243272
-0.210197 0.244746
-0.209367 0.246215
-0.208534 0.247677
-0.207699 0.249134
-0.206861 0.250585
-0.206022 0.252030
-0.205181 0.253469
-0.204337 0.254903
-0.203492 0.256330
-0.202645 0.257752
-0.201796 0.259167
-0.200945 0.260577
-0.200093 0.261980
-0.199239 0.263378
-0.198384 0.264770
-0.197527 0.266155
-0.196669 0.267535
-0.195809 0.268909
-0.194948 0.270276
-0.194086 0.271638
-0.193222 0.272994
-0.192358 0.274343
-0.191493 0.275687
-0.190626 0.277024
-0.189759 0.278355
-0.188891 0.279681
-0.188022 0.281000
-0.187152 0.282313
-0.186281 0.283620
-0.185410 0.284921
-0.184539 0.286216
-0.183667 0.287504
-0.182794 0.288787
-0.181921 0.290064
-0.181048 0.291334
-0.180175 0.292598
-0.179301 0.293856
-0.178427 0.295108
-0.177554 0.296354
-0.176680 0.297594
-0.175806 0.298828
-0.174932 0.300055
-0.174058 0.301277
-0.173185 0.302492
-0.172312 0.303702
-0.171439 0.304905
-0.170567 0.306102
-0.169695 0.307293
-0.168823 0.308477
-0.167952 0.309656
-0.167082 0.310829
-0.166212 0.311995
-0.165343 0.313156
-0.164474 0.314310
-0.163607 0.315458
-0.162740 0.316601
-0.161875 0.317737
-0.161010 0.318867
-0.160146 0.319991
-0.159283 0.321109
-0.158422 0.322221
-0.157561 0.323327
-0.156702 0.324427
-0.155844 0.325521
-0.154988 0.326609
-0.154132 0.327690
-0.153279 0.328766
-0.152426 0.329836
-0.151575 0.330900
-0.150726 0.331958
-0.149878 0.333011
-0.149032 0.334057
-0.148188 0.335097
-0.147346 0.336131
-0.146505 0.337160
-0.145666 0.338182
-0.144829 0.339199
-0.143994 0.340210
-0.143161 0.341215
-0.142329 0.342214
-0.141500 0.343208
-0.140673 0.344195
-0.139849 0.345177
-0.139026 0.346153
-0.138206 0.347123
-0.137387 0.348088
-0.136572 0.349047
-0.135758 0.350000
-0.134947 0.350948
-0.134138 0.351889
-0.133332 0.352825
-0.132529 0.353756
-0.131728 0.354681
-0.130929 0.355600
-0.130133 0.356514
-0.129340 0.357422
-0.128549 0.358325
-0.127761 0.359222
-0.126976 0.360113
-0.126194 0.360999
-0.125415 0.361880
-0.124638 0.362755
-0.123865 0.363625
-0.123094 0.364489
-0.122326 0.365348
-0.121562 0.366202
-0.120800 0.367050
-0.120041 0.367893
-0.119286 0.368731
-0.118533 0.369563
-0.117784 0.370390
-0.117038 0.371212
-0.116295 0.372029
-0.115556 0.372840
-0.114820 0.373647
-0.114087 0.374448
-0.113357 0.375244
-0.112631 0.376035
-0.111908 0.376821
-0.111189 0.377601
-0.110473 0.378377
-0.109760 0.379148
-0.109051 0.379914
-0.108346 0.380675
-0.107644 0.381431
-0.106945 0.382182
-0.106251 0.382928
-0.105559 0.383669
-0.104872 0.384406
-0.104188 0.385138
-0.103508 0.385865
-0.102831 0.386587
-0.102159 0.387304
-0.101490 0.388017
-0.100824 0.388725
-0.100163 0.389428
-0.099505 0.390127
-0.098851 0.390822
-0.098201 0.391511
-0.097555 0.392196
-0.096913 0.392877
-0.096275 0.393553
-0.095640 0.394225
-0.095010 0.394892
-0.094383 0.395555
-0.093761 0.396214
-0.093142 0.396868
-0.092527 0.397518
-0.091917 0.398163
-0.091310 0.398804
-0.090707 0.399441
-0.090109 0.400074
-0.089514 0.400703
-0.088924 0.401328
-0.088338 0.401948
-0.087755 0.402564
-0.087177 0.403176
-0.086603 0.403785
-0.086033 0.404389
-0.085467 0.404989
-0.084906 0.405586
-0.084348 0.406178
-0.083795 0.406766
-0.083246 0.407351
-0.082701 0.407932
-0.082160 0.408509
-0.081624 0.409082
-0.081091 0.409652
-0.080563 0.410217
-0.080039 0.410779
-0.079519 0.411338
-0.079004 0.411893
-0.078492 0.412444
-0.077985 0.412992
-0.077483 0.413536
-0.076984 0.414076
-0.076490 0.414614
-0.076000 0.415147
-0.075514 0.415678
-0.075032 0.416204
-0.074555 0.416728
-0.074082 0.417248
-0.073613 0.417765
-0.073148 0.418279
-0.072688 0.418789
-0.072232 0.419297
-0.071780 0.419801
-0.071333 0.420301
-0.070890 0.420799
-0.070451 0.421294
-0.070016 0.421786
-0.069586 0.422274
-0.069160 0.422760
-0.068738 0.423242
-0.068320 0.423722
-0.067907 0.424199
-0.067497 0.424673
-0.067093 0.425144
-0.066692 0.425612
-0.066295 0.426078
-0.065903 0.426540
-0.065515 0.427000
-0.065132 0.427457
-0.064752 0.427912
-0.064377 0.428364
-0.064006 0.428813
-0.063639 0.429260
-0.063276 0.429704
-0.062918 0.430146
-0.062563 0.430585
-0.062213 0.431022
-0.061867 0.431456
-0.061525 0.431888
-0.061188 0.432318
-0.060854 0.432745
-0.060525 0.433169
-0.060199 0.433592
-0.059878 0.434012
-0.059561 0.434430
-0.059248 0.434846
-0.058939 0.435260
-0.058635 0.435671
-0.058334 0.436081
-0.058037 0.436488
-0.057745 0.436893
-0.057456 0.437296
-0.057172 0.437698
-0.056891 0.438097
-0.056615 0.438494
-0.056342 0.438889
-0.056073 0.439283
-0.055809 0.439674
-0.055548 0.440064
-0.055291 0.440452
-0.055039 0.440838
-0.054790 0.441223
-0.054545 0.441605
-0.054304 0.441986
-0.054066 0.442366
-0.053833 0.442743
-0.053603 0.443119
-0.053378 0.443494
-0.053156 0.443867
-0.052938 0.444238
-0.052723 0.444608
-0.052513 0.444976
-0.052306 0.445343
-0.052103 0.445708
-0.051903 0.446072
-0.051707 0.446435
-0.051515 0.446796
-0.051327 0.447156
-0.051142 0.447515
-0.050961 0.447872
-0.050783 0.448228
-0.050610 0.448583
-0.050439 0.448937
-0.050272 0.449289
-0.050109 0.449641
-0.049949 0.449991
-0.049793 0.450340
-0.049640 0.450688
-0.049491 0.451035
-0.049345 0.451381
-0.049202 0.451726
-0.049063 0.452070
-0.048927 0.452413
-0.048795 0.452755
-0.048666 0.453096
-0.048540 0.453436
-0.048418 0.453775
-0.048298 0.454114
-0.048183 0.454452
-0.048070 0.454788
-0.047960 0.455125
-0.047854 0.455460
-0.047751 0.455795
-0.047651 0.456128
-0.047554 0.456462
-0.047460 0.456794
-0.047369 0.457126
-0.047281 0.457457
-0.047197 0.457788
-0.047115 0.458118
-0.047036 0.458448
-0.046960 0.458777
-0.046887 0.459105
-0.046817 0.459433
-0.046750 0.459761
-0.046686 0.460088
-0.046624 0.460414
-0.046566 0.460740
-0.046510 0.461066
-0.046457 0.461391
-0.046406 0.461716
-0.046359 0.462041
-0.046314 0.462366
-0.046271 0.462690
-0.046232 0.463013
-0.046194 0.463337
-0.046160 0.463660
-0.046128 0.463983
-0.046098 0.464306
-0.046071 0.464628
-0.046046 0.464951
-0.046024 0.465273
-0.046004 0.465595
-0.045987 0.465917
-0.045972 0.466239
-0.045959 0.466561
-0.045948 0.466882
-0.045940 0.467204
-0.045934 0.467526
-0.045930 0.467847
-0.045929 0.468169
-0.045929 0.468490
-0.045932 0.468812
-0.045936 0.469133
-0.045943 0.469455
-0.045952 0.469776
-0.045963 0.470098
-0.045975 0.470420
-0.045990 0.470742
-0.046006 0.471064
-0.046025 0.471386
-0.046045 0.471708
-0.046067 0.472030
-0.046091 0.472353
-0.046116 0.472676
-0.046144 0.472999
-0.046173 0.473322
-0.046203 0.473645
-0.046235 0.473969
-0.046269 0.474292
-0.046304 0.474616
-0.046341 0.474941
-0.046379 0.475265
-0.046419 0.475590
-0.046460 0.475915
-0.046503 0.476240
-0.046546 0.476566
-0.046591 0.476892
-0.046638 0.477218
-0.046685 0.477545
-0.046734 0.477872
-0.046784 0.478199
-0.046835 0.478527
-0.046888 0.478855
-0.046941 0.479183
-0.046995 0.479512
-0.047050 0.479841
-0.047107 0.480171
-0.047164 0.480501
-0.047222 0.480831
-0.047281 0.481162
-0.047340 0.481493
-0.047401 0.481825
-0.047462 0.482157
-0.047524 0.482489
-0.047586 0.482822
-0.047649 0.483155
-0.047713 0.483489
-0.047777 0.483823
-0.047842 0.484158
-0.047907 0.484493
-0.047973 0.484829
-0.048038 0.485165
-0.048105 0.485501
-0.048171 0.485838
-0.048238 0.486176
-0.048305 0.486514
-0.048372 0.486852
-0.048440 0.487191
-0.048507 0.487530
-0.048575 0.487870
-0.048642 0.488210
-0.048710 0.488551
-0.048777 0.488892
-0.048844 0.489234
-0.048911 0.489576
-0.048978 0.489918
-0.049045 0.490262
-0.049111 0.490605
-0.049177 0.490949
-0.049243 0.491294
-0.049308 0.491639
-0.049373 0.491984
-0.049437 0.492330
-0.049501 0.492676
-0.049564 0.493023
