-0.049896 -1.003748 -0.327829 -6.547725
-0.039856 -1.004197 -0.393278 -6.541891
-0.029812 -1.004545 -0.458663 -6.535002
-0.019765 -1.004793 -0.523974 -6.527061
-0.009717 -1.004941 -0.589201 -6.518071
0.000333 -1.004988 -0.654332 -6.508035
0.010383 -1.004934 -0.719358 -6.496958
0.020431 -1.004780 -0.784268 -6.484843
0.030478 -1.004525 -0.849051 -6.471697
0.040522 -1.004170 -0.913698 -6.457524
0.050561 -1.003715 -0.978198 -6.442329
0.060595 -1.003159 -1.042542 -6.426120
0.070624 -1.002503 -1.106717 -6.408902
0.080645 -1.001747 -1.170716 -6.390683
0.090658 -1.000890 -1.234528 -6.371469
0.100663 -0.999934 -1.298142 -6.351269
0.110657 -0.998877 -1.361550 -6.330090
0.120640 -0.997720 -1.424741 -6.307941
0.130611 -0.996464 -1.487706 -6.284830
0.140569 -0.995108 -1.550434 -6.260767
0.150513 -0.993653 -1.612918 -6.235762
0.160442 -0.992098 -1.675146 -6.209824
0.170354 -0.990444 -1.737111 -6.182963
0.180250 -0.988691 -1.798803 -6.155191
0.190128 -0.986839 -1.860212 -6.126517
0.199987 -0.984889 -1.921330 -6.096953
0.209825 -0.982839 -1.982148 -6.066512
0.219643 -0.980692 -2.042657 -6.035203
0.229439 -0.978447 -2.102849 -6.003041
0.239212 -0.976103 -2.162715 -5.970037
0.248961 -0.973662 -2.222247 -5.936203
0.258685 -0.971124 -2.281437 -5.901554
0.268383 -0.968489 -2.340276 -5.866103
0.278054 -0.965757 -2.398756 -5.829862
0.287698 -0.962928 -2.456870 -5.792846
0.297312 -0.960003 -2.514611 -5.755069
0.306897 -0.956982 -2.571969 -5.716545
0.316452 -0.953865 -2.628939 -5.677289
0.325974 -0.950653 -2.685513 -5.637316
0.335464 -0.947346 -2.741683 -5.596641
0.344921 -0.943944 -2.797443 -5.555278
0.354343 -0.940447 -2.852786 -5.513244
0.363729 -0.936857 -2.907706 -5.470554
0.373080 -0.933173 -2.962195 -5.427224
0.382393 -0.929395 -3.016248 -5.383270
0.391667 -0.925525 -3.069859 -5.338708
0.400903 -0.921562 -3.123020 -5.293554
0.410098 -0.917507 -3.175728 -5.247825
0.419253 -0.913360 -3.227975 -5.201537
0.428365 -0.909122 -3.279757 -5.154708
0.437435 -0.904793 -3.331068 -5.107353
0.446461 -0.900374 -3.381902 -5.059491
0.455442 -0.895864 -3.432256 -5.011137
0.464378 -0.891265 -3.482123 -4.962310
0.473267 -0.886577 -3.531500 -4.913025
0.482109 -0.881800 -3.580382 -4.863302
0.490903 -0.876935 -3.628765 -4.813157
0.499647 -0.871982 -3.676644 -4.762607
0.508342 -0.866942 -3.724016 -4.711670
0.516986 -0.861815 -3.770876 -4.660364
0.525578 -0.856602 -3.817222 -4.608705
0.534118 -0.851304 -3.863049 -4.556713
0.542604 -0.845920 -3.908355 -4.504404
0.551036 -0.840452 -3.953136 -4.451795
0.559413 -0.834900 -3.997390 -4.398905
0.567733 -0.829264 -4.041114 -4.345752
0.575998 -0.823545 -4.084304 -4.292351
0.584204 -0.817744 -4.126960 -4.238723
0.592352 -0.811861 -4.169078 -4.184882
0.600441 -0.805897 -4.210657 -4.130848
0.608470 -0.799853 -4.251694 -4.076638
0.616438 -0.793728 -4.292189 -4.022268
0.624344 -0.787524 -4.332139 -3.967757
0.632188 -0.781241 -4.371544 -3.913121
0.639969 -0.774881 -4.410401 -3.858378
0.647685 -0.768442 -4.448711 -3.803544
0.655337 -0.761927 -4.486472 -3.748638
0.662924 -0.755336 -4.523684 -3.693674
0.670444 -0.748669 -4.560345 -3.638671
0.677897 -0.741927 -4.596457 -3.583645
0.685282 -0.735111 -4.632018 -3.528613
0.692599 -0.728222 -4.667029 -3.473590
0.699846 -0.721259 -4.701490 -3.418594
0.707024 -0.714225 -4.735401 -3.363639
0.714131 -0.707119 -4.768763 -3.308743
0.721166 -0.699943 -4.801576 -3.253922
0.728129 -0.692696 -4.833842 -3.199190
0.735020 -0.685380 -4.865561 -3.144563
0.741837 -0.677996 -4.896734 -3.090058
0.748579 -0.670544 -4.927362 -3.035688
0.755247 -0.663025 -4.957448 -2.981469
0.761840 -0.655439 -4.986992 -2.927417
0.768356 -0.647788 -5.015997 -2.873544
0.774795 -0.640072 -5.044464 -2.819867
0.781157 -0.632292 -5.072395 -2.766400
0.787441 -0.624449 -5.099792 -2.713156
0.793646 -0.616544 -5.126659 -2.660149
0.799771 -0.608577 -5.152996 -2.607394
0.805817 -0.600549 -5.178807 -2.554904
0.811782 -0.592461 -5.204095 -2.502691
0.819533 -0.585648 -5.195182 7.165403
0.821260 -0.574502 -5.146274 -3.689766
0.831052 -0.569182 -5.169512 5.348219
0.833977 -0.558895 -5.114190 1.512378
0.840546 -0.551258 -5.103679 2.166331
0.845853 -0.542708 -5.080242 2.268951
0.851238 -0.534223 -5.057269 2.325674
0.856537 -0.525684 -5.033727 2.382923
0.861751 -0.517092 -5.009609 2.440684
0.866879 -0.508449 -4.984911 2.498944
0.871920 -0.499755 -4.959629 2.557690
0.876874 -0.491011 -4.933756 2.616908
0.881740 -0.482218 -4.907289 2.676584
0.886518 -0.473377 -4.880223 2.736703
0.891208 -0.464488 -4.852553 2.797251
0.895808 -0.455553 -4.824276 2.858211
0.900319 -0.446572 -4.795388 2.919569
0.904739 -0.437547 -4.765884 2.981308
0.909069 -0.428478 -4.735760 3.043413
0.913309 -0.419366 -4.705014 3.105866
0.917456 -0.410212 -4.673642 3.168651
0.921513 -0.401017 -4.641640 3.231751
0.925477 -0.391782 -4.609006 3.295148
0.929348 -0.382508 -4.575736 3.358824
0.933127 -0.373195 -4.541829 3.422762
0.936812 -0.363845 -4.507280 3.486942
0.940403 -0.354459 -4.472089 3.551346
0.943901 -0.345038 -4.436253 3.615954
0.947304 -0.335581 -4.399769 3.680749
0.950613 -0.326092 -4.362637 3.745709
0.953826 -0.316569 -4.324855 3.810815
0.956944 -0.307016 -4.286421 3.876047
0.959966 -0.297431 -4.247333 3.941384
0.962892 -0.287817 -4.207593 4.006807
0.965722 -0.278173 -4.167197 4.072293
0.968456 -0.268502 -4.126147 4.137822
0.971092 -0.258805 -4.084441 4.203372
0.973632 -0.249081 -4.042079 4.268921
0.976074 -0.239332 -3.999062 4.334449
0.978418 -0.229560 -3.955390 4.399932
0.980665 -0.219764 -3.911064 4.465349
0.982813 -0.209947 -3.866084 4.530677
0.984864 -0.200108 -3.820451 4.595894
0.986816 -0.190250 -3.774166 4.660976
0.988669 -0.180372 -3.727232 4.725902
0.990423 -0.170477 -3.679649 4.790647
0.992078 -0.160564 -3.631419 4.855189
0.993634 -0.150636 -3.582546 4.919504
0.995091 -0.140692 -3.533030 4.983568
0.996448 -0.130734 -3.482875 5.047360
0.997705 -0.120763 -3.432084 5.110854
0.998863 -0.110780 -3.380659 5.174026
0.999921 -0.100786 -3.328605 5.236855
1.000879 -0.090782 -3.275923 5.299314
1.001737 -0.080769 -3.222620 5.361381
1.002494 -0.070748 -3.168697 5.423031
1.003152 -0.060720 -3.114160 5.484242
1.003709 -0.050685 -3.059014 5.544988
1.004165 -0.040646 -3.003262 5.605245
1.004522 -0.030602 -2.946911 5.664991
1.004777 -0.020556 -2.889964 5.724201
1.004933 -0.010507 -2.832429 5.782851
1.004987 -0.000457 -2.774309 5.840918
1.004942 0.009592 -2.715612 5.898378
1.004796 0.019641 -2.656344 5.955207
1.004549 0.029688 -2.596510 6.011382
1.004202 0.039732 -2.536118 6.066880
1.003754 0.049772 -2.475175 6.121677
1.003206 0.059807 -2.413687 6.175750
1.002558 0.069836 -2.351662 6.229077
1.001810 0.079857 -2.289108 6.281635
1.000961 0.089871 -2.226032 6.333401
1.000012 0.099876 -2.162443 6.384352
0.998964 0.109871 -2.098348 6.434468
0.997815 0.119855 -2.033756 6.483726
0.996567 0.129827 -1.968677 6.532104
0.995218 0.139786 -1.903117 6.579581
0.993771 0.149731 -1.837088 6.626136
0.992224 0.159661 -1.770598 6.671748
0.990578 0.169575 -1.703656 6.716397
0.988832 0.179473 -1.636273 6.760062
0.986988 0.189352 -1.568458 6.802724
0.985045 0.199212 -1.500222 6.844364
0.983004 0.209052 -1.431575 6.884961
0.980864 0.218872 -1.362526 6.924498
0.978627 0.228669 -1.293088 6.962956
0.976291 0.238444 -1.223271 7.000317
0.973858 0.248195 -1.153086 7.036563
0.971327 0.257921 -1.082543 7.071678
0.968700 0.267621 -1.011656 7.105644
0.965975 0.277295 -0.940434 7.138446
0.963154 0.286940 -0.868891 7.170068
0.960236 0.296557 -0.797037 7.200493
0.957223 0.306145 -0.724885 7.229709
0.954114 0.315701 -0.652447 7.257699
0.950909 0.325227 -0.579735 7.284451
0.947609 0.334719 -0.506762 7.309950
0.944215 0.344178 -0.433540 7.334185
0.940726 0.353603 -0.360083 7.357142
0.937143 0.362993 -0.286402 7.378811
0.933466 0.372346 -0.212511 7.399180
0.929696 0.381662 -0.138423 7.418238
0.925833 0.390939 -0.064150 7.435975
0.921877 0.400178 0.010292 7.452382
0.917829 0.409377 0.084893 7.467450
0.913690 0.418534 0.159637 7.481170
0.909459 0.427650 0.234512 7.493536
0.905137 0.436723 0.309503 7.504539
0.900725 0.445753 0.384598 7.514173
0.896222 0.454737 0.459782 7.522433
0.891630 0.463677 0.535042 7.529313
0.886949 0.472570 0.610364 7.534808
0.882179 0.481415 0.685733 7.538915
0.877321 0.490213 0.761137 7.541630
0.872375 0.498961 0.836561 7.542950
0.867341 0.507660 0.911992 7.542874
0.862222 0.516308 0.987414 7.541399
0.857015 0.524904 1.062815 7.538525
0.851724 0.533448 1.138180 7.534251
0.846347 0.541938 1.213495 7.528579
0.840885 0.550375 1.288747 7.521509
0.835339 0.558756 1.363921 7.513043
0.829710 0.567081 1.439003 7.503184
0.823998 0.575350 1.513980 7.491933
0.818203 0.583561 1.588837 7.479296
0.812327 0.591714 1.663561 7.465276
0.806369 0.599807 1.738138 7.449879
0.800331 0.607841 1.812554 7.433109
0.794213 0.615814 1.886796 7.414973
0.788015 0.623725 1.960849 7.395478
0.781738 0.631574 2.034701 7.374632
0.775384 0.639359 2.108337 7.352441
0.768951 0.647081 2.181745 7.328916
0.762442 0.654738 2.254911 7.304065
0.755857 0.662330 2.327822 7.277899
0.749196 0.669855 2.400465 7.250427
0.742460 0.677313 2.472826 7.221661
0.735650 0.684704 2.544894 7.191612
0.728766 0.692026 2.616654 7.160293
0.721810 0.699279 2.688095 7.127716
0.714781 0.706462 2.759205 7.093895
0.707681 0.713574 2.829969 7.058844
0.700510 0.720615 2.900377 7.022577
0.693268 0.727584 2.970417 6.985109
0.685958 0.734480 3.040076 6.946455
0.678579 0.741303 3.109342 6.906632
0.671132 0.748052 3.178204 6.865656
0.663618 0.754726 3.246651 6.823544
0.656038 0.761324 3.314672 6.780314
0.648392 0.767846 3.382254 6.735983
0.640681 0.774292 3.449388 6.690570
0.632907 0.780660 3.516062 6.644093
0.625068 0.786949 3.582266 6.596572
0.617168 0.793161 3.647990 6.548027
0.609205 0.799293 3.713223 6.498477
0.601182 0.805345 3.777956 6.447944
0.593099 0.811316 3.842179 6.396448
0.584956 0.817206 3.905882 6.344009
0.576755 0.823015 3.969056 6.290651
0.568496 0.828741 4.031692 6.236395
0.560180 0.834385 4.093781 6.181262
0.551809 0.839945 4.155314 6.125276
0.543382 0.845421 4.216284 6.068460
0.534901 0.850812 4.276681 6.010836
0.526366 0.856119 4.336498 5.952428
0.517778 0.861339 4.395727 5.893260
0.509139 0.866474 4.454360 5.833356
0.500449 0.871522 4.512392 5.772739
0.491709 0.876483 4.569813 5.711435
0.482920 0.881356 4.626618 5.649468
0.474082 0.886141 4.682800 5.586863
0.465197 0.890837 4.738353 5.523644
0.456266 0.895445 4.793271 5.459836
0.447289 0.899963 4.847548 5.395466
0.438267 0.904390 4.901179 5.330559
0.429201 0.908728 4.954158 5.265139
0.420093 0.912974 5.006480 5.199232
0.410942 0.917130 5.058141 5.132865
0.401750 0.921193 5.109136 5.066064
0.392519 0.925164 5.159461 4.998852
0.383247 0.929043 5.209111 4.931258
0.373938 0.932829 5.258085 4.863307
0.364591 0.936522 5.306376 4.795024
0.355208 0.940121 5.353984 4.726435
0.345789 0.943626 5.400904 4.657568
0.336336 0.947037 5.447135 4.588447
0.326849 0.950353 5.492672 4.519098
0.317329 0.953573 5.537516 4.449548
0.307777 0.956699 5.581663 4.379822
0.298195 0.959729 5.625112 4.309946
0.288583 0.962663 5.667861 4.239945
0.278942 0.965500 5.709910 4.169846
0.269274 0.968242 5.751258 4.099673
0.259578 0.970886 5.791904 4.029453
0.249856 0.973433 5.831847 3.959209
0.240109 0.975883 5.871088 3.888968
0.230339 0.978235 5.909626 3.818755
0.220545 0.980490 5.947463 3.748594
0.210729 0.982646 5.984599 3.678509
0.200893 0.984704 6.021034 3.608526
0.191472 0.988917 6.043183 -5.177064
0.180618 0.985849 5.951473 -0.026260
0.171706 0.992539 6.003711 -2.665530
0.161135 0.990917 5.927176 -3.881336
0.151457 0.993712 5.912540 -2.331369
0.141474 0.994980 5.884021 -2.846823
0.131518 0.996345 5.855238 -2.909804
0.121548 0.997610 5.825823 -2.973156
0.111566 0.998776 5.795773 -3.036863
0.101573 0.999841 5.765085 -3.100907
0.091569 1.000807 5.733754 -3.165271
0.081557 1.001673 5.701778 -3.229935
0.071536 1.002438 5.669155 -3.294883
0.061508 1.003104 5.635880 -3.360095
0.051474 1.003668 5.601952 -3.425553
0.041435 1.004133 5.567368 -3.491238
0.031392 1.004497 5.532126 -3.557130
0.021346 1.004761 5.496225 -3.623210
0.011297 1.004924 5.459662 -3.689457
0.001247 1.004987 5.422435 -3.755853
-0.008802 1.004949 5.384544 -3.822376
-0.018851 1.004811 5.345987 -3.889006
-0.028898 1.004572 5.306764 -3.955723
-0.038942 1.004233 5.266873 -4.022506
-0.048982 1.003793 5.226314 -4.089333
-0.059018 1.003253 5.185086 -4.156184
-0.069047 1.002613 5.143190 -4.223036
-0.079070 1.001872 5.100625 -4.289868
-0.089084 1.001031 5.057393 -4.356659
-0.099090 1.000091 5.013492 -4.423386
-0.109086 0.999050 4.968925 -4.490028
-0.119071 0.997909 4.923692 -4.556561
-0.129044 0.996668 4.877794 -4.622964
-0.139004 0.995328 4.831233 -4.689215
-0.148950 0.993888 4.784011 -4.755290
-0.158881 0.992349 4.736128 -4.821167
-0.168797 0.990711 4.687588 -4.886823
-0.178695 0.988973 4.638393 -4.952235
-0.188576 0.987137 4.588544 -5.017380
-0.198437 0.985202 4.538046 -5.082236
-0.208279 0.983168 4.486901 -5.146779
-0.218100 0.981036 4.435111 -5.210987
-0.227900 0.978806 4.382682 -5.274835
-0.237676 0.976478 4.329616 -5.338301
-0.247429 0.974053 4.275917 -5.401362
-0.257157 0.971530 4.221590 -5.463995
-0.266859 0.968910 4.166639 -5.526177
-0.276535 0.966193 4.111068 -5.587884
-0.286183 0.963379 4.054883 -5.649093
-0.295802 0.960469 3.998088 -5.709783
-0.305392 0.957463 3.940689 -5.769929
-0.314951 0.954361 3.882691 -5.829509
-0.324479 0.951164 3.824101 -5.888501
-0.333974 0.947872 3.764923 -5.946881
-0.343436 0.944485 3.705165 -6.004628
-0.352863 0.941003 3.644833 -6.061718
-0.362256 0.937428 3.583933 -6.118131
-0.371612 0.933758 3.522473 -6.173843
-0.380931 0.929996 3.460459 -6.228833
-0.390211 0.926140 3.397899 -6.283079
-0.399453 0.922192 3.334800 -6.336561
-0.408655 0.918151 3.271170 -6.389256
-0.417816 0.914019 3.207017 -6.441143
-0.426935 0.909795 3.142350 -6.492203
-0.436011 0.905480 3.077176 -6.542414
-0.445044 0.901075 3.011505 -6.591755
-0.454033 0.896579 2.945344 -6.640208
-0.462975 0.891994 2.878703 -6.687752
-0.471872 0.887320 2.811592 -6.734368
-0.480722 0.882557 2.744019 -6.780037
-0.489523 0.877706 2.675995 -6.824740
-0.498275 0.872767 2.607528 -6.868459
-0.506978 0.867740 2.538629 -6.911175
-0.515630 0.862627 2.469308 -6.952871
-0.524230 0.857428 2.399575 -6.993529
-0.532778 0.852143 2.329441 -7.033133
-0.541273 0.846773 2.258916 -7.071666
-0.549713 0.841318 2.188011 -7.109112
-0.558099 0.835778 2.116737 -7.145454
-0.566429 0.830156 2.045105 -7.180679
-0.574702 0.824450 1.973127 -7.214770
-0.582917 0.818662 1.900814 -7.247713
-0.591075 0.812792 1.828177 -7.279494
-0.599173 0.806841 1.755228 -7.310100
-0.607211 0.800809 1.681979 -7.339518
-0.615189 0.794697 1.608442 -7.367735
-0.623105 0.788505 1.534628 -7.394739
-0.630959 0.782235 1.460551 -7.420518
-0.638749 0.775886 1.386222 -7.445061
-0.646476 0.769460 1.311654 -7.468358
-0.654138 0.762957 1.236859 -7.490399
-0.661735 0.756377 1.161850 -7.511174
-0.669266 0.749722 1.086640 -7.530674
-0.676729 0.742992 1.011241 -7.548890
-0.684125 0.736188 0.935666 -7.565816
-0.691453 0.729310 0.859929 -7.581442
-0.698711 0.722359 0.784042 -7.595763
-0.705900 0.715336 0.708018 -7.608773
-0.713018 0.708241 0.631871 -7.620465
-0.720064 0.701076 0.555613 -7.630835
-0.727039 0.693840 0.479258 -7.639878
-0.733941 0.686535 0.402820 -7.647590
-0.740769 0.679162 0.326311 -7.653968
-0.747524 0.671720 0.249745 -7.659008
-0.754204 0.664212 0.173135 -7.662710
-0.760808 0.656636 0.096495 -7.665070
-0.767336 0.648996 0.019838 -7.666089
-0.773788 0.641290 -0.056822 -7.665765
-0.780162 0.633520 -0.133472 -7.664099
-0.786458 0.625687 -0.210099 -7.661091
-0.792675 0.617791 -0.286690 -7.656744
-0.798813 0.609834 -0.363230 -7.651058
-0.804872 0.601815 -0.439706 -7.644036
-0.810849 0.593737 -0.516106 -7.635681
-0.816746 0.585599 -0.592416 -7.625998
-0.822561 0.577402 -0.668622 -7.614989
-0.828294 0.569148 -0.744711 -7.602661
-0.833944 0.560836 -0.820671 -7.589018
-0.839511 0.552469 -0.896487 -7.574066
-0.844993 0.544046 -0.972148 -7.557812
-0.850391 0.535569 -1.047639 -7.540263
-0.855704 0.527039 -1.122948 -7.521426
-0.860932 0.518456 -1.198063 -7.501310
-0.866073 0.509821 -1.272970 -7.479923
-0.871128 0.501134 -1.347657 -7.457275
-0.876096 0.492398 -1.422112 -7.433375
-0.880976 0.483613 -1.496321 -7.408234
-0.885768 0.474779 -1.570272 -7.381863
-0.890471 0.465898 -1.643954 -7.354273
-0.895086 0.456970 -1.717354 -7.325475
-0.899611 0.447996 -1.790460 -7.295482
-0.904046 0.438978 -1.863259 -7.264307
-0.908390 0.429916 -1.935742 -7.231964
-0.912644 0.420810 -2.007895 -7.198465
-0.916806 0.411663 -2.079707 -7.163826
-0.920877 0.402475 -2.151168 -7.128060
-0.924855 0.393246 -2.222265 -7.091183
-0.928742 0.383978 -2.292988 -7.053211
-0.932535 0.374671 -2.363325 -7.014160
-0.936235 0.365327 -2.433267 -6.974045
-0.939841 0.355947 -2.502803 -6.932884
-0.943354 0.346531 -2.571922 -6.890693
-0.946772 0.337080 -2.640613 -6.847491
-0.950095 0.327596 -2.708868 -6.803296
-0.953324 0.318079 -2.776676 -6.758124
-0.956457 0.308530 -2.844027 -6.711996
-0.959494 0.298950 -2.910913 -6.664930
-0.962436 0.289340 -2.977323 -6.616945
-0.965281 0.279701 -3.043249 -6.568061
-0.968030 0.270035 -3.108681 -6.518297
-0.970681 0.260341 -3.173612 -6.467674
-0.973236 0.250622 -3.238032 -6.416213
-0.975694 0.240877 -3.301933 -6.363933
-0.978054 0.231108 -3.365308 -6.310856
-0.980316 0.221316 -3.428148 -6.257003
-0.982480 0.211502 -3.490445 -6.202395
-0.984546 0.201667 -3.552193 -6.147054
-0.986513 0.191811 -3.613384 -6.091001
-0.988382 0.181937 -3.674011 -6.034259
-0.990152 0.172044 -3.734067 -5.976849
-0.991823 0.162134 -3.793546 -5.918794
-0.993395 0.152208 -3.852441 -5.860116
-0.994867 0.142267 -3.910746 -5.800837
-0.996240 0.132311 -3.968456 -5.740981
-0.997513 0.122342 -4.025564 -5.680570
-0.998687 0.112361 -4.082065 -5.619627
-0.999760 0.102369 -4.137955 -5.558174
-1.000734 0.092366 -4.193227 -5.496236
-1.001608 0.082354 -4.247878 -5.433833
-1.002381 0.072334 -4.301902 -5.370991
-1.003054 0.062307 -4.355296 -5.307732
-1.003627 0.052274 -4.408056 -5.244078
-1.004100 0.042235 -4.460177 -5.180054
-1.004472 0.032192 -4.511656 -5.115682
-1.004744 0.022146 -4.562489 -5.050985
-1.004915 0.012097 -4.612674 -4.985986
-1.004985 0.002048 -4.662208 -4.920709
-1.004956 -0.008002 -4.711088 -4.855177
-1.004825 -0.018051 -4.759311 -4.789411
-1.004595 -0.028098 -4.806875 -4.723436
-1.004263 -0.038143 -4.853779 -4.657274
-1.003832 -0.048183 -4.900020 -4.590947
-1.003300 -0.058219 -4.945597 -4.524478
-1.002667 -0.068249 -4.990509 -4.457889
-1.001935 -0.078272 -5.034755 -4.391204
-1.001102 -0.088287 -5.078333 -4.324443
-1.000169 -0.098294 -5.121244 -4.257630
-0.999136 -0.108290 -5.163486 -4.190785
-0.998003 -0.118276 -5.205059 -4.123931
-0.996771 -0.128250 -5.245964 -4.057089
-0.995438 -0.138211 -5.286201 -3.990281
-0.994007 -0.148158 -5.325770 -3.923527
-0.992475 -0.158091 -5.364672 -3.856849
-0.990845 -0.168008 -5.402907 -3.790268
-0.989115 -0.177907 -5.440478 -3.723804
-0.987287 -0.187790 -5.477384 -3.657477
-0.244731 0.888879 0.395279 7.883646
-0.253608 0.886388 0.474056 7.871507
-0.262459 0.883807 0.552704 7.857824
-0.271284 0.881139 0.631207 7.842605
-0.280081 0.878382 0.709551 7.825858
-0.288851 0.875537 0.787719 7.807589
-0.297592 0.872605 0.865698 7.787810
-0.306303 0.869585 0.943470 7.766529
-0.314983 0.866479 1.021023 7.743758
-0.323632 0.863286 1.098341 7.719507
-0.332249 0.860006 1.175408 7.693788
-0.340832 0.856641 1.252212 7.666614
-0.349381 0.853190 1.328736 7.637998
-0.357895 0.849653 1.404967 7.607954
-0.366374 0.846032 1.480890 7.576498
-0.374816 0.842326 1.556492 7.543643
-0.383220 0.838536 1.631758 7.509406
-0.391586 0.834662 1.706676 7.473804
-0.399913 0.830704 1.781230 7.436853
-0.408200 0.826664 1.855408 7.398572
-0.416446 0.822540 1.929197 7.358978
-0.424650 0.818335 2.002584 7.318090
-0.432812 0.814048 2.075555 7.275928
-0.440931 0.809679 2.148098 7.232512
-0.449006 0.805229 2.220201 7.187863
-0.457035 0.800699 2.291851 7.142000
-0.465019 0.796088 2.363037 7.094946
-0.472957 0.791399 2.433746 7.046723
-0.480847 0.786630 2.503967 6.997353
-0.488689 0.781782 2.573689 6.946858
-0.496483 0.776856 2.642901 6.895263
-0.504226 0.771852 2.711591 6.842591
-0.511919 0.766772 2.779749 6.788867
-0.519561 0.761614 2.847365 6.734113
-0.527151 0.756380 2.914428 6.678357
-0.534689 0.751071 2.980929 6.621622
-0.542173 0.745687 3.046857 6.563934
-0.549602 0.740228 3.112205 6.505320
-0.556977 0.734695 3.176961 6.445805
-0.564296 0.729089 3.241118 6.385416
-0.571558 0.723409 3.304666 6.324180
-0.578764 0.717658 3.367599 6.262123
-0.585911 0.711834 3.429906 6.199273
-0.593000 0.705940 3.491581 6.135657
-0.600030 0.699974 3.552617 6.071303
-0.606999 0.693939 3.613005 6.006239
-0.613908 0.687835 3.672739 5.940493
-0.620756 0.681661 3.731813 5.874092
-0.627541 0.675420 3.790219 5.807065
-0.634264 0.669111 3.847952 5.739441
-0.640923 0.662735 3.905006 5.671247
-0.647519 0.656292 3.961375 5.602513
-0.654049 0.649784 4.017055 5.533266
-0.660514 0.643212 4.072039 5.463537
-0.666913 0.636574 4.126324 5.393352
-0.673245 0.629874 4.179905 5.322741
-0.679510 0.623110 4.232777 5.251733
-0.685707 0.616284 4.284938 5.180356
-0.691836 0.609396 4.336383 5.108638
-0.697895 0.602447 4.387110 5.036609
-0.703885 0.595438 4.437115 4.964296
-0.709804 0.588370 4.486395 4.891729
-0.715652 0.581242 4.534948 4.818935
-0.721428 0.574057 4.582773 4.745943
-0.727133 0.566814 4.629867 4.672780
-0.732764 0.559514 4.676228 4.599475
-0.738323 0.552159 4.721856 4.526055
-0.743807 0.544748 4.766749 4.452549
-0.749218 0.537283 4.810907 4.378982
-0.754553 0.529764 4.854328 4.305384
-0.759813 0.522192 4.897014 4.231780
-0.764997 0.514568 4.938964 4.158197
-0.770104 0.506893 4.980178 4.084663
-0.775134 0.499166 5.020658 4.011203
-0.780087 0.491390 5.060403 3.937843
-0.784962 0.483565 5.099415 3.864610
-0.789758 0.475691 5.137695 3.791528
-0.794475 0.467770 5.175246 3.718624
-0.799113 0.459802 5.212069 3.645922
-0.803671 0.451788 5.248165 3.573446
-0.808149 0.443729 5.283538 3.501222
-0.812546 0.435625 5.318191 3.429274
-0.816861 0.427478 5.352125 3.357624
-0.821095 0.419288 5.385344 3.286297
-0.825247 0.411056 5.417852 3.215315
-0.829316 0.402784 5.449652 3.144701
-0.833303 0.394470 5.480747 3.074478
-0.837205 0.386118 5.511143 3.004668
-0.841025 0.377727 5.540842 2.935292
-0.846689 0.370141 5.577833 -0.538683
-0.846124 0.359809 5.493228 -5.424943
-0.853904 0.353176 5.529306 1.681997
-0.854577 0.343389 5.472703 -5.695884
-0.859024 0.335288 5.448117 -1.961711
-0.862165 0.326607 5.422124 -2.798376
-0.865388 0.317969 5.393853 -2.855885
-0.868524 0.309300 5.365006 -2.913671
-0.871573 0.300599 5.335579 -2.971717
-0.874536 0.291868 5.305571 -3.030010
-0.877411 0.283109 5.274978 -3.088531
-0.880198 0.274320 5.243799 -3.147266
-0.882897 0.265505 5.212032 -3.206198
-0.885508 0.256663 5.179675 -3.265309
-0.888030 0.247795 5.146725 -3.324585
-0.890464 0.238903 5.113183 -3.384006
-0.892808 0.229986 5.079045 -3.443557
-0.895063 0.221047 5.044311 -3.503219
-0.897229 0.212085 5.008980 -3.562976
-0.899305 0.203102 4.973051 -3.622809
-0.901291 0.194099 4.936524 -3.682701
-0.903187 0.185077 4.899397 -3.742633
-0.904992 0.176036 4.861671 -3.802587
-0.906708 0.166977 4.823345 -3.862545
-0.908332 0.157902 4.784420 -3.922488
-0.909866 0.148811 4.744896 -3.982398
-0.911308 0.139705 4.704772 -4.042255
-0.912660 0.130585 4.664051 -4.102041
-0.913920 0.121452 4.622732 -4.161736
-0.915089 0.112307 4.580817 -4.221322
-0.916166 0.103151 4.538306 -4.280779
-0.917152 0.093984 4.495201 -4.340088
-0.918046 0.084808 4.451505 -4.399229
-0.918848 0.075623 4.407218 -4.458183
-0.919558 0.066431 4.362342 -4.516930
-0.920176 0.057233 4.316880 -4.575450
-0.920703 0.048028 4.270834 -4.633724
-0.921137 0.038819 4.224206 -4.691732
-0.921479 0.029606 4.177000 -4.749454
-0.921729 0.020390 4.129218 -4.806871
-0.921887 0.011171 4.080864 -4.863962
-0.921952 0.001952 4.031940 -4.920707
-0.921926 -0.007267 3.982451 -4.977088
-0.921807 -0.016486 3.932399 -5.033083
-0.921596 -0.025703 3.881790 -5.088674
-0.921293 -0.034918 3.830627 -5.143839
-0.920898 -0.044129 3.778915 -5.198561
-0.920410 -0.053335 3.726658 -5.252818
-0.919831 -0.062537 3.673860 -5.306592
-0.919160 -0.071732 3.620528 -5.359863
-0.918396 -0.080920 3.566665 -5.412611
-0.917541 -0.090099 3.512277 -5.464817
-0.916594 -0.099270 3.457370 -5.516462
-0.915556 -0.108431 3.401950 -5.567526
-0.914426 -0.117581 3.346022 -5.617991
-0.913204 -0.126719 3.289592 -5.667838
-0.911892 -0.135845 3.232667 -5.717048
-0.910488 -0.144957 3.175253 -5.765602
-0.908992 -0.154054 3.117357 -5.813482
-0.907407 -0.163136 3.058986 -5.860671
-0.905730 -0.172202 3.000146 -5.907149
-0.903963 -0.181250 2.940845 -5.952899
-0.902105 -0.190281 2.881091 -5.997903
-0.900157 -0.199292 2.820890 -6.042145
-0.898119 -0.208284 2.760251 -6.085606
-0.895991 -0.217254 2.699180 -6.128270
-0.893774 -0.226203 2.637688 -6.170121
-0.891467 -0.235130 2.575781 -6.211141
-0.889072 -0.244032 2.513468 -6.251315
-0.886587 -0.252911 2.450757 -6.290627
-0.884013 -0.261764 2.387658 -6.329061
-0.881352 -0.270591 2.324179 -6.366603
-0.878602 -0.279390 2.260329 -6.403236
-0.875764 -0.288162 2.196117 -6.438947
-0.872839 -0.296905 2.131553 -6.473720
-0.869826 -0.305619 2.066646 -6.507543
-0.866726 -0.314302 2.001406 -6.540402
-0.863540 -0.322953 1.935841 -6.572283
-0.860267 -0.331572 1.869963 -6.603173
-0.856909 -0.340158 1.803781 -6.633060
-0.853464 -0.348710 1.737306 -6.661931
-0.849935 -0.357227 1.670546 -6.689776
-0.846320 -0.365708 1.603513 -6.716582
-0.842621 -0.374153 1.536218 -6.742339
-0.838837 -0.382561 1.468670 -6.767035
-0.834969 -0.390930 1.400881 -6.790662
-0.831018 -0.399260 1.332861 -6.813208
-0.826984 -0.407550 1.264620 -6.834665
-0.822868 -0.415799 1.196171 -6.855025
-0.818669 -0.424007 1.127524 -6.874278
-0.814388 -0.432172 1.058689 -6.892416
-0.810025 -0.440294 0.989679 -6.909432
-0.805582 -0.448372 0.920504 -6.925320
-0.801058 -0.456406 0.851176 -6.940071
-0.796454 -0.464393 0.781707 -6.953681
-0.791770 -0.472335 0.712107 -6.966144
-0.787007 -0.480228 0.642388 -6.977454
-0.782166 -0.488074 0.572561 -6.987606
-0.777246 -0.495872 0.502639 -6.996597
-0.772249 -0.503619 0.432633 -7.004422
-0.767174 -0.511316 0.362555 -7.011079
-0.762022 -0.518962 0.292416 -7.016564
-0.756795 -0.526556 0.222227 -7.020876
-0.751491 -0.534098 0.152002 -7.024012
-0.746113 -0.541586 0.081751 -7.025971
-0.740660 -0.549020 0.011487 -7.026753
-0.735133 -0.556399 -0.058780 -7.026357
-0.729532 -0.563722 -0.129037 -7.024782
-0.723858 -0.570989 -0.199272 -7.022031
-0.718113 -0.578199 -0.269473 -7.018103
-0.712295 -0.585351 -0.339630 -7.013001
-0.706406 -0.592445 -0.409730 -7.006727
-0.700446 -0.599479 -0.479761 -6.999284
-0.694416 -0.606454 -0.549711 -6.990673
-0.688317 -0.613367 -0.619570 -6.980900
-0.682149 -0.620220 -0.689325 -6.969968
-0.675913 -0.627010 -0.758966 -6.957882
-0.669609 -0.633738 -0.828479 -6.944647
-0.663238 -0.640402 -0.897855 -6.930268
-0.656801 -0.647002 -0.967081 -6.914751
-0.650299 -0.653538 -1.036146 -6.898103
-0.643731 -0.660008 -1.105039 -6.880331
-0.637099 -0.666412 -1.173749 -6.861441
-0.630403 -0.672750 -1.242264 -6.841443
-0.623644 -0.679020 -1.310574 -6.820344
-0.616823 -0.685223 -1.378667 -6.798152
-0.609940 -0.691356 -1.446534 -6.774878
-0.602996 -0.697421 -1.514161 -6.750530
-0.595991 -0.703416 -1.581541 -6.725119
-0.588928 -0.709341 -1.648660 -6.698655
-0.581805 -0.715194 -1.715510 -6.671148
-0.574624 -0.720977 -1.782080 -6.642611
-0.567386 -0.726687 -1.848359 -6.613055
-0.560090 -0.732324 -1.914338 -6.582491
-0.552739 -0.737888 -1.980006 -6.550933
-0.545333 -0.743379 -2.045353 -6.518393
-0.537872 -0.748795 -2.110370 -6.484884
-0.530357 -0.754136 -2.175047 -6.450419
-0.522790 -0.759402 -2.239375 -6.415013
-0.515169 -0.764592 -2.303345 -6.378680
-0.507498 -0.769705 -2.366946 -6.341434
-0.499776 -0.774741 -2.430170 -6.303290
-0.492003 -0.779700 -2.493009 -6.264263
-0.484182 -0.784581 -2.555453 -6.224369
-0.476312 -0.789384 -2.617493 -6.183624
-0.468394 -0.794107 -2.679122 -6.142043
-0.460430 -0.798752 -2.740332 -6.099643
-0.452420 -0.803316 -2.801113 -6.056441
-0.444364 -0.807800 -2.861458 -6.012452
-0.436264 -0.812203 -2.921359 -5.967695
-0.428120 -0.816525 -2.980809 -5.922187
-0.419934 -0.820765 -3.039800 -5.875945
-0.411705 -0.824923 -3.098326 -5.828987
-0.403436 -0.828999 -3.156378 -5.781331
-0.395126 -0.832992 -3.213950 -5.732995
-0.386776 -0.836902 -3.271035 -5.683997
-0.378388 -0.840727 -3.327628 -5.634357
-0.369962 -0.844469 -3.383721 -5.584092
-0.361499 -0.848127 -3.439308 -5.533221
-0.352999 -0.851699 -3.494383 -5.481764
-0.344465 -0.855186 -3.548941 -5.429739
-0.335896 -0.858588 -3.602976 -5.377167
-0.327294 -0.861904 -3.656483 -5.324065
-0.318658 -0.865134 -3.709456 -5.270453
-0.309991 -0.868277 -3.761890 -5.216352
-0.301293 -0.871334 -3.813781 -5.161780
-0.292565 -0.874303 -3.865124 -5.106757
-0.283807 -0.877185 -3.915915 -5.051303
-0.275021 -0.879979 -3.966149 -4.995438
-0.266208 -0.882685 -4.015822 -4.939181
-0.257368 -0.885303 -4.064931 -4.882553
-0.248502 -0.887833 -4.113472 -4.825573
-0.239612 -0.890273 -4.161442 -4.768260
-0.230697 -0.892625 -4.208836 -4.710636
-0.221759 -0.894887 -4.255653 -4.652719
-0.212800 -0.897060 -4.301890 -4.594530
-0.203818 -0.899143 -4.347543 -4.536088
-0.194817 -0.901136 -4.392611 -4.477413
-0.185796 -0.903039 -4.437091 -4.418524
-0.176757 -0.904852 -4.480981 -4.359442
-0.167699 -0.906574 -4.524279 -4.300186
-0.158625 -0.908206 -4.566984 -4.240776
-0.149535 -0.909747 -4.609094 -4.181230
-0.140431 -0.911197 -4.650608 -4.121568
-0.131312 -0.912555 -4.691525 -4.061810
-0.122180 -0.913823 -4.731844 -4.001974
-0.113036 -0.914999 -4.771564 -3.942079
-0.103880 -0.916083 -4.810685 -3.882145
-0.094714 -0.917076 -4.849207 -3.822190
-0.085539 -0.917978 -4.887129 -3.762232
-0.076355 -0.918787 -4.924452 -3.702291
-0.067164 -0.919505 -4.961175 -3.642384
-0.057965 -0.920130 -4.997300 -3.582530
-0.048761 -0.920664 -5.032826 -3.522747
-0.039552 -0.921106 -5.067755 -3.463051
-0.030339 -0.921455 -5.102087 -3.403462
-0.021124 -0.921712 -5.135824 -3.343996
-0.011906 -0.921878 -5.168968 -3.284671
-0.002686 -0.921951 -5.201518 -3.225504
0.006533 -0.921931 -5.233478 -3.166512
0.015752 -0.921820 -5.264849 -3.107711
0.024969 -0.921616 -5.295633 -3.049118
0.034184 -0.921320 -5.325832 -2.990749
0.043395 -0.920933 -5.355449 -2.932620
0.052602 -0.920453 -5.384486 -2.874747
0.061804 -0.919881 -5.412945 -2.817146
0.071000 -0.919217 -5.440830 -2.759832
0.080188 -0.918461 -5.468143 -2.702819
0.089369 -0.917613 -5.494887 -2.646124
0.098540 -0.916673 -5.521066 -2.589760
0.107702 -0.915642 -5.546683 -2.533743
0.117119 -0.916607 -5.577058 1.270025
0.125695 -0.910818 -5.504920 2.618571
0.135381 -0.914088 -5.546732 -0.440947
0.144126 -0.909640 -5.495559 3.648290
0.153361 -0.909296 -5.483633 1.372423
0.162423 -0.907535 -5.465027 1.927219
0.171490 -0.905865 -5.445507 1.976899
0.180540 -0.904105 -5.425487 2.027114
0.189571 -0.902254 -5.404963 2.077857
0.198584 -0.900313 -5.383928 2.129119
0.207577 -0.898283 -5.362379 2.180890
0.216550 -0.896162 -5.340309 2.233163
0.225500 -0.893952 -5.317714 2.285926
0.234428 -0.891652 -5.294589 2.339171
0.243333 -0.889263 -5.270929 2.392887
0.252213 -0.886785 -5.246729 2.447064
0.261069 -0.884219 -5.221986 2.501692
0.269898 -0.881564 -5.196694 2.556759
0.278700 -0.878821 -5.170849 2.612254
0.287474 -0.875990 -5.144448 2.668166
0.296219 -0.873072 -5.117485 2.724483
0.304935 -0.870066 -5.089957 2.781192
0.313620 -0.866973 -5.061860 2.838283
0.322274 -0.863794 -5.033190 2.895741
0.330896 -0.860528 -5.003944 2.953554
0.339484 -0.857176 -4.974118 3.011708
0.348039 -0.853738 -4.943708 3.070191
0.356559 -0.850215 -4.912713 3.128989
0.365043 -0.846607 -4.881128 3.188086
0.373491 -0.842914 -4.848950 3.247470
0.381901 -0.839137 -4.816177 3.307125
0.390273 -0.835277 -4.782807 3.367036
0.398606 -0.831332 -4.748836 3.427189
0.406899 -0.827305 -4.714262 3.487568
0.415152 -0.823194 -4.679084 3.548158
0.423363 -0.819002 -4.643298 3.608941
0.431532 -0.814727 -4.606904 3.669903
0.439657 -0.810371 -4.569900 3.731026
0.447739 -0.805934 -4.532283 3.792295
0.455776 -0.801417 -4.494053 3.853692
0.463767 -0.796819 -4.455209 3.915200
0.471712 -0.792141 -4.415749 3.976801
0.479610 -0.787385 -4.375673 4.038479
0.487459 -0.782549 -4.334979 4.100215
0.495260 -0.777636 -4.293668 4.161991
0.503012 -0.772644 -4.251740 4.223789
0.510713 -0.767576 -4.209193 4.285590
0.518363 -0.762430 -4.166028 4.347377
0.525961 -0.757209 -4.122245 4.409129
0.533507 -0.751911 -4.077845 4.470829
0.540999 -0.746539 -4.032829 4.532457
0.548437 -0.741091 -3.987197 4.593993
0.555821 -0.735570 -3.940949 4.655419
0.563149 -0.729975 -3.894089 4.716714
0.570420 -0.724307 -3.846616 4.777858
0.577634 -0.718567 -3.798532 4.838833
0.584791 -0.712755 -3.749840 4.899617
0.591889 -0.706871 -3.700540 4.960191
0.598928 -0.700917 -3.650637 5.020534
0.605907 -0.694893 -3.600130 5.080627
0.612826 -0.688799 -3.549025 5.140448
0.619683 -0.682637 -3.497323 5.199977
0.626478 -0.676406 -3.445026 5.259193
0.633211 -0.670107 -3.392140 5.318076
0.639880 -0.663742 -3.338666 5.376606
0.646486 -0.657310 -3.284609 5.434761
0.653026 -0.650812 -3.229972 5.492520
0.659502 -0.644250 -3.174760 5.549864
0.665911 -0.637622 -3.118976 5.606770
0.672254 -0.630932 -3.062626 5.663219
0.678530 -0.624178 -3.005714 5.719190
0.684737 -0.617361 -2.948244 5.774661
0.690877 -0.610483 -2.890222 5.829613
0.696947 -0.603544 -2.831653 5.884024
0.702947 -0.596544 -2.772543 5.937874
0.708877 -0.589485 -2.712898 5.991142
0.714737 -0.582367 -2.652723 6.043809
0.720525 -0.575191 -2.592024 6.095853
0.726240 -0.567957 -2.530808 6.147254
0.731884 -0.560666 -2.469081 6.197993
0.737454 -0.553319 -2.406850 6.248049
0.742950 -0.545917 -2.344122 6.297402
0.748372 -0.538461 -2.280904 6.346033
0.753719 -0.530950 -2.217204 6.393923
0.758990 -0.523387 -2.153029 6.441051
0.764186 -0.515771 -2.088386 6.487400
0.769306 -0.508103 -2.023283 6.532949
0.774348 -0.500385 -1.957729 6.577680
0.779313 -0.492616 -1.891732 6.621574
0.784200 -0.484799 -1.825301 6.664614
0.789009 -0.476933 -1.758443 6.706781
0.793739 -0.469019 -1.691168 6.748058
0.798389 -0.461058 -1.623485 6.788426
0.802960 -0.453051 -1.555403 6.827869
0.807450 -0.444999 -1.486931 6.866370
0.811860 -0.436903 -1.418078 6.903912
0.816188 -0.428762 -1.348856 6.940478
0.820435 -0.420579 -1.279272 6.976054
0.824600 -0.412354 -1.209338 7.010623
0.828682 -0.404087 -1.139063 7.044169
0.832681 -0.395780 -1.068458 7.076679
0.836597 -0.387434 -0.997533 7.108136
0.840430 -0.379049 -0.926299 7.138528
0.844178 -0.370626 -0.854766 7.167840
0.847842 -0.362165 -0.782946 7.196059
0.851421 -0.353669 -0.710849 7.223171
0.854915 -0.345137 -0.638486 7.249165
0.858324 -0.336571 -0.565869 7.274028
0.861647 -0.327971 -0.493009 7.297748
0.864883 -0.319338 -0.419918 7.320314
0.868033 -0.310674 -0.346607 7.341715
0.871097 -0.301978 -0.273088 7.361940
0.874073 -0.293252 -0.199372 7.380981
0.876962 -0.284497 -0.125472 7.398826
0.879763 -0.275713 -0.051400 7.415468
0.882476 -0.266902 0.022833 7.430897
0.885101 -0.258064 0.097214 7.445107
0.887637 -0.249200 0.171731 7.458088
0.890084 -0.240312 0.246372 7.469835
0.892443 -0.231399 0.321124 7.480340
0.894712 -0.222463 0.395975 7.489598
0.896892 -0.213505 0.470912 7.497603
0.898982 -0.204525 0.545923 7.504350
0.900983 -0.195526 0.620994 7.509836
0.902893 -0.186506 0.696115 7.514055
0.904713 -0.177468 0.771271 7.517004
0.906442 -0.168412 0.846451 7.518682
0.908081 -0.159339 0.921641 7.519084
0.909629 -0.150251 0.996828 7.518211
0.911086 -0.141147 1.072001 7.516060
0.912452 -0.132029 1.147145 7.512630
0.913726 -0.122898 1.222249 7.507923
0.914910 -0.113755 1.297299 7.501937
0.916001 -0.104601 1.372284 7.494675
0.917002 -0.095435 1.447189 7.486138
0.917910 -0.086261 1.522002 7.476327
0.918727 -0.077078 1.596711 7.465245
0.919452 -0.067887 1.671303 7.452896
0.920085 -0.058689 1.745765 7.439284
0.920625 -0.049485 1.820084 7.424411
0.921074 -0.040277 1.894249 7.408285
0.921431 -0.031064 1.968246 7.390908
0.921696 -0.021848 2.042063 7.372289
0.921868 -0.012630 2.115687 7.352432
0.921948 -0.003411 2.189107 7.331345
0.921936 0.005808 2.262310 7.309035
0.921832 0.015027 2.335284 7.285511
0.921636 0.024245 2.408016 7.260780
0.921347 0.033460 2.480496 7.234852
0.920966 0.042671 2.552709 7.207736
0.920494 0.051879 2.624646 7.179442
0.919929 0.061081 2.696294 7.149981
0.919272 0.070277 2.767642 7.119364
0.918523 0.079466 2.838678 7.087602
0.917683 0.088647 2.909390 7.054706
0.916750 0.097819 2.979768 7.020691
0.915726 0.106982 3.049800 6.985567
0.914611 0.116133 3.119476 6.949349
0.913404 0.125274 3.188784 6.912050
0.912105 0.134401 3.257713 6.873685
0.910716 0.143515 3.326254 6.834268
0.909235 0.152615 3.394395 6.793813
0.907664 0.161700 3.462127 6.752337
0.906001 0.170768 3.529439 6.709856
0.904248 0.179820 3.596321 6.666385
0.902405 0.188853 3.662763 6.621941
0.900471 0.197867 3.728756 6.576540
0.898448 0.206862 3.794291 6.530201
0.896334 0.215836 3.859357 6.482941
0.894131 0.224788 3.923947 6.434778
0.891838 0.233718 3.988050 6.385730
0.889457 0.242625 4.051658 6.335816
0.886986 0.251507 4.114763 6.285055
0.884427 0.260364 4.177357 6.233466
0.881779 0.269195 4.239430 6.181068
0.879043 0.278000 4.300975 6.127881
0.876219 0.286776 4.361985 6.073926
0.873307 0.295524 4.422451 6.019222
0.870309 0.304242 4.482367 5.963791
0.867223 0.312930 4.541725 5.907652
0.864050 0.321586 4.600518 5.850827
0.860791 0.330210 4.658739 5.793337
0.857446 0.338802 4.716382 5.735203
0.854015 0.347359 4.773441 5.676447
0.850499 0.355882 4.829909 5.617091
0.846898 0.364369 4.885781 5.557156
0.843212 0.372819 4.941051 5.496665
0.839441 0.381233 4.995713 5.435639
0.835587 0.389608 5.049762 5.374101
0.831649 0.397944 5.103193 5.312073
0.827628 0.406240 5.156002 5.249578
0.823525 0.414496 5.208183 5.186637
0.819339 0.422711 5.259733 5.123275
0.815071 0.430883 5.310647 5.059513
0.810721 0.439012 5.360922 4.995374
0.806290 0.447097 5.410554 4.930881
-0.454394 -0.923865 -0.244857 -4.891431
-0.445133 -0.928362 -0.293753 -4.887665
-0.435827 -0.932767 -0.342608 -4.883217
-0.426478 -0.937079 -0.391415 -4.878089
-0.417086 -0.941297 -0.440168 -4.872283
-0.407652 -0.945420 -0.488859 -4.865800
-0.398178 -0.949450 -0.537481 -4.858643
-0.388663 -0.953384 -0.586029 -4.850815
-0.379110 -0.957223 -0.634496 -4.842318
-0.369519 -0.960966 -0.682873 -4.833155
-0.359891 -0.964613 -0.731156 -4.823329
-0.350227 -0.968164 -0.779338 -4.812845
-0.340528 -0.971617 -0.827411 -4.801704
-0.330795 -0.974974 -0.875370 -4.789912
-0.321029 -0.978233 -0.923207 -4.777472
-0.311231 -0.981395 -0.970917 -4.764389
-0.301402 -0.984458 -1.018493 -4.750667
-0.291542 -0.987423 -1.065928 -4.736311
-0.281653 -0.990289 -1.113217 -4.721325
-0.271737 -0.993055 -1.160353 -4.705716
-0.261793 -0.995723 -1.207329 -4.689488
-0.251822 -0.998291 -1.254140 -4.672647
-0.241827 -1.000760 -1.300780 -4.655198
-0.231808 -1.003128 -1.347242 -4.637148
-0.221765 -1.005396 -1.393521 -4.618503
-0.211700 -1.007563 -1.439610 -4.599269
-0.201614 -1.009630 -1.485505 -4.579453
-0.191508 -1.011595 -1.531198 -4.559061
-0.181382 -1.013460 -1.576684 -4.538100
-0.171239 -1.015223 -1.621958 -4.516578
-0.161078 -1.016884 -1.667014 -4.494501
-0.150902 -1.018444 -1.711846 -4.471877
-0.140710 -1.019902 -1.756449 -4.448713
-0.130504 -1.021258 -1.800818 -4.425018
-0.120285 -1.022512 -1.844948 -4.400799
-0.110054 -1.023664 -1.888833 -4.376064
-0.099812 -1.024713 -1.932467 -4.350822
-0.089560 -1.025660 -1.975847 -4.325080
-0.079299 -1.026505 -2.018967 -4.298848
-0.069030 -1.027246 -2.061823 -4.272133
-0.058755 -1.027885 -2.104409 -4.244945
-0.048473 -1.028421 -2.146720 -4.217293
-0.038186 -1.028855 -2.188753 -4.189185
-0.027896 -1.029185 -2.230502 -4.160630
-0.017603 -1.029413 -2.271964 -4.131638
-0.007308 -1.029537 -2.313134 -4.102218
0.002987 -1.029559 -2.354007 -4.072380
0.013283 -1.029477 -2.394580 -4.042133
0.023576 -1.029293 -2.434848 -4.011487
0.033868 -1.029006 -2.474808 -3.980451
0.044156 -1.028616 -2.514456 -3.949035
0.054440 -1.028123 -2.553788 -3.917249
0.064718 -1.027527 -2.592800 -3.885104
0.074990 -1.026828 -2.631489 -3.852608
0.085255 -1.026027 -2.669851 -3.819773
0.095510 -1.025123 -2.707883 -3.786608
0.105757 -1.024117 -2.745582 -3.753124
0.115992 -1.023008 -2.782945 -3.719331
0.126217 -1.021797 -2.819968 -3.685239
0.136428 -1.020484 -2.856648 -3.650859
0.146626 -1.019069 -2.892984 -3.616200
0.156809 -1.017551 -2.928971 -3.581274
0.166977 -1.015932 -2.964609 -3.546092
0.177127 -1.014212 -2.999892 -3.510662
0.187260 -1.012390 -3.034821 -3.474997
0.197375 -1.010467 -3.069392 -3.439106
0.207469 -1.008443 -3.103602 -3.403000
0.217543 -1.006317 -3.137451 -3.366689
0.227595 -1.004092 -3.170935 -3.330185
0.237625 -1.001766 -3.204054 -3.293498
0.247630 -0.999339 -3.236805 -3.256638
0.257611 -0.996813 -3.269186 -3.219616
0.267566 -0.994187 -3.301197 -3.182442
0.277495 -0.991462 -3.332835 -3.145127
0.287395 -0.988637 -3.364099 -3.107681
0.297267 -0.985714 -3.394988 -3.070115
0.307109 -0.982692 -3.425501 -3.032440
0.316921 -0.979572 -3.455636 -2.994665
0.326700 -0.976354 -3.485394 -2.956802
0.336447 -0.973038 -3.514772 -2.918859
0.346161 -0.969625 -3.543771 -2.880849
0.355840 -0.966115 -3.572389 -2.842780
0.365483 -0.962508 -3.600626 -2.804663
0.375089 -0.958805 -3.628482 -2.766509
0.384659 -0.955007 -3.655956 -2.728327
0.394189 -0.951112 -3.683048 -2.690127
0.403680 -0.947123 -3.709759 -2.651920
0.413131 -0.943039 -3.736087 -2.613714
0.422541 -0.938861 -3.762033 -2.575521
0.431908 -0.934588 -3.787597 -2.537349
0.442240 -0.932347 -3.821466 -2.307792
0.449335 -0.923226 -3.777897 6.797270
0.460751 -0.923338 -3.785229 -4.039120
0.468490 -0.915584 -3.765303 5.207715
0.478174 -0.912016 -3.739632 0.983024
0.487182 -0.907003 -3.724702 1.833792
0.496227 -0.902086 -3.706184 1.870002
0.505223 -0.897078 -3.687302 1.906481
0.514169 -0.891981 -3.668053 1.943224
0.523063 -0.886795 -3.648436 1.980223
0.531904 -0.881520 -3.628448 2.017474
0.540693 -0.876157 -3.608086 2.054968
0.549427 -0.870707 -3.587348 2.092700
0.558106 -0.865169 -3.566231 2.130662
0.566730 -0.859545 -3.544734 2.168848
0.575297 -0.853834 -3.522853 2.207250
0.583807 -0.848039 -3.500588 2.245860
0.592258 -0.842159 -3.477936 2.284672
0.600649 -0.836194 -3.454894 2.323677
0.608981 -0.830146 -3.431461 2.362867
0.617252 -0.824014 -3.407636 2.402235
0.625461 -0.817801 -3.383416 2.441773
0.633608 -0.811505 -3.358800 2.481471
0.641691 -0.805129 -3.333786 2.521321
0.649710 -0.798672 -3.308373 2.561316
0.657664 -0.792135 -3.282559 2.601445
0.665553 -0.785519 -3.256344 2.641700
0.673374 -0.778824 -3.229725 2.682072
0.681129 -0.772052 -3.202702 2.722552
0.688815 -0.765202 -3.175274 2.763129
0.696433 -0.758275 -3.147439 2.803796
0.703980 -0.751273 -3.119198 2.844541
0.711458 -0.744196 -3.090548 2.885355
0.718864 -0.737044 -3.061490 2.926228
0.726198 -0.729819 -3.032023 2.967150
0.733460 -0.722521 -3.002147 3.008111
0.740649 -0.715150 -2.971861 3.049100
0.747763 -0.707708 -2.941165 3.090107
0.754803 -0.700195 -2.910059 3.131122
0.761767 -0.692612 -2.878543 3.172133
0.768655 -0.684960 -2.846616 3.213130
0.775466 -0.677239 -2.814280 3.254101
0.782199 -0.669451 -2.781534 3.295036
0.788854 -0.661596 -2.748380 3.335924
0.795431 -0.653674 -2.714816 3.376753
0.801928 -0.645687 -2.680845 3.417512
0.808344 -0.637636 -2.646466 3.458190
0.814680 -0.629521 -2.611681 3.498774
0.820935 -0.621343 -2.576491 3.539254
0.827107 -0.613102 -2.540897 3.579618
0.833196 -0.604801 -2.504899 3.619853
0.839203 -0.596439 -2.468500 3.659949
0.845125 -0.588017 -2.431701 3.699892
0.850963 -0.579536 -2.394503 3.739672
0.856715 -0.570998 -2.356908 3.779276
0.862383 -0.562402 -2.318918 3.818692
0.867963 -0.553751 -2.280535 3.857908
0.873457 -0.545043 -2.241760 3.896912
0.878864 -0.536282 -2.202597 3.935691
0.884183 -0.527466 -2.163047 3.974234
0.889413 -0.518598 -2.123113 4.012528
0.894555 -0.509678 -2.082798 4.050561
0.899607 -0.500708 -2.042103 4.088320
0.904569 -0.491687 -2.001032 4.125794
0.909440 -0.482616 -1.959588 4.162970
0.914221 -0.473498 -1.917774 4.199835
0.918910 -0.464332 -1.875592 4.236378
0.923507 -0.455120 -1.833047 4.272586
0.928012 -0.445863 -1.790142 4.308447
0.932424 -0.436560 -1.746880 4.343948
0.936743 -0.427214 -1.703264 4.379078
0.940968 -0.417826 -1.659299 4.413825
0.945100 -0.408395 -1.614989 4.448175
0.949136 -0.398924 -1.570337 4.482118
0.953078 -0.389413 -1.525348 4.515642
0.956924 -0.379863 -1.480026 4.548733
0.960675 -0.370275 -1.434375 4.581381
0.964330 -0.360650 -1.388400 4.613574
0.967888 -0.350988 -1.342105 4.645299
0.971349 -0.341292 -1.295495 4.676546
0.974714 -0.331562 -1.248576 4.707303
0.977981 -0.321798 -1.201351 4.737558
0.981150 -0.312002 -1.153826 4.767300
0.984220 -0.302176 -1.106007 4.796519
0.987193 -0.292318 -1.057898 4.825202
0.990067 -0.282432 -1.009504 4.853339
0.992842 -0.272517 -0.960833 4.880919
0.995517 -0.262576 -0.911888 4.907932
0.998093 -0.252607 -0.862676 4.934366
1.000569 -0.242614 -0.813203 4.960212
1.002945 -0.232596 -0.763474 4.985459
1.005221 -0.222555 -0.713495 5.010098
1.007396 -0.212492 -0.663274 5.034118
1.009471 -0.202408 -0.612815 5.057509
1.011444 -0.192303 -0.562126 5.080263
1.013317 -0.182179 -0.511212 5.102369
1.015088 -0.172037 -0.460081 5.123819
1.016757 -0.161878 -0.408738 5.144604
1.018325 -0.151702 -0.357191 5.164714
1.019791 -0.141512 -0.305446 5.184142
1.021155 -0.131307 -0.253510 5.202879
1.022417 -0.121089 -0.201391 5.220917
1.023577 -0.110859 -0.149094 5.238247
1.024635 -0.100618 -0.096628 5.254863
1.025590 -0.090367 -0.043999 5.270757
1.026442 -0.080106 0.008785 5.285922
1.027192 -0.069838 0.061717 5.300350
1.027839 -0.059563 0.114789 5.314036
1.028383 -0.049282 0.167995 5.326972
1.028824 -0.038995 0.221326 5.339152
1.029163 -0.028705 0.274775 5.350571
1.029398 -0.018413 0.328335 5.361223
1.029531 -0.008118 0.381997 5.371102
1.029561 0.002178 0.435754 5.380204
1.029487 0.012473 0.489599 5.388523
1.029311 0.022767 0.543522 5.396055
1.029032 0.033059 0.597517 5.402795
1.028650 0.043347 0.651576 5.408741
1.028165 0.053632 0.705689 5.413887
1.027577 0.063910 0.759851 5.418231
1.026887 0.074183 0.814051 5.421769
1.026094 0.084448 0.868283 5.424498
1.025198 0.094704 0.922539 5.426417
1.024200 0.104951 0.976809 5.427523
1.023099 0.115188 1.031086 5.427813
1.021896 0.125413 1.085362 5.427287
1.020591 0.135626 1.139629 5.425942
1.019184 0.145824 1.193879 5.423779
1.017674 0.156009 1.248102 5.420796
1.016063 0.166178 1.302292 5.416993
1.014351 0.176330 1.356439 5.412369
1.012537 0.186464 1.410536 5.406926
1.010622 0.196580 1.464575 5.400663
1.008605 0.206676 1.518547 5.393582
1.006488 0.216752 1.572444 5.385684
1.004270 0.226806 1.626258 5.376969
1.001952 0.236837 1.679981 5.367441
0.999534 0.246845 1.733604 5.357100
0.997015 0.256827 1.787120 5.345950
0.994397 0.266785 1.840520 5.333994
0.991680 0.276715 1.893797 5.321233
0.988863 0.286618 1.946942 5.307672
0.985948 0.296492 1.999948 5.293314
0.982933 0.306336 2.052806 5.278164
0.979821 0.316150 2.105509 5.262225
0.976610 0.325933 2.158048 5.245502
0.973302 0.335682 2.210416 5.228000
0.969897 0.345398 2.262605 5.209724
0.966395 0.355080 2.314608 5.190680
0.962795 0.364726 2.366416 5.170872
0.959100 0.374335 2.418023 5.150309
0.955309 0.383907 2.469420 5.128994
0.951422 0.393441 2.520600 5.106936
0.947440 0.402936 2.571556 5.084142
0.943364 0.412390 2.622281 5.060617
0.939193 0.421803 2.672766 5.036370
0.934928 0.431173 2.723006 5.011409
0.930569 0.440501 2.772992 4.985741
0.926118 0.449784 2.822718 4.959374
0.921574 0.459023 2.872177 4.932318
0.916937 0.468215 2.921362 4.904581
0.912210 0.477361 2.970267 4.876171
0.907390 0.486459 3.018883 4.847098
0.902480 0.495509 3.067206 4.817372
0.897480 0.504509 3.115229 4.787002
0.892390 0.513458 3.162944 4.755999
0.887211 0.522356 3.210347 4.724372
0.881944 0.531202 3.257430 4.692131
0.876587 0.539995 3.304187 4.659288
0.871144 0.548734 3.350613 4.625852
0.865613 0.557417 3.396702 4.591836
0.859996 0.566045 3.442448 4.557250
0.854292 0.574617 3.487846 4.522106
0.848504 0.583131 3.532889 4.486415
0.842630 0.591587 3.577572 4.450189
0.836672 0.599983 3.621891 4.413440
0.830630 0.608320 3.665839 4.376180
0.824506 0.616596 3.709413 4.338422
0.818299 0.624810 3.752606 4.300177
0.812010 0.632961 3.795415 4.261458
0.805640 0.641050 3.837834 4.222279
0.799189 0.649074 3.879859 4.182651
0.792658 0.657033 3.921485 4.142588
0.786049 0.664927 3.962709 4.102103
0.779360 0.672754 4.003526 4.061209
0.772594 0.680514 4.043932 4.019920
0.765750 0.688206 4.083923 3.978249
0.758830 0.695829 4.123496 3.936209
0.751834 0.703382 4.162646 3.893815
0.744762 0.710865 4.201371 3.851080
0.737617 0.718277 4.239667 3.808017
0.730397 0.725617 4.277530 3.764641
0.723105 0.732885 4.314958 3.720965
0.715740 0.740079 4.351948 3.677005
0.708303 0.747199 4.388498 3.632773
0.700796 0.754245 4.424603 3.588284
0.693219 0.761215 4.460262 3.543552
0.685572 0.768109 4.495473 3.498591
0.677857 0.774926 4.530233 3.453416
0.670074 0.781666 4.564541 3.408041
0.662224 0.788327 4.598394 3.362479
0.655801 0.796725 4.602251 -7.029911
0.644530 0.799269 4.529588 2.217392
0.639777 0.809648 4.566343 -4.586538
0.629467 0.813356 4.496552 -2.891671
0.622120 0.820603 4.481956 -2.457559
0.613752 0.826624 4.453881 -2.768567
0.605456 0.832721 4.425961 -2.815488
0.597098 0.838733 4.397571 -2.862502
0.588681 0.844662 4.368711 -2.909596
0.580205 0.850507 4.339379 -2.956758
0.571671 0.856266 4.309576 -3.003975
0.563080 0.861940 4.279300 -3.051234
0.554433 0.867528 4.248551 -3.098523
0.545730 0.873028 4.217329 -3.145827
0.536973 0.878442 4.185634 -3.193134
0.528161 0.883768 4.153466 -3.240431
0.519298 0.889005 4.120826 -3.287704
0.510382 0.894154 4.087712 -3.334939
0.501415 0.899213 4.054127 -3.382124
0.492398 0.904182 4.020070 -3.429244
0.483331 0.909060 3.985542 -3.476285
0.474217 0.913848 3.950545 -3.523234
0.465055 0.918545 3.915078 -3.570077
0.455846 0.923149 3.879144 -3.616800
0.446592 0.927661 3.842743 -3.663389
0.437293 0.932081 3.805876 -3.709829
0.427951 0.936407 3.768547 -3.756108
0.418565 0.940640 3.730755 -3.802210
0.409138 0.944778 3.692503 -3.848122
0.399670 0.948822 3.653793 -3.893828
0.390162 0.952771 3.614627 -3.939316
0.380615 0.956625 3.575007 -3.984571
0.371030 0.960384 3.534937 -4.029578
0.361408 0.964046 3.494417 -4.074324
0.351749 0.967612 3.453451 -4.118794
0.342056 0.971081 3.412042 -4.162973
0.332328 0.974453 3.370192 -4.206848
0.322567 0.977727 3.327906 -4.250405
0.312774 0.980904 3.285186 -4.293629
0.302949 0.983983 3.242035 -4.336506
0.293095 0.986963 3.198457 -4.379022
0.283210 0.989844 3.154455 -4.421164
0.273298 0.992627 3.110035 -4.462916
0.263358 0.995310 3.065198 -4.504265
0.253392 0.997894 3.019951 -4.545198
0.243401 1.000378 2.974296 -4.585700
0.233385 1.002762 2.928238 -4.625759
0.223346 1.005046 2.881782 -4.665359
0.213284 1.007229 2.834933 -4.704488
0.203202 1.009311 2.787694 -4.743133
0.193098 1.011293 2.740072 -4.781280
0.182976 1.013173 2.692070 -4.818916
0.172835 1.014952 2.643695 -4.856027
0.162677 1.016630 2.594951 -4.892602
0.152503 1.018206 2.545845 -4.928627
0.142314 1.019680 2.496381 -4.964089
0.132110 1.021052 2.446565 -4.998977
0.121893 1.022322 2.396403 -5.033277
0.111664 1.023490 2.345901 -5.066979
0.101423 1.024555 2.295066 -5.100069
0.091173 1.025518 2.243902 -5.132535
0.080913 1.026379 2.192417 -5.164368
0.070646 1.027136 2.140617 -5.195554
0.060371 1.027791 2.088508 -5.226082
0.050090 1.028344 2.036097 -5.255943
0.039804 1.028793 1.983392 -5.285124
0.029515 1.029140 1.930397 -5.313615
0.019222 1.029384 1.877122 -5.341407
0.008927 1.029524 1.823572 -5.368488
-0.001368 1.029562 1.769754 -5.394848
-0.011664 1.029497 1.715677 -5.420480
-0.021958 1.029329 1.661347 -5.445371
-0.032250 1.029058 1.606772 -5.469515
-0.042539 1.028684 1.551959 -5.492901
-0.052823 1.028207 1.496917 -5.515521
-0.063102 1.027627 1.441652 -5.537366
-0.073375 1.026945 1.386172 -5.558429
-0.083641 1.026160 1.330486 -5.578702
-0.093898 1.025272 1.274600 -5.598177
-0.104146 1.024282 1.218525 -5.616846
-0.114383 1.023189 1.162266 -5.634704
-0.124609 1.021994 1.105833 -5.651742
-0.134823 1.020697 1.049234 -5.667955
-0.145023 1.019298 0.992477 -5.683337
-0.155209 1.017797 0.935570 -5.697882
-0.165379 1.016194 0.878522 -5.711584
-0.175532 1.014489 0.821341 -5.724438
-0.185668 1.012683 0.764036 -5.736439
-0.195785 1.010776 0.706615 -5.747583
-0.205883 1.008768 0.649087 -5.757866
-0.215960 1.006658 0.591461 -5.767283
-0.226016 1.004448 0.533745 -5.775832
-0.236049 1.002138 0.475947 -5.783508
-0.246059 0.999728 0.418077 -5.790309
-0.256043 0.997217 0.360144 -5.796233
-0.266003 0.994607 0.302156 -5.801276
-0.275935 0.991897 0.244121 -5.805438
-0.285840 0.989088 0.186050 -5.808716
-0.295717 0.986180 0.127950 -5.811109
-0.305563 0.983174 0.069831 -5.812617
-0.315380 0.980069 0.011701 -5.813239
-0.325164 0.976866 -0.046431 -5.812974
-0.334917 0.973566 -0.104556 -5.811823
-0.344635 0.970168 -0.162665 -5.809786
-0.354320 0.966673 -0.220749 -5.806864
-0.363969 0.963082 -0.278799 -5.803057
-0.373581 0.959394 -0.336807 -5.798369
-0.383156 0.955610 -0.394763 -5.792799
-0.392693 0.951731 -0.452660 -5.786351
-0.402190 0.947757 -0.510487 -5.779027
-0.411648 0.943687 -0.568237 -5.770829
-0.421064 0.939524 -0.625901 -5.761761
-0.430438 0.935266 -0.683470 -5.751827
-0.439769 0.930915 -0.740935 -5.741029
-0.449056 0.926471 -0.798288 -5.729372
-0.458298 0.921934 -0.855519 -5.716860
-0.467494 0.917305 -0.912622 -5.703499
-0.476644 0.912585 -0.969587 -5.689293
-0.485746 0.907773 -1.026405 -5.674248
-0.494799 0.902870 -1.083069 -5.658368
-0.503803 0.897877 -1.139570 -5.641661
-0.512756 0.892794 -1.195899 -5.624133
-0.521658 0.887622 -1.252050 -5.605789
-0.530508 0.882361 -1.308012 -5.586638
-0.539305 0.877012 -1.363780 -5.566686
-0.548048 0.871575 -1.419343 -5.545940
-0.556737 0.866051 -1.474696 -5.524408
-0.565369 0.860440 -1.529829 -5.502099
-0.573945 0.854744 -1.584735 -5.479020
-0.582464 0.848962 -1.639407 -5.455181
-0.590924 0.843095 -1.693836 -5.430589
-0.599325 0.837143 -1.748016 -5.405255
-0.607667 0.831108 -1.801939 -5.379186
-0.615947 0.824990 -1.855597 -5.352394
-0.624166 0.818790 -1.908984 -5.324887
-0.632323 0.812507 -1.962093 -5.296677
-0.640416 0.806143 -2.014916 -5.267772
-0.648445 0.799699 -2.067446 -5.238184
-0.656410 0.793175 -2.119677 -5.207923
-0.664309 0.786571 -2.171602 -5.177000
-0.672141 0.779889 -2.223215 -5.145426
-0.679906 0.773129 -2.274509 -5.113214
-0.687603 0.766291 -2.325477 -5.080373
-0.695232 0.759377 -2.376114 -5.046917
-0.702790 0.752387 -2.426413 -5.012856
-0.710279 0.745321 -2.476369 -4.978203
-0.717697 0.738181 -2.525976 -4.942971
-0.725042 0.730967 -2.575227 -4.907171
-0.732316 0.723681 -2.624117 -4.870816
-0.739516 0.716321 -2.672641 -4.833919
-0.746642 0.708891 -2.720794 -4.796492
-0.753693 0.701389 -2.768569 -4.758550
-0.760669 0.693817 -2.815963 -4.720104
-0.767570 0.686176 -2.862970 -4.681168
-0.774393 0.678466 -2.909585 -4.641756
-0.781139 0.670688 -2.955803 -4.601880
-0.787806 0.662843 -3.001621 -4.561555
-0.794395 0.654932 -3.047033 -4.520794
-0.800905 0.646956 -3.092035 -4.479610
-0.807334 0.638914 -3.136624 -4.438019
-0.813683 0.630809 -3.180794 -4.396032
-0.819950 0.622641 -3.224543 -4.353665
-0.826135 0.614410 -3.267867 -4.310932
-0.832238 0.606119 -3.310761 -4.267846
-0.838258 0.597766 -3.353222 -4.224421
-0.844193 0.589354 -3.395248 -4.180673
-0.850044 0.580882 -3.436835 -4.136614
-0.855811 0.572353 -3.477979 -4.092259
-0.861491 0.563766 -3.518679 -4.047623
-0.867086 0.555124 -3.558931 -4.002719
-0.872594 0.546425 -3.598733 -3.957563
-0.878014 0.537672 -3.638081 -3.912167
-0.883347 0.528865 -3.676975 -3.866546
-0.888591 0.520005 -3.715412 -3.820716
-0.893747 0.511094 -3.753389 -3.774688
-0.898813 0.502131 -3.790905 -3.728479
-0.903789 0.493118 -3.827958 -3.682102
-0.908675 0.484055 -3.864546 -3.635571
-0.913470 0.474944 -3.900669 -3.588901
-0.918174 0.465786 -3.936324 -3.542104
-0.922786 0.456581 -3.971511 -3.495196
-0.927305 0.447331 -4.006228 -3.448190
-0.931732 0.438035 -4.040474 -3.401101
-0.936066 0.428696 -4.074249 -3.353940
-0.940306 0.419314 -4.107553 -3.306724
-0.944452 0.409891 -4.140384 -3.259465
-0.948504 0.400426 -4.172742 -3.212176
-0.952460 0.390921 -4.204627 -3.164871
-0.956322 0.381377 -4.236039 -3.117564
-0.960088 0.371795 -4.266978 -3.070268
-0.963758 0.362175 -4.297445 -3.022995
-0.967331 0.352520 -4.327438 -2.975759
-0.970808 0.342829 -4.356960 -2.928574
-0.974188 0.333104 -4.386010 -2.881451
-0.977470 0.323346 -4.414589 -2.834403
-0.980655 0.313555 -4.442698 -2.787443
-0.983741 0.303733 -4.470339 -2.740584
-0.986729 0.293880 -4.497511 -2.693838
-0.989619 0.283999 -4.524216 -2.647216
-0.992409 0.274088 -4.550455 -2.600731
-0.995100 0.264151 -4.576231 -2.554395
-0.997692 0.254187 -4.601544 -2.508220
-1.002468 0.244755 -4.596450 7.391227
-0.999864 0.233497 -4.527952 -2.156584
-1.007150 0.224708 -4.555111 5.190345
-0.749104 0.963765 -0.244857 -4.891431
-0.758704 0.956226 -0.293753 -4.887665
-0.768229 0.948591 -0.342608 -4.883217
-0.777676 0.940861 -0.391415 -4.878089
-0.787045 0.933038 -0.440168 -4.872283
-0.796336 0.925121 -0.488859 -4.865800
-0.805548 0.917111 -0.537481 -4.858643
-0.814678 0.909010 -0.586029 -4.850815
-0.823727 0.900818 -0.634496 -4.842318
-0.832694 0.892536 -0.682873 -4.833155
-0.841578 0.884164 -0.731156 -4.823329
-0.850377 0.875705 -0.779338 -4.812845
-0.859092 0.867157 -0.827411 -4.801704
-0.867720 0.858523 -0.875370 -4.789912
-0.876262 0.849803 -0.923207 -4.777472
-0.884716 0.840998 -0.970917 -4.764389
-0.893082 0.832109 -1.018493 -4.750667
-0.901358 0.823137 -1.065928 -4.736311
-0.909544 0.814082 -1.113217 -4.721325
-0.917639 0.804946 -1.160353 -4.705716
-0.925643 0.795730 -1.207329 -4.689488
-0.933554 0.786434 -1.254140 -4.672647
-0.941371 0.777059 -1.300780 -4.655198
-0.949094 0.767606 -1.347242 -4.637148
-0.956723 0.758077 -1.393521 -4.618503
-0.964256 0.748472 -1.439610 -4.599269
-0.971692 0.738793 -1.485505 -4.579453
-0.979031 0.729039 -1.531198 -4.559061
-0.986273 0.719212 -1.576684 -4.538100
-0.993415 0.709314 -1.621958 -4.516578
-1.000459 0.699344 -1.667014 -4.494501
-1.007402 0.689305 -1.711846 -4.471877
-1.014245 0.679197 -1.756449 -4.448713
-1.020986 0.669020 -1.800818 -4.425018
-1.027625 0.658777 -1.844948 -4.400799
-1.034161 0.648468 -1.888833 -4.376064
-1.040594 0.638094 -1.932467 -4.350822
-1.046923 0.627657 -1.975847 -4.325080
-1.053147 0.617156 -2.018967 -4.298848
-1.059266 0.606594 -2.061823 -4.272133
-1.065279 0.595971 -2.104409 -4.244945
-1.071185 0.585289 -2.146720 -4.217293
-1.076984 0.574548 -2.188753 -4.189185
-1.082676 0.563749 -2.230502 -4.160630
-1.088259 0.552895 -2.271964 -4.131638
-1.093733 0.541985 -2.313134 -4.102218
-1.099098 0.531020 -2.354007 -4.072380
-1.104354 0.520003 -2.394580 -4.042133
-1.109498 0.508934 -2.434848 -4.011487
-1.114532 0.497813 -2.474808 -3.980451
-1.119454 0.486643 -2.514456 -3.949035
-1.124265 0.475425 -2.553788 -3.917249
-1.128963 0.464159 -2.592800 -3.885104
-1.133548 0.452846 -2.631489 -3.852608
-1.138019 0.441488 -2.669851 -3.819773
-1.142377 0.430086 -2.707883 -3.786608
-1.146621 0.418641 -2.745582 -3.753124
-1.150750 0.407154 -2.782945 -3.719331
-1.154764 0.395626 -2.819968 -3.685239
-1.158662 0.384059 -2.856648 -3.650859
-1.162445 0.372453 -2.892984 -3.616200
-1.166111 0.360810 -2.928971 -3.581274
-1.169661 0.349131 -2.964609 -3.546092
-1.173094 0.337418 -2.999892 -3.510662
-1.176409 0.325670 -3.034821 -3.474997
-1.179607 0.313890 -3.069392 -3.439106
-1.182687 0.302078 -3.103602 -3.403000
-1.185649 0.290236 -3.137451 -3.366689
-1.188492 0.278366 -3.170935 -3.330185
-1.191216 0.266467 -3.204054 -3.293498
-1.193821 0.254542 -3.236805 -3.256638
-1.196307 0.242591 -3.269186 -3.219616
-1.198673 0.230616 -3.301197 -3.182442
-1.200919 0.218618 -3.332835 -3.145127
-1.203045 0.206598 -3.364099 -3.107681
-1.205051 0.194557 -3.394988 -3.070115
-1.206936 0.182497 -3.425501 -3.032440
-1.208701 0.170419 -3.455636 -2.994665
-1.210344 0.158324 -3.485394 -2.956802
-1.211867 0.146213 -3.514772 -2.918859
-1.213269 0.134087 -3.543771 -2.880849
-1.214549 0.121948 -3.572389 -2.842780
-1.215708 0.109796 -3.600626 -2.804663
-1.216745 0.097634 -3.628482 -2.766509
-1.217660 0.085462 -3.655956 -2.728327
-1.218454 0.073281 -3.683048 -2.690127
-1.219126 0.061093 -3.709759 -2.651920
-1.219676 0.048899 -3.736087 -2.613714
-1.220104 0.036700 -3.762033 -2.575521
-1.220410 0.024497 -3.787597 -2.537349
-1.223381 0.012320 -3.821461 -2.267182
-1.217340 0.000025 -3.767755 8.693772
-1.223382 -0.012087 -3.767805 -4.388305
-1.219131 -0.024361 -3.741622 6.747031
-1.220353 -0.036536 -3.705121 1.632683
-1.219682 -0.048740 -3.682886 2.641429
-1.219134 -0.060934 -3.656346 2.666675
-1.218463 -0.073122 -3.629553 2.691770
-1.217671 -0.085303 -3.602511 2.716710
-1.216757 -0.097475 -3.575220 2.741490
-1.215722 -0.109637 -3.547682 2.766103
-1.214565 -0.121789 -3.519898 2.790546
-1.213286 -0.133928 -3.491871 2.814814
-1.211886 -0.146054 -3.463602 2.838901
-1.210365 -0.158166 -3.435094 2.862802
-1.208723 -0.170261 -3.406347 2.886513
-1.206960 -0.182340 -3.377364 2.910029
-1.205076 -0.194400 -3.348147 2.933344
-1.203072 -0.206441 -3.318698 2.956455
-1.200947 -0.218461 -3.289019 2.979356
-1.198703 -0.230459 -3.259112 3.002043
-1.196338 -0.242435 -3.228979 3.024511
-1.193854 -0.254386 -3.198622 3.046756
-1.191251 -0.266311 -3.168044 3.068773
-1.188528 -0.278210 -3.137247 3.090557
-1.185687 -0.290081 -3.106234 3.112105
-1.182727 -0.301924 -3.075006 3.133412
-1.179648 -0.313736 -3.043566 3.154473
-1.176452 -0.325516 -3.011917 3.175285
-1.173138 -0.337264 -2.980062 3.195843
-1.169707 -0.348979 -2.948001 3.216143
-1.166159 -0.360658 -2.915740 3.236181
-1.162494 -0.372301 -2.883279 3.255954
-1.158713 -0.383907 -2.850621 3.275456
-1.154816 -0.395475 -2.817771 3.294685
-1.150803 -0.407003 -2.784729 3.313636
-1.146676 -0.418491 -2.751499 3.332306
-1.142434 -0.429937 -2.718084 3.350691
-1.138077 -0.441339 -2.684486 3.368787
-1.133607 -0.452698 -2.650709 3.386592
-1.129023 -0.464011 -2.616755 3.404101
-1.124327 -0.475278 -2.582628 3.421311
-1.119518 -0.486497 -2.548330 3.438219
-1.114597 -0.497668 -2.513864 3.454822
-1.109565 -0.508789 -2.479234 3.471116
-1.104422 -0.519859 -2.444443 3.487099
-1.099168 -0.530877 -2.409494 3.502768
-1.093804 -0.541842 -2.374389 3.518119
-1.088331 -0.552752 -2.339132 3.533149
-1.082749 -0.563608 -2.303727 3.547857
-1.077059 -0.574407 -2.268176 3.562239
-1.071261 -0.585149 -2.232483 3.576292
-1.065356 -0.595832 -2.196651 3.590015
-1.059345 -0.606456 -2.160684 3.603405
-1.053227 -0.617019 -2.124584 3.616459
-1.047005 -0.627520 -2.088356 3.629176
-1.040677 -0.637958 -2.052002 3.641552
-1.034246 -0.648333 -2.015526 3.653586
-1.027711 -0.658643 -1.978931 3.665277
-1.021073 -0.668887 -1.942222 3.676621
-1.014333 -0.679064 -1.905400 3.687618
-1.007492 -0.689173 -1.868470 3.698265
-1.000550 -0.699213 -1.831436 3.708561
-0.993508 -0.709184 -1.794300 3.718504
-0.986367 -0.719083 -1.757067 3.728093
-0.979127 -0.728911 -1.719740 3.737327
-0.971789 -0.738665 -1.682322 3.746203
-0.964354 -0.748346 -1.644817 3.754722
-0.956822 -0.757952 -1.607229 3.762881
-0.949195 -0.767482 -1.569560 3.770681
-0.941473 -0.776936 -1.531816 3.778119
-0.933656 -0.786312 -1.493999 3.785195
-0.925747 -0.795609 -1.456113 3.791908
-0.917744 -0.804826 -1.418162 3.798258
-0.909650 -0.813963 -1.380150 3.804244
-0.901465 -0.823019 -1.342079 3.809866
-0.893190 -0.831992 -1.303953 3.815123
-0.884826 -0.840882 -1.265777 3.820014
-0.876373 -0.849688 -1.227554 3.824541
-0.867832 -0.858410 -1.189288 3.828702
-0.859205 -0.867045 -1.150982 3.832497
-0.850492 -0.875593 -1.112639 3.835927
-0.841693 -0.884054 -1.074264 3.838992
-0.832811 -0.892427 -1.035861 3.841691
-0.823845 -0.900710 -0.997432 3.844026
-0.814797 -0.908904 -0.958981 3.845996
-0.805667 -0.917006 -0.920513 3.847603
-0.796457 -0.925017 -0.882030 3.848846
-0.787167 -0.932935 -0.843537 3.849726
-0.777799 -0.940760 -0.805037 3.850245
-0.768353 -0.948491 -0.766534 3.850403
-0.758829 -0.956127 -0.728030 3.850200
-0.749230 -0.963667 -0.689531 3.849639
-0.739556 -0.971111 -0.651039 3.848719
-0.729808 -0.978458 -0.612558 3.847442
-0.719988 -0.985707 -0.574091 3.845810
-0.710095 -0.992857 -0.535642 3.843824
-0.700131 -0.999908 -0.497216 3.841484
-0.690097 -1.006860 -0.458814 3.838794
-0.679994 -1.013710 -0.420441 3.835753
-0.669823 -1.020459 -0.382100 3.832364
-0.659585 -1.027106 -0.343795 3.828629
-0.649281 -1.033651 -0.305529 3.824549
-0.638912 -1.040092 -0.267305 3.820126
-0.628480 -1.046429 -0.229127 3.815362
-0.617984 -1.052661 -0.190999 3.810260
-0.607427 -1.058788 -0.152923 3.804820
-0.596809 -1.064810 -0.114904 3.799046
-0.586131 -1.070724 -0.076943 3.792940
-0.575395 -1.076532 -0.039046 3.786504
-0.564601 -1.082232 -0.001214 3.779739
-0.553750 -1.087824 0.036548 3.772650
-0.542845 -1.093307 0.074238 3.765237
-0.531885 -1.098681 0.111852 3.757504
-0.520871 -1.103944 0.149387 3.749454
-0.509806 -1.109098 0.186840 3.741089
-0.498690 -1.114140 0.224207 3.732411
-0.487524 -1.119071 0.261487 3.723424
-0.476309 -1.123891 0.298675 3.714130
-0.465046 -1.128597 0.335768 3.704533
-0.453737 -1.133191 0.372764 3.694635
-0.442383 -1.137672 0.409660 3.684439
-0.430984 -1.142039 0.446452 3.673948
-0.419542 -1.146292 0.483138 3.663166
-0.408059 -1.150430 0.519715 3.652096
-0.396534 -1.154453 0.556179 3.640740
-0.384970 -1.158360 0.592528 3.629103
-0.373367 -1.162152 0.628760 3.617187
-0.361727 -1.165827 0.664871 3.604995
-0.350051 -1.169386 0.700859 3.592532
-0.338340 -1.172828 0.736721 3.579801
-0.326595 -1.176153 0.772454 3.566804
-0.314817 -1.179360 0.808056 3.553547
-0.303008 -1.182449 0.843524 3.540031
-0.291169 -1.185420 0.878856 3.526261
-0.279300 -1.188272 0.914049 3.512241
-0.267404 -1.191006 0.949100 3.497973
-0.255480 -1.193620 0.984007 3.483463
-0.243532 -1.196116 1.018768 3.468712
-0.231558 -1.198491 1.053381 3.453726
-0.219562 -1.200747 1.087842 3.438508
-0.207544 -1.202882 1.122150 3.423062
-0.195505 -1.204897 1.156303 3.407391
-0.183446 -1.206792 1.190297 3.391499
-0.171370 -1.208566 1.224132 3.375391
-0.159275 -1.210220 1.257804 3.359070
-0.147166 -1.211752 1.291313 3.342540
-0.135041 -1.213163 1.324655 3.325806
-0.122903 -1.214453 1.357828 3.308870
-0.110752 -1.215621 1.390831 3.291737
-0.098591 -1.216668 1.423662 3.274410
-0.086419 -1.217593 1.456319 3.256895
-0.074239 -1.218396 1.488799 3.239195
-0.062052 -1.219077 1.521102 3.221313
-0.049858 -1.219637 1.553225 3.203254
-0.037659 -1.220074 1.585167 3.185022
-0.025457 -1.220390 1.616925 3.166621
-0.013252 -1.220584 1.648499 3.148055
-0.001046 -1.220655 1.679886 3.129328
0.011161 -1.220605 1.711085 3.110444
0.023366 -1.220432 1.742094 3.091406
0.035569 -1.220137 1.772912 3.072220
0.047768 -1.219721 1.803538 3.052889
0.059963 -1.219182 1.833969 3.033417
0.072152 -1.218521 1.864206 3.013808
0.084333 -1.217739 1.894245 2.994066
0.096506 -1.216835 1.924087 2.974195
0.108669 -1.215809 1.953729 2.954200
0.120822 -1.214661 1.983170 2.934083
0.132962 -1.213392 2.012410 2.913850
0.145089 -1.212002 2.041447 2.893503
0.157202 -1.210491 2.070280 2.873048
0.169299 -1.208858 2.098907 2.852488
0.181378 -1.207105 2.127329 2.831826
0.193440 -1.205231 2.155544 2.811068
0.205483 -1.203236 2.183550 2.790216
0.217505 -1.201121 2.211348 2.769274
0.229505 -1.198886 2.238935 2.748247
0.241482 -1.196531 2.266312 2.727139
0.253435 -1.194056 2.293478 2.705952
0.265363 -1.191462 2.320431 2.684692
0.277264 -1.188749 2.347171 2.663361
0.289137 -1.185917 2.373698 2.641964
0.300982 -1.182967 2.400011 2.620504
0.312796 -1.179898 2.426108 2.598985
0.324579 -1.176711 2.451990 2.577410
0.336330 -1.173406 2.477656 2.555784
0.348047 -1.169984 2.503106 2.534110
0.359729 -1.166445 2.528338 2.512391
0.371376 -1.162790 2.553353 2.490631
0.382985 -1.159018 2.578151 2.468834
0.394555 -1.155130 2.602730 2.447004
0.406087 -1.151127 2.627091 2.425143
0.417578 -1.147009 2.651233 2.403255
0.429027 -1.142776 2.675156 2.381344
0.440433 -1.138428 2.698859 2.359412
0.451795 -1.133967 2.722344 2.337465
0.463112 -1.129393 2.745609 2.315503
0.474382 -1.124705 2.768654 2.293532
0.485605 -1.119905 2.791479 2.271555
0.496780 -1.114993 2.814085 2.249574
0.507905 -1.109970 2.836471 2.227592
0.518979 -1.104835 2.858637 2.205614
0.530001 -1.099590 2.880583 2.183641
0.540971 -1.094235 2.902310 2.161678
0.551886 -1.088771 2.923817 2.139727
0.562746 -1.083198 2.945104 2.117792
0.573549 -1.077516 2.966172 2.095874
0.584296 -1.071727 2.987022 2.073978
0.594983 -1.065831 3.007652 2.052106
0.605612 -1.059828 3.028064 2.030261
0.616180 -1.053719 3.048257 2.008447
0.626686 -1.047504 3.068233 1.986664
0.637129 -1.041185 3.087991 1.964918
0.647509 -1.034762 3.107531 1.943209
0.657824 -1.028235 3.126855 1.921542
0.668074 -1.021605 3.145962 1.899918
0.678256 -1.014874 3.164854 1.878340
0.688371 -1.008041 3.183529 1.856811
0.698416 -1.001107 3.201990 1.835333
0.708392 -0.994073 3.220236 1.813910
0.718298 -0.986939 3.238268 1.792542
0.728131 -0.979707 3.256087 1.771234
0.737891 -0.972377 3.273693 1.749987
0.747578 -0.964949 3.291087 1.728803
0.757190 -0.957425 3.308270 1.707685
0.766726 -0.949806 3.325241 1.686635
0.776186 -0.942091 3.342003 1.665656
0.787362 -0.936415 3.361872 -1.224333
0.792758 -0.923824 3.294776 -4.464088
0.805885 -0.920522 3.313647 0.508298
0.812431 -0.909303 3.266326 -4.820104
0.822465 -0.902301 3.241556 -2.065576
0.831290 -0.893844 3.216297 -2.677311
0.840186 -0.885487 3.189357 -2.710558
0.848999 -0.877041 3.162086 -2.743727
0.857727 -0.868507 3.134483 -2.776808
0.866369 -0.859887 3.106550 -2.809793
0.874924 -0.851180 3.078287 -2.842674
0.883392 -0.842388 3.049697 -2.875440
0.891772 -0.833512 3.020779 -2.908084
0.900062 -0.824553 2.991535 -2.940597
0.908263 -0.815512 2.961967 -2.972971
0.916372 -0.806388 2.932077 -3.005195
0.924390 -0.797184 2.901864 -3.037262
0.932316 -0.787901 2.871332 -3.069162
0.940148 -0.778538 2.840481 -3.100888
0.947886 -0.769098 2.809315 -3.132429
0.955530 -0.759581 2.777834 -3.163778
0.963077 -0.749988 2.746040 -3.194924
0.970529 -0.740320 2.713936 -3.225861
0.977884 -0.730578 2.681523 -3.256579
0.985140 -0.720762 2.648805 -3.287068
0.992299 -0.710875 2.615783 -3.317321
0.999358 -0.700917 2.582459 -3.347329
1.006317 -0.690888 2.548837 -3.377083
1.013175 -0.680791 2.514919 -3.406574
1.019932 -0.670625 2.480706 -3.435794
1.026587 -0.660392 2.446204 -3.464734
1.033140 -0.650094 2.411413 -3.493387
1.039589 -0.639730 2.376337 -3.521742
1.045934 -0.629302 2.340979 -3.549793
1.052175 -0.618812 2.305342 -3.577530
1.058310 -0.608259 2.269429 -3.604945
1.064340 -0.597646 2.233244 -3.632031
1.070263 -0.586973 2.196790 -3.658778
1.076079 -0.576241 2.160070 -3.685180
1.081788 -0.565451 2.123087 -3.711227
1.087388 -0.554606 2.085846 -3.736912
1.092880 -0.543704 2.048350 -3.762228
1.098262 -0.532748 2.010603 -3.787166
1.103534 -0.521739 1.972608 -3.811718
1.108697 -0.510678 1.934370 -3.835878
1.113748 -0.499566 1.895892 -3.859637
1.118688 -0.488403 1.857179 -3.882989
1.123516 -0.477192 1.818234 -3.905926
1.128231 -0.465933 1.779062 -3.928441
1.132834 -0.454628 1.739666 -3.950526
1.137324 -0.443277 1.700053 -3.972176
1.141700 -0.431882 1.660224 -3.993382
1.145961 -0.420444 1.620186 -4.014140
1.150108 -0.408963 1.579943 -4.034441
1.154140 -0.397442 1.539499 -4.054279
1.158057 -0.385881 1.498859 -4.073648
1.161858 -0.374281 1.458028 -4.092543
1.165543 -0.362644 1.417010 -4.110956
1.169111 -0.350971 1.375810 -4.128883
1.172562 -0.339262 1.334434 -4.146316
1.175896 -0.327520 1.292886 -4.163251
1.179112 -0.315745 1.251171 -4.179683
1.182211 -0.303938 1.209294 -4.195605
1.185191 -0.292101 1.167260 -4.211013
1.188052 -0.280234 1.125075 -4.225902
1.190795 -0.268340 1.082744 -4.240267
1.193419 -0.256419 1.040272 -4.254103
1.195924 -0.244472 0.997664 -4.267405
1.198309 -0.232501 0.954925 -4.280170
1.200574 -0.220506 0.912062 -4.292394
1.202719 -0.208490 0.869079 -4.304071
1.204743 -0.196452 0.825982 -4.315199
1.206648 -0.184395 0.782777 -4.325773
1.208431 -0.172320 0.739469 -4.335791
1.210094 -0.160227 0.696063 -4.345249
1.211636 -0.148118 0.652566 -4.354144
1.213056 -0.135995 0.608982 -4.362472
1.214356 -0.123858 0.565318 -4.370232
1.215533 -0.111708 0.521579 -4.377420
1.216590 -0.099547 0.477772 -4.384034
1.217524 -0.087377 0.433901 -4.390073
1.218337 -0.075197 0.389972 -4.395533
1.219028 -0.063010 0.345992 -4.400414
1.219597 -0.050817 0.301966 -4.404714
1.220045 -0.038619 0.257900 -4.408430
1.220370 -0.026417 0.213799 -4.411563
1.220573 -0.014212 0.169670 -4.414110
1.220654 -0.002006 0.125519 -4.416071
1.220613 0.010201 0.081351 -4.417446
1.220450 0.022406 0.037172 -4.418234
1.220165 0.034609 -0.007012 -4.418435
1.219758 0.046809 -0.051195 -4.418048
1.219229 0.059004 -0.095371 -4.417074
1.218578 0.071193 -0.139534 -4.415512
1.217805 0.083375 -0.183679 -4.413365
1.216910 0.095549 -0.227800 -4.410632
1.215894 0.107713 -0.271890 -4.407314
1.214756 0.119867 -0.315944 -4.403412
1.213497 0.132008 -0.359956 -4.398928
1.212116 0.144136 -0.403921 -4.393863
1.210614 0.156250 -0.447832 -4.388219
1.208991 0.168348 -0.491683 -4.381997
1.207247 0.180429 -0.535470 -4.375200
1.205382 0.192492 -0.579185 -4.367831
1.203397 0.204536 -0.622824 -4.359890
1.201292 0.216560 -0.666381 -4.351382
1.199066 0.228562 -0.709850 -4.342308
1.196721 0.240541 -0.753225 -4.332672
1.194255 0.252496 -0.796502 -4.322477
1.191671 0.264426 -0.839673 -4.311727
1.188967 0.276329 -0.882734 -4.300424
1.186144 0.288205 -0.925680 -4.288573
1.183203 0.300051 -0.968504 -4.276177
1.180143 0.311868 -1.011202 -4.263241
1.176966 0.323654 -1.053767 -4.249769
1.173670 0.335407 -1.096195 -4.235764
1.170258 0.347127 -1.138481 -4.221233
1.166728 0.358812 -1.180618 -4.206179
1.163082 0.370461 -1.222602 -4.190607
1.159319 0.382073 -1.264428 -4.174522
1.155440 0.393647 -1.306091 -4.157931
1.151446 0.405182 -1.347585 -4.140836
1.147337 0.416676 -1.388906 -4.123246
1.143113 0.428128 -1.430049 -4.105164
1.138774 0.439537 -1.471008 -4.086598
1.134322 0.450903 -1.511779 -4.067552
1.129756 0.462224 -1.552357 -4.048033
1.125078 0.473498 -1.592738 -4.028047
1.120287 0.484725 -1.632917 -4.007600
1.115383 0.495903 -1.672889 -3.986700
1.110369 0.507032 -1.712649 -3.965352
1.105243 0.518110 -1.752194 -3.943563
1.100007 0.529136 -1.791519 -3.921341
1.094660 0.540110 -1.830620 -3.898691
1.089205 0.551029 -1.869491 -3.875622
1.083640 0.561894 -1.908131 -3.852140
1.077967 0.572702 -1.946533 -3.828253
1.072186 0.583453 -1.984694 -3.803967
1.066298 0.594145 -2.022611 -3.779292
1.060303 0.604778 -2.060279 -3.754233
1.054203 0.615351 -2.097694 -3.728800
1.047997 0.625862 -2.134854 -3.702998
1.041686 0.636310 -2.171753 -3.676838
1.035271 0.646695 -2.208389 -3.650326
1.028752 0.657015 -2.244759 -3.623470
1.022131 0.667270 -2.280858 -3.596279
1.015407 0.677458 -2.316683 -3.568760
1.008582 0.687578 -2.352232 -3.540923
1.001655 0.697629 -2.387500 -3.512775
0.994629 0.707611 -2.422486 -3.484324
0.987504 0.717521 -2.457186 -3.455580
0.980279 0.727360 -2.491597 -3.426550
0.972957 0.737127 -2.525716 -3.397243
0.965537 0.746819 -2.559541 -3.367667
0.958020 0.756437 -2.593069 -3.337832
0.950408 0.765979 -2.626297 -3.307745
0.942701 0.775445 -2.659223 -3.277416
0.934900 0.784833 -2.691844 -3.246853
0.927005 0.794143 -2.724159 -3.216065
0.919017 0.803373 -2.756165 -3.185061
0.910937 0.812523 -2.787859 -3.153849
0.902767 0.821591 -2.819241 -3.122438
0.894506 0.830578 -2.850308 -3.090838
0.886156 0.839481 -2.881057 -3.059056
0.877717 0.848300 -2.911488 -3.027102
0.869190 0.857035 -2.941599 -2.994984
0.860576 0.865684 -2.971387 -2.962711
0.851876 0.874246 -3.000852 -2.930293
0.843092 0.882721 -3.029993 -2.897737
0.834222 0.891108 -3.058807 -2.865053
0.825270 0.899405 -3.087293 -2.832249
0.816235 0.907613 -3.115451 -2.799335
0.807118 0.915730 -3.143280 -2.766319
0.797920 0.923755 -3.170777 -2.733209
0.788643 0.931688 -3.197944 -2.700014
0.779287 0.939528 -3.224777 -2.666743
0.769853 0.947273 -3.251278 -2.633405
0.760342 0.954924 -3.277445 -2.600008
