-0.454394 -0.923865 -0.244857 -4.891431
-0.445133 -0.928362 -0.293753 -4.887665
-0.435827 -0.932767 -0.342608 -4.883217
-0.426478 -0.937079 -0.391415 -4.878089
-0.417086 -0.941297 -0.440168 -4.872283
-0.407652 -0.945420 -0.488859 -4.865800
-0.398178 -0.949450 -0.537481 -4.858643
-0.388663 -0.953384 -0.586029 -4.850815
-0.379110 -0.957223 -0.634496 -4.842318
-0.369519 -0.960966 -0.682873 -4.833155
-0.359891 -0.964613 -0.731156 -4.823329
-0.350227 -0.968164 -0.779338 -4.812845
-0.340528 -0.971617 -0.827411 -4.801704
-0.330795 -0.974974 -0.875370 -4.789912
-0.321029 -0.978233 -0.923207 -4.777472
-0.311231 -0.981395 -0.970917 -4.764389
-0.301402 -0.984458 -1.018493 -4.750667
-0.291542 -0.987423 -1.065928 -4.736311
-0.281653 -0.990289 -1.113217 -4.721325
-0.271737 -0.993055 -1.160353 -4.705716
-0.261793 -0.995723 -1.207329 -4.689488
-0.251822 -0.998291 -1.254140 -4.672647
-0.241827 -1.000760 -1.300780 -4.655198
-0.231808 -1.003128 -1.347242 -4.637148
-0.221765 -1.005396 -1.393521 -4.618503
-0.211700 -1.007563 -1.439610 -4.599269
-0.201614 -1.009630 -1.485505 -4.579453
-0.191508 -1.011595 -1.531198 -4.559061
-0.181382 -1.013460 -1.576684 -4.538100
-0.171239 -1.015223 -1.621958 -4.516578
-0.161078 -1.016884 -1.667014 -4.494501
-0.150902 -1.018444 -1.711846 -4.471877
-0.140710 -1.019902 -1.756449 -4.448713
-0.130504 -1.021258 -1.800818 -4.425018
-0.120285 -1.022512 -1.844948 -4.400799
-0.110054 -1.023664 -1.888833 -4.376064
-0.099812 -1.024713 -1.932467 -4.350822
-0.089560 -1.025660 -1.975847 -4.325080
-0.079299 -1.026505 -2.018967 -4.298848
-0.069030 -1.027246 -2.061823 -4.272133
-0.058755 -1.027885 -2.104409 -4.244945
-0.048473 -1.028421 -2.146720 -4.217293
-0.038186 -1.028855 -2.188753 -4.189185
-0.027896 -1.029185 -2.230502 -4.160630
-0.017603 -1.029413 -2.271964 -4.131638
-0.007308 -1.029537 -2.313134 -4.102218
0.002987 -1.029559 -2.354007 -4.072380
0.013283 -1.029477 -2.394580 -4.042133
0.023576 -1.029293 -2.434848 -4.011487
0.033868 -1.029006 -2.474808 -3.980451
0.044156 -1.028616 -2.514456 -3.949035
0.054440 -1.028123 -2.553788 -3.917249
0.064718 -1.027527 -2.592800 -3.885104
0.074990 -1.026828 -2.631489 -3.852608
0.085255 -1.026027 -2.669851 -3.819773
0.095510 -1.025123 -2.707883 -3.786608
0.105757 -1.024117 -2.745582 -3.753124
0.115992 -1.023008 -2.782945 -3.719331
0.126217 -1.021797 -2.819968 -3.685239
0.136428 -1.020484 -2.856648 -3.650859
0.146626 -1.019069 -2.892984 -3.616200
0.156809 -1.017551 -2.928971 -3.581274
0.166977 -1.015932 -2.964609 -3.546092
0.177127 -1.014212 -2.999892 -3.510662
0.187260 -1.012390 -3.034821 -3.474997
0.197375 -1.010467 -3.069392 -3.439106
0.207469 -1.008443 -3.103602 -3.403000
0.217543 -1.006317 -3.137451 -3.366689
0.227595 -1.004092 -3.170935 -3.330185
0.237625 -1.001766 -3.204054 -3.293498
0.247630 -0.999339 -3.236805 -3.256638
0.257611 -0.996813 -3.269186 -3.219616
0.267566 -0.994187 -3.301197 -3.182442
0.277495 -0.991462 -3.332835 -3.145127
0.287395 -0.988637 -3.364099 -3.107681
0.297267 -0.985714 -3.394988 -3.070115
0.307109 -0.982692 -3.425501 -3.032440
0.316921 -0.979572 -3.455636 -2.994665
0.326700 -0.976354 -3.485394 -2.956802
0.336447 -0.973038 -3.514772 -2.918859
0.346161 -0.969625 -3.543771 -2.880849
0.355840 -0.966115 -3.572389 -2.842780
0.365483 -0.962508 -3.600626 -2.804663
0.375089 -0.958805 -3.628482 -2.766509
0.384659 -0.955007 -3.655956 -2.728327
0.394189 -0.951112 -3.683048 -2.690127
0.403680 -0.947123 -3.709759 -2.651920
0.413131 -0.943039 -3.736087 -2.613714
0.422541 -0.938861 -3.762033 -2.575521
0.431908 -0.934588 -3.787597 -2.537349
0.442240 -0.932347 -3.821466 -2.307792
0.449335 -0.923226 -3.777897 6.797270
0.460751 -0.923338 -3.785229 -4.039120
0.468490 -0.915584 -3.765303 5.207715
0.478174 -0.912016 -3.739632 0.983024
0.487182 -0.907003 -3.724702 1.833792
0.496227 -0.902086 -3.706184 1.870002
0.505223 -0.897078 -3.687302 1.906481
0.514169 -0.891981 -3.668053 1.943224
0.523063 -0.886795 -3.648436 1.980223
0.531904 -0.881520 -3.628448 2.017474
0.540693 -0.876157 -3.608086 2.054968
0.549427 -0.870707 -3.587348 2.092700
0.558106 -0.865169 -3.566231 2.130662
0.566730 -0.859545 -3.544734 2.168848
0.575297 -0.853834 -3.522853 2.207250
0.583807 -0.848039 -3.500588 2.245860
0.592258 -0.842159 -3.477936 2.284672
0.600649 -0.836194 -3.454894 2.323677
0.608981 -0.830146 -3.431461 2.362867
0.617252 -0.824014 -3.407636 2.402235
0.625461 -0.817801 -3.383416 2.441773
0.633608 -0.811505 -3.358800 2.481471
0.641691 -0.805129 -3.333786 2.521321
0.649710 -0.798672 -3.308373 2.561316
0.657664 -0.792135 -3.282559 2.601445
0.665553 -0.785519 -3.256344 2.641700
0.673374 -0.778824 -3.229725 2.682072
0.681129 -0.772052 -3.202702 2.722552
0.688815 -0.765202 -3.175274 2.763129
0.696433 -0.758275 -3.147439 2.803796
0.703980 -0.751273 -3.119198 2.844541
0.711458 -0.744196 -3.090548 2.885355
0.718864 -0.737044 -3.061490 2.926228
0.726198 -0.729819 -3.032023 2.967150
0.733460 -0.722521 -3.002147 3.008111
0.740649 -0.715150 -2.971861 3.049100
0.747763 -0.707708 -2.941165 3.090107
0.754803 -0.700195 -2.910059 3.131122
0.761767 -0.692612 -2.878543 3.172133
0.768655 -0.684960 -2.846616 3.213130
0.775466 -0.677239 -2.814280 3.254101
0.782199 -0.669451 -2.781534 3.295036
0.788854 -0.661596 -2.748380 3.335924
0.795431 -0.653674 -2.714816 3.376753
0.801928 -0.645687 -2.680845 3.417512
0.808344 -0.637636 -2.646466 3.458190
0.814680 -0.629521 -2.611681 3.498774
0.820935 -0.621343 -2.576491 3.539254
0.827107 -0.613102 -2.540897 3.579618
0.833196 -0.604801 -2.504899 3.619853
0.839203 -0.596439 -2.468500 3.659949
0.845125 -0.588017 -2.431701 3.699892
0.850963 -0.579536 -2.394503 3.739672
0.856715 -0.570998 -2.356908 3.779276
0.862383 -0.562402 -2.318918 3.818692
0.867963 -0.553751 -2.280535 3.857908
0.873457 -0.545043 -2.241760 3.896912
0.878864 -0.536282 -2.202597 3.935691
0.884183 -0.527466 -2.163047 3.974234
0.889413 -0.518598 -2.123113 4.012528
0.894555 -0.509678 -2.082798 4.050561
0.899607 -0.500708 -2.042103 4.088320
0.904569 -0.491687 -2.001032 4.125794
0.909440 -0.482616 -1.959588 4.162970
0.914221 -0.473498 -1.917774 4.199835
0.918910 -0.464332 -1.875592 4.236378
0.923507 -0.455120 -1.833047 4.272586
0.928012 -0.445863 -1.790142 4.308447
0.932424 -0.436560 -1.746880 4.343948
0.936743 -0.427214 -1.703264 4.379078
0.940968 -0.417826 -1.659299 4.413825
0.945100 -0.408395 -1.614989 4.448175
0.949136 -0.398924 -1.570337 4.482118
0.953078 -0.389413 -1.525348 4.515642
0.956924 -0.379863 -1.480026 4.548733
0.960675 -0.370275 -1.434375 4.581381
0.964330 -0.360650 -1.388400 4.613574
0.967888 -0.350988 -1.342105 4.645299
0.971349 -0.341292 -1.295495 4.676546
0.974714 -0.331562 -1.248576 4.707303
0.977981 -0.321798 -1.201351 4.737558
0.981150 -0.312002 -1.153826 4.767300
0.984220 -0.302176 -1.106007 4.796519
0.987193 -0.292318 -1.057898 4.825202
0.990067 -0.282432 -1.009504 4.853339
0.992842 -0.272517 -0.960833 4.880919
0.995517 -0.262576 -0.911888 4.907932
0.998093 -0.252607 -0.862676 4.934366
1.000569 -0.242614 -0.813203 4.960212
1.002945 -0.232596 -0.763474 4.985459
1.005221 -0.222555 -0.713495 5.010098
1.007396 -0.212492 -0.663274 5.034118
1.009471 -0.202408 -0.612815 5.057509
1.011444 -0.192303 -0.562126 5.080263
1.013317 -0.182179 -0.511212 5.102369
1.015088 -0.172037 -0.460081 5.123819
1.016757 -0.161878 -0.408738 5.144604
1.018325 -0.151702 -0.357191 5.164714
1.019791 -0.141512 -0.305446 5.184142
1.021155 -0.131307 -0.253510 5.202879
1.022417 -0.121089 -0.201391 5.220917
1.023577 -0.110859 -0.149094 5.238247
1.024635 -0.100618 -0.096628 5.254863
1.025590 -0.090367 -0.043999 5.270757
1.026442 -0.080106 0.008785 5.285922
1.027192 -0.069838 0.061717 5.300350
1.027839 -0.059563 0.114789 5.314036
1.028383 -0.049282 0.167995 5.326972
1.028824 -0.038995 0.221326 5.339152
1.029163 -0.028705 0.274775 5.350571
1.029398 -0.018413 0.328335 5.361223
1.029531 -0.008118 0.381997 5.371102
1.029561 0.002178 0.435754 5.380204
1.029487 0.012473 0.489599 5.388523
1.029311 0.022767 0.543522 5.396055
1.029032 0.033059 0.597517 5.402795
1.028650 0.043347 0.651576 5.408741
1.028165 0.053632 0.705689 5.413887
1.027577 0.063910 0.759851 5.418231
1.026887 0.074183 0.814051 5.421769
1.026094 0.084448 0.868283 5.424498
1.025198 0.094704 0.922539 5.426417
1.024200 0.104951 0.976809 5.427523
1.023099 0.115188 1.031086 5.427813
1.021896 0.125413 1.085362 5.427287
1.020591 0.135626 1.139629 5.425942
1.019184 0.145824 1.193879 5.423779
1.017674 0.156009 1.248102 5.420796
1.016063 0.166178 1.302292 5.416993
1.014351 0.176330 1.356439 5.412369
1.012537 0.186464 1.410536 5.406926
1.010622 0.196580 1.464575 5.400663
1.008605 0.206676 1.518547 5.393582
1.006488 0.216752 1.572444 5.385684
1.004270 0.226806 1.626258 5.376969
1.001952 0.236837 1.679981 5.367441
0.999534 0.246845 1.733604 5.357100
0.997015 0.256827 1.787120 5.345950
0.994397 0.266785 1.840520 5.333994
0.991680 0.276715 1.893797 5.321233
0.988863 0.286618 1.946942 5.307672
0.985948 0.296492 1.999948 5.293314
0.982933 0.306336 2.052806 5.278164
0.979821 0.316150 2.105509 5.262225
0.976610 0.325933 2.158048 5.245502
0.973302 0.335682 2.210416 5.228000
0.969897 0.345398 2.262605 5.209724
0.966395 0.355080 2.314608 5.190680
0.962795 0.364726 2.366416 5.170872
0.959100 0.374335 2.418023 5.150309
0.955309 0.383907 2.469420 5.128994
0.951422 0.393441 2.520600 5.106936
0.947440 0.402936 2.571556 5.084142
0.943364 0.412390 2.622281 5.060617
0.939193 0.421803 2.672766 5.036370
0.934928 0.431173 2.723006 5.011409
0.930569 0.440501 2.772992 4.985741
0.926118 0.449784 2.822718 4.959374
0.921574 0.459023 2.872177 4.932318
0.916937 0.468215 2.921362 4.904581
0.912210 0.477361 2.970267 4.876171
0.907390 0.486459 3.018883 4.847098
0.902480 0.495509 3.067206 4.817372
0.897480 0.504509 3.115229 4.787002
0.892390 0.513458 3.162944 4.755999
0.887211 0.522356 3.210347 4.724372
0.881944 0.531202 3.257430 4.692131
0.876587 0.539995 3.304187 4.659288
0.871144 0.548734 3.350613 4.625852
0.865613 0.557417 3.396702 4.591836
0.859996 0.566045 3.442448 4.557250
0.854292 0.574617 3.487846 4.522106
0.848504 0.583131 3.532889 4.486415
0.842630 0.591587 3.577572 4.450189
0.836672 0.599983 3.621891 4.413440
0.830630 0.608320 3.665839 4.376180
0.824506 0.616596 3.709413 4.338422
0.818299 0.624810 3.752606 4.300177
0.812010 0.632961 3.795415 4.261458
0.805640 0.641050 3.837834 4.222279
0.799189 0.649074 3.879859 4.182651
0.792658 0.657033 3.921485 4.142588
0.786049 0.664927 3.962709 4.102103
0.779360 0.672754 4.003526 4.061209
0.772594 0.680514 4.043932 4.019920
0.765750 0.688206 4.083923 3.978249
0.758830 0.695829 4.123496 3.936209
0.751834 0.703382 4.162646 3.893815
0.744762 0.710865 4.201371 3.851080
0.737617 0.718277 4.239667 3.808017
0.730397 0.725617 4.277530 3.764641
0.723105 0.732885 4.314958 3.720965
0.715740 0.740079 4.351948 3.677005
0.708303 0.747199 4.388498 3.632773
0.700796 0.754245 4.424603 3.588284
0.693219 0.761215 4.460262 3.543552
0.685572 0.768109 4.495473 3.498591
0.677857 0.774926 4.530233 3.453416
0.670074 0.781666 4.564541 3.408041
0.662224 0.788327 4.598394 3.362479
0.655801 0.796725 4.602251 -7.029911
0.644530 0.799269 4.529588 2.217392
0.639777 0.809648 4.566343 -4.586538
0.629467 0.813356 4.496552 -2.891671
0.622120 0.820603 4.481956 -2.457559
0.613752 0.826624 4.453881 -2.768567
0.605456 0.832721 4.425961 -2.815488
0.597098 0.838733 4.397571 -2.862502
0.588681 0.844662 4.368711 -2.909596
0.580205 0.850507 4.339379 -2.956758
0.571671 0.856266 4.309576 -3.003975
0.563080 0.861940 4.279300 -3.051234
0.554433 0.867528 4.248551 -3.098523
0.545730 0.873028 4.217329 -3.145827
0.536973 0.878442 4.185634 -3.193134
0.528161 0.883768 4.153466 -3.240431
0.519298 0.889005 4.120826 -3.287704
0.510382 0.894154 4.087712 -3.334939
0.501415 0.899213 4.054127 -3.382124
0.492398 0.904182 4.020070 -3.429244
0.483331 0.909060 3.985542 -3.476285
0.474217 0.913848 3.950545 -3.523234
0.465055 0.918545 3.915078 -3.570077
0.455846 0.923149 3.879144 -3.616800
0.446592 0.927661 3.842743 -3.663389
0.437293 0.932081 3.805876 -3.709829
0.427951 0.936407 3.768547 -3.756108
0.418565 0.940640 3.730755 -3.802210
0.409138 0.944778 3.692503 -3.848122
0.399670 0.948822 3.653793 -3.893828
0.390162 0.952771 3.614627 -3.939316
0.380615 0.956625 3.575007 -3.984571
0.371030 0.960384 3.534937 -4.029578
0.361408 0.964046 3.494417 -4.074324
0.351749 0.967612 3.453451 -4.118794
0.342056 0.971081 3.412042 -4.162973
0.332328 0.974453 3.370192 -4.206848
0.322567 0.977727 3.327906 -4.250405
0.312774 0.980904 3.285186 -4.293629
0.302949 0.983983 3.242035 -4.336506
0.293095 0.986963 3.198457 -4.379022
0.283210 0.989844 3.154455 -4.421164
0.273298 0.992627 3.110035 -4.462916
0.263358 0.995310 3.065198 -4.504265
0.253392 0.997894 3.019951 -4.545198
0.243401 1.000378 2.974296 -4.585700
0.233385 1.002762 2.928238 -4.625759
0.223346 1.005046 2.881782 -4.665359
0.213284 1.007229 2.834933 -4.704488
0.203202 1.009311 2.787694 -4.743133
0.193098 1.011293 2.740072 -4.781280
0.182976 1.013173 2.692070 -4.818916
0.172835 1.014952 2.643695 -4.856027
0.162677 1.016630 2.594951 -4.892602
0.152503 1.018206 2.545845 -4.928627
0.142314 1.019680 2.496381 -4.964089
0.132110 1.021052 2.446565 -4.998977
0.121893 1.022322 2.396403 -5.033277
0.111664 1.023490 2.345901 -5.066979
0.101423 1.024555 2.295066 -5.100069
0.091173 1.025518 2.243902 -5.132535
0.080913 1.026379 2.192417 -5.164368
0.070646 1.027136 2.140617 -5.195554
0.060371 1.027791 2.088508 -5.226082
0.050090 1.028344 2.036097 -5.255943
0.039804 1.028793 1.983392 -5.285124
0.029515 1.029140 1.930397 -5.313615
0.019222 1.029384 1.877122 -5.341407
0.008927 1.029524 1.823572 -5.368488
-0.001368 1.029562 1.769754 -5.394848
-0.011664 1.029497 1.715677 -5.420480
-0.021958 1.029329 1.661347 -5.445371
-0.032250 1.029058 1.606772 -5.469515
-0.042539 1.028684 1.551959 -5.492901
-0.052823 1.028207 1.496917 -5.515521
-0.063102 1.027627 1.441652 -5.537366
-0.073375 1.026945 1.386172 -5.558429
-0.083641 1.026160 1.330486 -5.578702
-0.093898 1.025272 1.274600 -5.598177
-0.104146 1.024282 1.218525 -5.616846
-0.114383 1.023189 1.162266 -5.634704
-0.124609 1.021994 1.105833 -5.651742
-0.134823 1.020697 1.049234 -5.667955
-0.145023 1.019298 0.992477 -5.683337
-0.155209 1.017797 0.935570 -5.697882
-0.165379 1.016194 0.878522 -5.711584
-0.175532 1.014489 0.821341 -5.724438
-0.185668 1.012683 0.764036 -5.736439
-0.195785 1.010776 0.706615 -5.747583
-0.205883 1.008768 0.649087 -5.757866
-0.215960 1.006658 0.591461 -5.767283
-0.226016 1.004448 0.533745 -5.775832
-0.236049 1.002138 0.475947 -5.783508
-0.246059 0.999728 0.418077 -5.790309
-0.256043 0.997217 0.360144 -5.796233
-0.266003 0.994607 0.302156 -5.801276
-0.275935 0.991897 0.244121 -5.805438
-0.285840 0.989088 0.186050 -5.808716
-0.295717 0.986180 0.127950 -5.811109
-0.305563 0.983174 0.069831 -5.812617
-0.315380 0.980069 0.011701 -5.813239
-0.325164 0.976866 -0.046431 -5.812974
-0.334917 0.973566 -0.104556 -5.811823
-0.344635 0.970168 -0.162665 -5.809786
-0.354320 0.966673 -0.220749 -5.806864
-0.363969 0.963082 -0.278799 -5.803057
-0.373581 0.959394 -0.336807 -5.798369
-0.383156 0.955610 -0.394763 -5.792799
-0.392693 0.951731 -0.452660 -5.786351
-0.402190 0.947757 -0.510487 -5.779027
-0.411648 0.943687 -0.568237 -5.770829
-0.421064 0.939524 -0.625901 -5.761761
-0.430438 0.935266 -0.683470 -5.751827
-0.439769 0.930915 -0.740935 -5.741029
-0.449056 0.926471 -0.798288 -5.729372
-0.458298 0.921934 -0.855519 -5.716860
-0.467494 0.917305 -0.912622 -5.703499
-0.476644 0.912585 -0.969587 -5.689293
-0.485746 0.907773 -1.026405 -5.674248
-0.494799 0.902870 -1.083069 -5.658368
-0.503803 0.897877 -1.139570 -5.641661
-0.512756 0.892794 -1.195899 -5.624133
-0.521658 0.887622 -1.252050 -5.605789
-0.530508 0.882361 -1.308012 -5.586638
-0.539305 0.877012 -1.363780 -5.566686
-0.548048 0.871575 -1.419343 -5.545940
-0.556737 0.866051 -1.474696 -5.524408
-0.565369 0.860440 -1.529829 -5.502099
-0.573945 0.854744 -1.584735 -5.479020
-0.582464 0.848962 -1.639407 -5.455181
-0.590924 0.843095 -1.693836 -5.430589
-0.599325 0.837143 -1.748016 -5.405255
-0.607667 0.831108 -1.801939 -5.379186
-0.615947 0.824990 -1.855597 -5.352394
-0.624166 0.818790 -1.908984 -5.324887
-0.632323 0.812507 -1.962093 -5.296677
-0.640416 0.806143 -2.014916 -5.267772
-0.648445 0.799699 -2.067446 -5.238184
-0.656410 0.793175 -2.119677 -5.207923
-0.664309 0.786571 -2.171602 -5.177000
-0.672141 0.779889 -2.223215 -5.145426
-0.679906 0.773129 -2.274509 -5.113214
-0.687603 0.766291 -2.325477 -5.080373
-0.695232 0.759377 -2.376114 -5.046917
-0.702790 0.752387 -2.426413 -5.012856
-0.710279 0.745321 -2.476369 -4.978203
-0.717697 0.738181 -2.525976 -4.942971
-0.725042 0.730967 -2.575227 -4.907171
-0.732316 0.723681 -2.624117 -4.870816
-0.739516 0.716321 -2.672641 -4.833919
-0.746642 0.708891 -2.720794 -4.796492
-0.753693 0.701389 -2.768569 -4.758550
-0.760669 0.693817 -2.815963 -4.720104
-0.767570 0.686176 -2.862970 -4.681168
-0.774393 0.678466 -2.909585 -4.641756
-0.781139 0.670688 -2.955803 -4.601880
-0.787806 0.662843 -3.001621 -4.561555
-0.794395 0.654932 -3.047033 -4.520794
-0.800905 0.646956 -3.092035 -4.479610
-0.807334 0.638914 -3.136624 -4.438019
-0.813683 0.630809 -3.180794 -4.396032
-0.819950 0.622641 -3.224543 -4.353665
-0.826135 0.614410 -3.267867 -4.310932
-0.832238 0.606119 -3.310761 -4.267846
-0.838258 0.597766 -3.353222 -4.224421
-0.844193 0.589354 -3.395248 -4.180673
-0.850044 0.580882 -3.436835 -4.136614
-0.855811 0.572353 -3.477979 -4.092259
-0.861491 0.563766 -3.518679 -4.047623
-0.867086 0.555124 -3.558931 -4.002719
-0.872594 0.546425 -3.598733 -3.957563
-0.878014 0.537672 -3.638081 -3.912167
-0.883347 0.528865 -3.676975 -3.866546
-0.888591 0.520005 -3.715412 -3.820716
-0.893747 0.511094 -3.753389 -3.774688
-0.898813 0.502131 -3.790905 -3.728479
-0.903789 0.493118 -3.827958 -3.682102
-0.908675 0.484055 -3.864546 -3.635571
-0.913470 0.474944 -3.900669 -3.588901
-0.918174 0.465786 -3.936324 -3.542104
-0.922786 0.456581 -3.971511 -3.495196
-0.927305 0.447331 -4.006228 -3.448190
-0.931732 0.438035 -4.040474 -3.401101
-0.936066 0.428696 -4.074249 -3.353940
-0.940306 0.419314 -4.107553 -3.306724
-0.944452 0.409891 -4.140384 -3.259465
-0.948504 0.400426 -4.172742 -3.212176
-0.952460 0.390921 -4.204627 -3.164871
-0.956322 0.381377 -4.236039 -3.117564
-0.960088 0.371795 -4.266978 -3.070268
-0.963758 0.362175 -4.297445 -3.022995
-0.967331 0.352520 -4.327438 -2.975759
-0.970808 0.342829 -4.356960 -2.928574
-0.974188 0.333104 -4.386010 -2.881451
-0.977470 0.323346 -4.414589 -2.834403
-0.980655 0.313555 -4.442698 -2.787443
-0.983741 0.303733 -4.470339 -2.740584
-0.986729 0.293880 -4.497511 -2.693838
-0.989619 0.283999 -4.524216 -2.647216
-0.992409 0.274088 -4.550455 -2.600731
-0.995100 0.264151 -4.576231 -2.554395
-0.997692 0.254187 -4.601544 -2.508220
-1.002468 0.244755 -4.596450 7.391227
-0.999864 0.233497 -4.527952 -2.156584
-1.007150 0.224708 -4.555111 5.190345
-0.749104 0.963765 -0.244857 -4.891431
-0.758704 0.956226 -0.293753 -4.887665
-0.768229 0.948591 -0.342608 -4.883217
-0.777676 0.940861 -0.391415 -4.878089
-0.787045 0.933038 -0.440168 -4.872283
-0.796336 0.925121 -0.488859 -4.865800
-0.805548 0.917111 -0.537481 -4.858643
-0.814678 0.909010 -0.586029 -4.850815
-0.823727 0.900818 -0.634496 -4.842318
-0.832694 0.892536 -0.682873 -4.833155
-0.841578 0.884164 -0.731156 -4.823329
-0.850377 0.875705 -0.779338 -4.812845
-0.859092 0.867157 -0.827411 -4.801704
-0.867720 0.858523 -0.875370 -4.789912
-0.876262 0.849803 -0.923207 -4.777472
-0.884716 0.840998 -0.970917 -4.764389
-0.893082 0.832109 -1.018493 -4.750667
-0.901358 0.823137 -1.065928 -4.736311
-0.909544 0.814082 -1.113217 -4.721325
-0.917639 0.804946 -1.160353 -4.705716
-0.925643 0.795730 -1.207329 -4.689488
-0.933554 0.786434 -1.254140 -4.672647
-0.941371 0.777059 -1.300780 -4.655198
-0.949094 0.767606 -1.347242 -4.637148
-0.956723 0.758077 -1.393521 -4.618503
-0.964256 0.748472 -1.439610 -4.599269
-0.971692 0.738793 -1.485505 -4.579453
-0.979031 0.729039 -1.531198 -4.559061
-0.986273 0.719212 -1.576684 -4.538100
-0.993415 0.709314 -1.621958 -4.516578
-1.000459 0.699344 -1.667014 -4.494501
-1.007402 0.689305 -1.711846 -4.471877
-1.014245 0.679197 -1.756449 -4.448713
-1.020986 0.669020 -1.800818 -4.425018
-1.027625 0.658777 -1.844948 -4.400799
-1.034161 0.648468 -1.888833 -4.376064
-1.040594 0.638094 -1.932467 -4.350822
-1.046923 0.627657 -1.975847 -4.325080
-1.053147 0.617156 -2.018967 -4.298848
-1.059266 0.606594 -2.061823 -4.272133
-1.065279 0.595971 -2.104409 -4.244945
-1.071185 0.585289 -2.146720 -4.217293
-1.076984 0.574548 -2.188753 -4.189185
-1.082676 0.563749 -2.230502 -4.160630
-1.088259 0.552895 -2.271964 -4.131638
-1.093733 0.541985 -2.313134 -4.102218
-1.099098 0.531020 -2.354007 -4.072380
-1.104354 0.520003 -2.394580 -4.042133
-1.109498 0.508934 -2.434848 -4.011487
-1.114532 0.497813 -2.474808 -3.980451
-1.119454 0.486643 -2.514456 -3.949035
-1.124265 0.475425 -2.553788 -3.917249
-1.128963 0.464159 -2.592800 -3.885104
-1.133548 0.452846 -2.631489 -3.852608
-1.138019 0.441488 -2.669851 -3.819773
-1.142377 0.430086 -2.707883 -3.786608
-1.146621 0.418641 -2.745582 -3.753124
-1.150750 0.407154 -2.782945 -3.719331
-1.154764 0.395626 -2.819968 -3.685239
-1.158662 0.384059 -2.856648 -3.650859
-1.162445 0.372453 -2.892984 -3.616200
-1.166111 0.360810 -2.928971 -3.581274
-1.169661 0.349131 -2.964609 -3.546092
-1.173094 0.337418 -2.999892 -3.510662
-1.176409 0.325670 -3.034821 -3.474997
-1.179607 0.313890 -3.069392 -3.439106
-1.182687 0.302078 -3.103602 -3.403000
-1.185649 0.290236 -3.137451 -3.366689
-1.188492 0.278366 -3.170935 -3.330185
-1.191216 0.266467 -3.204054 -3.293498
-1.193821 0.254542 -3.236805 -3.256638
-1.196307 0.242591 -3.269186 -3.219616
-1.198673 0.230616 -3.301197 -3.182442
-1.200919 0.218618 -3.332835 -3.145127
-1.203045 0.206598 -3.364099 -3.107681
-1.205051 0.194557 -3.394988 -3.070115
-1.206936 0.182497 -3.425501 -3.032440
-1.208701 0.170419 -3.455636 -2.994665
-1.210344 0.158324 -3.485394 -2.956802
-1.211867 0.146213 -3.514772 -2.918859
-1.213269 0.134087 -3.543771 -2.880849
-1.214549 0.121948 -3.572389 -2.842780
-1.215708 0.109796 -3.600626 -2.804663
-1.216745 0.097634 -3.628482 -2.766509
-1.217660 0.085462 -3.655956 -2.728327
-1.218454 0.073281 -3.683048 -2.690127
-1.219126 0.061093 -3.709759 -2.651920
-1.219676 0.048899 -3.736087 -2.613714
-1.220104 0.036700 -3.762033 -2.575521
-1.220410 0.024497 -3.787597 -2.537349
-1.223381 0.012320 -3.821461 -2.267182
-1.217340 0.000025 -3.767755 8.693772
-1.223382 -0.012087 -3.767805 -4.388305
-1.219131 -0.024361 -3.741622 6.747031
-1.220353 -0.036536 -3.705121 1.632683
-1.219682 -0.048740 -3.682886 2.641429
-1.219134 -0.060934 -3.656346 2.666675
-1.218463 -0.073122 -3.629553 2.691770
-1.217671 -0.085303 -3.602511 2.716710
-1.216757 -0.097475 -3.575220 2.741490
-1.215722 -0.109637 -3.547682 2.766103
-1.214565 -0.121789 -3.519898 2.790546
-1.213286 -0.133928 -3.491871 2.814814
-1.211886 -0.146054 -3.463602 2.838901
-1.210365 -0.158166 -3.435094 2.862802
-1.208723 -0.170261 -3.406347 2.886513
-1.206960 -0.182340 -3.377364 2.910029
-1.205076 -0.194400 -3.348147 2.933344
-1.203072 -0.206441 -3.318698 2.956455
-1.200947 -0.218461 -3.289019 2.979356
-1.198703 -0.230459 -3.259112 3.002043
-1.196338 -0.242435 -3.228979 3.024511
-1.193854 -0.254386 -3.198622 3.046756
-1.191251 -0.266311 -3.168044 3.068773
-1.188528 -0.278210 -3.137247 3.090557
-1.185687 -0.290081 -3.106234 3.112105
-1.182727 -0.301924 -3.075006 3.133412
-1.179648 -0.313736 -3.043566 3.154473
-1.176452 -0.325516 -3.011917 3.175285
-1.173138 -0.337264 -2.980062 3.195843
-1.169707 -0.348979 -2.948001 3.216143
-1.166159 -0.360658 -2.915740 3.236181
-1.162494 -0.372301 -2.883279 3.255954
-1.158713 -0.383907 -2.850621 3.275456
-1.154816 -0.395475 -2.817771 3.294685
-1.150803 -0.407003 -2.784729 3.313636
-1.146676 -0.418491 -2.751499 3.332306
-1.142434 -0.429937 -2.718084 3.350691
-1.138077 -0.441339 -2.684486 3.368787
-1.133607 -0.452698 -2.650709 3.386592
-1.129023 -0.464011 -2.616755 3.404101
-1.124327 -0.475278 -2.582628 3.421311
-1.119518 -0.486497 -2.548330 3.438219
-1.114597 -0.497668 -2.513864 3.454822
-1.109565 -0.508789 -2.479234 3.471116
-1.104422 -0.519859 -2.444443 3.487099
-1.099168 -0.530877 -2.409494 3.502768
-1.093804 -0.541842 -2.374389 3.518119
-1.088331 -0.552752 -2.339132 3.533149
-1.082749 -0.563608 -2.303727 3.547857
-1.077059 -0.574407 -2.268176 3.562239
-1.071261 -0.585149 -2.232483 3.576292
-1.065356 -0.595832 -2.196651 3.590015
-1.059345 -0.606456 -2.160684 3.603405
-1.053227 -0.617019 -2.124584 3.616459
-1.047005 -0.627520 -2.088356 3.629176
-1.040677 -0.637958 -2.052002 3.641552
-1.034246 -0.648333 -2.015526 3.653586
-1.027711 -0.658643 -1.978931 3.665277
-1.021073 -0.668887 -1.942222 3.676621
-1.014333 -0.679064 -1.905400 3.687618
-1.007492 -0.689173 -1.868470 3.698265
-1.000550 -0.699213 -1.831436 3.708561
-0.993508 -0.709184 -1.794300 3.718504
-0.986367 -0.719083 -1.757067 3.728093
-0.979127 -0.728911 -1.719740 3.737327
-0.971789 -0.738665 -1.682322 3.746203
-0.964354 -0.748346 -1.644817 3.754722
-0.956822 -0.757952 -1.607229 3.762881
-0.949195 -0.767482 -1.569560 3.770681
-0.941473 -0.776936 -1.531816 3.778119
-0.933656 -0.786312 -1.493999 3.785195
-0.925747 -0.795609 -1.456113 3.791908
-0.917744 -0.804826 -1.418162 3.798258
-0.909650 -0.813963 -1.380150 3.804244
-0.901465 -0.823019 -1.342079 3.809866
-0.893190 -0.831992 -1.303953 3.815123
-0.884826 -0.840882 -1.265777 3.820014
-0.876373 -0.849688 -1.227554 3.824541
-0.867832 -0.858410 -1.189288 3.828702
-0.859205 -0.867045 -1.150982 3.832497
-0.850492 -0.875593 -1.112639 3.835927
-0.841693 -0.884054 -1.074264 3.838992
-0.832811 -0.892427 -1.035861 3.841691
-0.823845 -0.900710 -0.997432 3.844026
-0.814797 -0.908904 -0.958981 3.845996
-0.805667 -0.917006 -0.920513 3.847603
-0.796457 -0.925017 -0.882030 3.848846
-0.787167 -0.932935 -0.843537 3.849726
-0.777799 -0.940760 -0.805037 3.850245
-0.768353 -0.948491 -0.766534 3.850403
-0.758829 -0.956127 -0.728030 3.850200
-0.749230 -0.963667 -0.689531 3.849639
-0.739556 -0.971111 -0.651039 3.848719
-0.729808 -0.978458 -0.612558 3.847442
-0.719988 -0.985707 -0.574091 3.845810
-0.710095 -0.992857 -0.535642 3.843824
-0.700131 -0.999908 -0.497216 3.841484
-0.690097 -1.006860 -0.458814 3.838794
-0.679994 -1.013710 -0.420441 3.835753
-0.669823 -1.020459 -0.382100 3.832364
-0.659585 -1.027106 -0.343795 3.828629
-0.649281 -1.033651 -0.305529 3.824549
-0.638912 -1.040092 -0.267305 3.820126
-0.628480 -1.046429 -0.229127 3.815362
-0.617984 -1.052661 -0.190999 3.810260
-0.607427 -1.058788 -0.152923 3.804820
-0.596809 -1.064810 -0.114904 3.799046
-0.586131 -1.070724 -0.076943 3.792940
-0.575395 -1.076532 -0.039046 3.786504
-0.564601 -1.082232 -0.001214 3.779739
-0.553750 -1.087824 0.036548 3.772650
-0.542845 -1.093307 0.074238 3.765237
-0.531885 -1.098681 0.111852 3.757504
-0.520871 -1.103944 0.149387 3.749454
-0.509806 -1.109098 0.186840 3.741089
-0.498690 -1.114140 0.224207 3.732411
-0.487524 -1.119071 0.261487 3.723424
-0.476309 -1.123891 0.298675 3.714130
-0.465046 -1.128597 0.335768 3.704533
-0.453737 -1.133191 0.372764 3.694635
-0.442383 -1.137672 0.409660 3.684439
-0.430984 -1.142039 0.446452 3.673948
-0.419542 -1.146292 0.483138 3.663166
-0.408059 -1.150430 0.519715 3.652096
-0.396534 -1.154453 0.556179 3.640740
-0.384970 -1.158360 0.592528 3.629103
-0.373367 -1.162152 0.628760 3.617187
-0.361727 -1.165827 0.664871 3.604995
-0.350051 -1.169386 0.700859 3.592532
-0.338340 -1.172828 0.736721 3.579801
-0.326595 -1.176153 0.772454 3.566804
-0.314817 -1.179360 0.808056 3.553547
-0.303008 -1.182449 0.843524 3.540031
-0.291169 -1.185420 0.878856 3.526261
-0.279300 -1.188272 0.914049 3.512241
-0.267404 -1.191006 0.949100 3.497973
-0.255480 -1.193620 0.984007 3.483463
-0.243532 -1.196116 1.018768 3.468712
-0.231558 -1.198491 1.053381 3.453726
-0.219562 -1.200747 1.087842 3.438508
-0.207544 -1.202882 1.122150 3.423062
-0.195505 -1.204897 1.156303 3.407391
-0.183446 -1.206792 1.190297 3.391499
-0.171370 -1.208566 1.224132 3.375391
-0.159275 -1.210220 1.257804 3.359070
-0.147166 -1.211752 1.291313 3.342540
-0.135041 -1.213163 1.324655 3.325806
-0.122903 -1.214453 1.357828 3.308870
-0.110752 -1.215621 1.390831 3.291737
-0.098591 -1.216668 1.423662 3.274410
-0.086419 -1.217593 1.456319 3.256895
-0.074239 -1.218396 1.488799 3.239195
-0.062052 -1.219077 1.521102 3.221313
-0.049858 -1.219637 1.553225 3.203254
-0.037659 -1.220074 1.585167 3.185022
-0.025457 -1.220390 1.616925 3.166621
-0.013252 -1.220584 1.648499 3.148055
-0.001046 -1.220655 1.679886 3.129328
0.011161 -1.220605 1.711085 3.110444
0.023366 -1.220432 1.742094 3.091406
0.035569 -1.220137 1.772912 3.072220
0.047768 -1.219721 1.803538 3.052889
0.059963 -1.219182 1.833969 3.033417
0.072152 -1.218521 1.864206 3.013808
0.084333 -1.217739 1.894245 2.994066
0.096506 -1.216835 1.924087 2.974195
0.108669 -1.215809 1.953729 2.954200
0.120822 -1.214661 1.983170 2.934083
0.132962 -1.213392 2.012410 2.913850
0.145089 -1.212002 2.041447 2.893503
0.157202 -1.210491 2.070280 2.873048
0.169299 -1.208858 2.098907 2.852488
0.181378 -1.207105 2.127329 2.831826
0.193440 -1.205231 2.155544 2.811068
0.205483 -1.203236 2.183550 2.790216
0.217505 -1.201121 2.211348 2.769274
0.229505 -1.198886 2.238935 2.748247
0.241482 -1.196531 2.266312 2.727139
0.253435 -1.194056 2.293478 2.705952
0.265363 -1.191462 2.320431 2.684692
0.277264 -1.188749 2.347171 2.663361
0.289137 -1.185917 2.373698 2.641964
0.300982 -1.182967 2.400011 2.620504
0.312796 -1.179898 2.426108 2.598985
0.324579 -1.176711 2.451990 2.577410
0.336330 -1.173406 2.477656 2.555784
0.348047 -1.169984 2.503106 2.534110
0.359729 -1.166445 2.528338 2.512391
0.371376 -1.162790 2.553353 2.490631
0.382985 -1.159018 2.578151 2.468834
0.394555 -1.155130 2.602730 2.447004
0.406087 -1.151127 2.627091 2.425143
0.417578 -1.147009 2.651233 2.403255
0.429027 -1.142776 2.675156 2.381344
0.440433 -1.138428 2.698859 2.359412
0.451795 -1.133967 2.722344 2.337465
0.463112 -1.129393 2.745609 2.315503
0.474382 -1.124705 2.768654 2.293532
0.485605 -1.119905 2.791479 2.271555
0.496780 -1.114993 2.814085 2.249574
0.507905 -1.109970 2.836471 2.227592
0.518979 -1.104835 2.858637 2.205614
0.530001 -1.099590 2.880583 2.183641
0.540971 -1.094235 2.902310 2.161678
0.551886 -1.088771 2.923817 2.139727
0.562746 -1.083198 2.945104 2.117792
0.573549 -1.077516 2.966172 2.095874
0.584296 -1.071727 2.987022 2.073978
0.594983 -1.065831 3.007652 2.052106
0.605612 -1.059828 3.028064 2.030261
0.616180 -1.053719 3.048257 2.008447
0.626686 -1.047504 3.068233 1.986664
0.637129 -1.041185 3.087991 1.964918
0.647509 -1.034762 3.107531 1.943209
0.657824 -1.028235 3.126855 1.921542
0.668074 -1.021605 3.145962 1.899918
0.678256 -1.014874 3.164854 1.878340
0.688371 -1.008041 3.183529 1.856811
0.698416 -1.001107 3.201990 1.835333
0.708392 -0.994073 3.220236 1.813910
0.718298 -0.986939 3.238268 1.792542
0.728131 -0.979707 3.256087 1.771234
0.737891 -0.972377 3.273693 1.749987
0.747578 -0.964949 3.291087 1.728803
0.757190 -0.957425 3.308270 1.707685
0.766726 -0.949806 3.325241 1.686635
0.776186 -0.942091 3.342003 1.665656
0.787362 -0.936415 3.361872 -1.224333
0.792758 -0.923824 3.294776 -4.464088
0.805885 -0.920522 3.313647 0.508298
0.812431 -0.909303 3.266326 -4.820104
0.822465 -0.902301 3.241556 -2.065576
0.831290 -0.893844 3.216297 -2.677311
0.840186 -0.885487 3.189357 -2.710558
0.848999 -0.877041 3.162086 -2.743727
0.857727 -0.868507 3.134483 -2.776808
0.866369 -0.859887 3.106550 -2.809793
0.874924 -0.851180 3.078287 -2.842674
0.883392 -0.842388 3.049697 -2.875440
0.891772 -0.833512 3.020779 -2.908084
0.900062 -0.824553 2.991535 -2.940597
0.908263 -0.815512 2.961967 -2.972971
0.916372 -0.806388 2.932077 -3.005195
0.924390 -0.797184 2.901864 -3.037262
0.932316 -0.787901 2.871332 -3.069162
0.940148 -0.778538 2.840481 -3.100888
0.947886 -0.769098 2.809315 -3.132429
0.955530 -0.759581 2.777834 -3.163778
0.963077 -0.749988 2.746040 -3.194924
0.970529 -0.740320 2.713936 -3.225861
0.977884 -0.730578 2.681523 -3.256579
0.985140 -0.720762 2.648805 -3.287068
0.992299 -0.710875 2.615783 -3.317321
0.999358 -0.700917 2.582459 -3.347329
1.006317 -0.690888 2.548837 -3.377083
1.013175 -0.680791 2.514919 -3.406574
1.019932 -0.670625 2.480706 -3.435794
1.026587 -0.660392 2.446204 -3.464734
1.033140 -0.650094 2.411413 -3.493387
1.039589 -0.639730 2.376337 -3.521742
1.045934 -0.629302 2.340979 -3.549793
1.052175 -0.618812 2.305342 -3.577530
1.058310 -0.608259 2.269429 -3.604945
1.064340 -0.597646 2.233244 -3.632031
1.070263 -0.586973 2.196790 -3.658778
1.076079 -0.576241 2.160070 -3.685180
1.081788 -0.565451 2.123087 -3.711227
1.087388 -0.554606 2.085846 -3.736912
1.092880 -0.543704 2.048350 -3.762228
1.098262 -0.532748 2.010603 -3.787166
1.103534 -0.521739 1.972608 -3.811718
1.108697 -0.510678 1.934370 -3.835878
1.113748 -0.499566 1.895892 -3.859637
1.118688 -0.488403 1.857179 -3.882989
1.123516 -0.477192 1.818234 -3.905926
1.128231 -0.465933 1.779062 -3.928441
1.132834 -0.454628 1.739666 -3.950526
1.137324 -0.443277 1.700053 -3.972176
1.141700 -0.431882 1.660224 -3.993382
1.145961 -0.420444 1.620186 -4.014140
1.150108 -0.408963 1.579943 -4.034441
1.154140 -0.397442 1.539499 -4.054279
1.158057 -0.385881 1.498859 -4.073648
1.161858 -0.374281 1.458028 -4.092543
1.165543 -0.362644 1.417010 -4.110956
1.169111 -0.350971 1.375810 -4.128883
1.172562 -0.339262 1.334434 -4.146316
1.175896 -0.327520 1.292886 -4.163251
1.179112 -0.315745 1.251171 -4.179683
1.182211 -0.303938 1.209294 -4.195605
1.185191 -0.292101 1.167260 -4.211013
1.188052 -0.280234 1.125075 -4.225902
1.190795 -0.268340 1.082744 -4.240267
1.193419 -0.256419 1.040272 -4.254103
1.195924 -0.244472 0.997664 -4.267405
1.198309 -0.232501 0.954925 -4.280170
1.200574 -0.220506 0.912062 -4.292394
1.202719 -0.208490 0.869079 -4.304071
1.204743 -0.196452 0.825982 -4.315199
1.206648 -0.184395 0.782777 -4.325773
1.208431 -0.172320 0.739469 -4.335791
1.210094 -0.160227 0.696063 -4.345249
1.211636 -0.148118 0.652566 -4.354144
1.213056 -0.135995 0.608982 -4.362472
1.214356 -0.123858 0.565318 -4.370232
1.215533 -0.111708 0.521579 -4.377420
1.216590 -0.099547 0.477772 -4.384034
1.217524 -0.087377 0.433901 -4.390073
1.218337 -0.075197 0.389972 -4.395533
1.219028 -0.063010 0.345992 -4.400414
1.219597 -0.050817 0.301966 -4.404714
1.220045 -0.038619 0.257900 -4.408430
1.220370 -0.026417 0.213799 -4.411563
1.220573 -0.014212 0.169670 -4.414110
1.220654 -0.002006 0.125519 -4.416071
1.220613 0.010201 0.081351 -4.417446
1.220450 0.022406 0.037172 -4.418234
1.220165 0.034609 -0.007012 -4.418435
1.219758 0.046809 -0.051195 -4.418048
1.219229 0.059004 -0.095371 -4.417074
1.218578 0.071193 -0.139534 -4.415512
1.217805 0.083375 -0.183679 -4.413365
1.216910 0.095549 -0.227800 -4.410632
1.215894 0.107713 -0.271890 -4.407314
1.214756 0.119867 -0.315944 -4.403412
1.213497 0.132008 -0.359956 -4.398928
1.212116 0.144136 -0.403921 -4.393863
1.210614 0.156250 -0.447832 -4.388219
1.208991 0.168348 -0.491683 -4.381997
1.207247 0.180429 -0.535470 -4.375200
1.205382 0.192492 -0.579185 -4.367831
1.203397 0.204536 -0.622824 -4.359890
1.201292 0.216560 -0.666381 -4.351382
1.199066 0.228562 -0.709850 -4.342308
1.196721 0.240541 -0.753225 -4.332672
1.194255 0.252496 -0.796502 -4.322477
1.191671 0.264426 -0.839673 -4.311727
1.188967 0.276329 -0.882734 -4.300424
1.186144 0.288205 -0.925680 -4.288573
1.183203 0.300051 -0.968504 -4.276177
1.180143 0.311868 -1.011202 -4.263241
1.176966 0.323654 -1.053767 -4.249769
1.173670 0.335407 -1.096195 -4.235764
1.170258 0.347127 -1.138481 -4.221233
1.166728 0.358812 -1.180618 -4.206179
1.163082 0.370461 -1.222602 -4.190607
1.159319 0.382073 -1.264428 -4.174522
1.155440 0.393647 -1.306091 -4.157931
1.151446 0.405182 -1.347585 -4.140836
1.147337 0.416676 -1.388906 -4.123246
1.143113 0.428128 -1.430049 -4.105164
1.138774 0.439537 -1.471008 -4.086598
1.134322 0.450903 -1.511779 -4.067552
1.129756 0.462224 -1.552357 -4.048033
1.125078 0.473498 -1.592738 -4.028047
1.120287 0.484725 -1.632917 -4.007600
1.115383 0.495903 -1.672889 -3.986700
1.110369 0.507032 -1.712649 -3.965352
1.105243 0.518110 -1.752194 -3.943563
1.100007 0.529136 -1.791519 -3.921341
1.094660 0.540110 -1.830620 -3.898691
1.089205 0.551029 -1.869491 -3.875622
1.083640 0.561894 -1.908131 -3.852140
1.077967 0.572702 -1.946533 -3.828253
1.072186 0.583453 -1.984694 -3.803967
1.066298 0.594145 -2.022611 -3.779292
1.060303 0.604778 -2.060279 -3.754233
1.054203 0.615351 -2.097694 -3.728800
1.047997 0.625862 -2.134854 -3.702998
1.041686 0.636310 -2.171753 -3.676838
1.035271 0.646695 -2.208389 -3.650326
1.028752 0.657015 -2.244759 -3.623470
1.022131 0.667270 -2.280858 -3.596279
1.015407 0.677458 -2.316683 -3.568760
1.008582 0.687578 -2.352232 -3.540923
1.001655 0.697629 -2.387500 -3.512775
0.994629 0.707611 -2.422486 -3.484324
0.987504 0.717521 -2.457186 -3.455580
0.980279 0.727360 -2.491597 -3.426550
0.972957 0.737127 -2.525716 -3.397243
0.965537 0.746819 -2.559541 -3.367667
0.958020 0.756437 -2.593069 -3.337832
0.950408 0.765979 -2.626297 -3.307745
0.942701 0.775445 -2.659223 -3.277416
0.934900 0.784833 -2.691844 -3.246853
0.927005 0.794143 -2.724159 -3.216065
0.919017 0.803373 -2.756165 -3.185061
0.910937 0.812523 -2.787859 -3.153849
0.902767 0.821591 -2.819241 -3.122438
0.894506 0.830578 -2.850308 -3.090838
0.886156 0.839481 -2.881057 -3.059056
0.877717 0.848300 -2.911488 -3.027102
0.869190 0.857035 -2.941599 -2.994984
0.860576 0.865684 -2.971387 -2.962711
0.851876 0.874246 -3.000852 -2.930293
0.843092 0.882721 -3.029993 -2.897737
0.834222 0.891108 -3.058807 -2.865053
0.825270 0.899405 -3.087293 -2.832249
0.816235 0.907613 -3.115451 -2.799335
0.807118 0.915730 -3.143280 -2.766319
0.797920 0.923755 -3.170777 -2.733209
0.788643 0.931688 -3.197944 -2.700014
0.779287 0.939528 -3.224777 -2.666743
0.769853 0.947273 -3.251278 -2.633405
0.760342 0.954924 -3.277445 -2.600008
