1.239415 11.495340
1.284775 11.381745
1.329304 11.264105
1.373006 11.142495
1.415887 11.016989
1.457953 10.887660
1.499210 10.754581
1.539666 10.617826
1.579327 10.477465
1.618200 10.333571
1.656294 10.186213
1.693615 10.035461
1.730172 9.881385
1.765974 9.724053
1.801028 9.563532
1.835343 9.399890
1.868927 9.233192
1.901790 9.063505
1.933940 8.890892
1.965385 8.715417
1.996135 8.537143
2.026197 8.356133
2.055582 8.172448
2.084297 7.986148
2.112352 7.797294
2.139754 7.605945
2.166513 7.412158
2.192636 7.215991
2.218133 7.017502
2.243011 6.816746
2.267279 6.613778
2.290944 6.408654
2.314014 6.201426
2.336498 5.992149
2.358402 5.780874
2.379735 5.567654
2.400503 5.352539
2.420713 5.135580
2.440373 4.916827
2.459489 4.696329
2.478067 4.474135
2.496114 4.250293
2.513637 4.024850
2.530640 3.797854
2.547130 3.569351
2.563113 3.339386
2.578593 3.108005
5.545300 -12.931082
4.574193 -7.696076
4.501638 -7.345135
5.691385 -13.746791
4.775770 -8.808791
5.000000 -10.027679
5.000000 -10.032679
5.000000 -10.037679
5.000000 -10.042679
5.000000 -10.047679
5.000000 -10.052679
5.000000 -10.057679
5.000000 -10.062679
5.000000 -10.067679
5.000000 -10.072679
5.000000 -10.077679
5.000000 -10.082679
5.000000 -10.087679
5.000000 -10.092679
5.000000 -10.097679
5.000000 -10.102679
5.000000 -10.107679
5.000000 -10.112679
5.000000 -10.117679
5.000000 -10.122679
5.000000 -10.127679
5.000000 -10.132679
5.000000 -10.137679
5.000000 -10.142679
5.000000 -10.147679
5.000000 -10.152679
5.000000 -10.157679
5.000000 -10.162679
5.000000 -10.167679
5.000000 -10.172679
5.000000 -10.177679
5.000000 -10.182679
5.000000 -10.187679
5.000000 -10.192679
5.000000 -10.197679
5.000000 -10.202679
5.000000 -10.207679
5.000000 -10.212679
5.000000 -10.217679
5.000000 -10.222679
5.000000 -10.227679
5.000000 -10.232679
5.000000 -10.237679
5.000000 -10.242679
5.000000 -10.247679
5.000000 -10.252679
-7.987298 -1.918611
-6.947959 -2.430811
-2.787298 -5.126644
-11.227739 0.415566
-5.737574 -3.049534
-7.000000 -2.169909
-7.000000 -2.099909
-7.000000 -2.029909
-7.000000 -1.959909
-7.000000 -1.889909
-7.000000 -1.819909
-7.000000 -1.749909
-7.000000 -1.679909
-7.000000 -1.609909
-7.000000 -1.539909
-7.000000 -1.469909
-7.000000 -1.399909
-7.000000 -1.329909
-7.000000 -1.259909
-7.000000 -1.189909
-7.000000 -1.119909
-7.000000 -1.049909
-7.000000 -0.979909
-7.000000 -0.909909
-7.000000 -0.839909
-7.000000 -0.769909
-7.000000 -0.699909
-7.000000 -0.629909
-7.000000 -0.559909
-7.000000 -0.489909
-7.000000 -0.419909
-7.000000 -0.349909
-7.000000 -0.279909
-7.000000 -0.209909
-7.000000 -0.139909
-7.000000 -0.069909
-7.015983 0.000091
-6.980983 0.070250
-7.015983 0.140061
-6.992650 0.210220
-7.001400 0.280147
-7.000000 0.350161
-7.000000 0.420161
-7.000000 0.490161
-7.000000 0.560161
-7.000000 0.630161
-7.000000 0.700161
-7.000000 0.770161
-7.000000 0.840161
-7.000000 0.910161
-7.000000 0.980161
-7.000000 1.050161
-7.000000 1.120161
-7.000000 1.190161
-7.000000 1.260161
-7.000000 1.330161
-7.000000 1.400161
-7.000000 1.470161
-7.000000 1.540161
-7.000000 1.610161
-7.000000 1.680161
-7.000000 1.750161
-7.000000 1.820161
-7.000000 1.890161
-7.000000 1.960161
-7.000000 2.030161
-7.000000 2.100161
-7.000000 2.170161
-7.000000 2.240161
-7.000000 2.310161
-7.000000 2.380161
-7.000000 2.450161
-7.000000 2.520161
5.301947 30.574595
1.897827 22.002295
0.936721 19.880987
6.489572 31.886507
2.481189 22.380102
3.495312 24.299796
3.533463 23.983492
3.570398 23.663809
3.606167 23.340855
3.640817 23.014732
3.674396 22.685540
3.706948 22.353372
3.738517 22.018319
3.769145 21.680467
3.798870 21.339900
3.827732 20.996696
3.855768 20.650933
3.883013 20.302682
3.909502 19.952013
3.935269 19.598993
3.960344 19.243685
3.984759 18.886151
4.008543 18.526448
4.031725 18.164631
4.054332 17.800755
4.076392 17.434868
4.097929 17.067020
4.118969 16.697256
4.139535 16.325619
4.159651 15.952153
4.179338 15.576895
4.198620 15.199884
4.217516 14.821155
4.236047 14.440742
4.254233 14.058677
4.272093 13.674990
4.289646 13.289709
4.306909 12.902862
4.323901 12.514474
4.340638 12.124568
4.357138 11.733166
4.373416 11.340290
4.389489 10.945958
4.405373 10.550187
4.421082 10.152996
4.436632 9.754398
4.452038 9.354406
4.467314 8.953035
4.482475 8.550293
4.497535 8.146192
4.512508 7.740740
4.527408 7.333943
4.542248 6.925808
4.557044 6.516340
4.571807 6.105541
4.586553 5.693415
4.601294 5.279962
4.616044 4.865182
4.630817 4.449073
4.645627 4.031633
4.660488 3.612859
4.675414 3.192744
5.089483 -13.178698
4.920377 -7.365098
4.954308 -7.625205
5.083023 -13.634886
4.971536 -8.823326
5.000000 -10.027716
5.000000 -10.032716
5.000000 -10.037716
5.000000 -10.042716
5.000000 -10.047716
5.000000 -10.052716
5.000000 -10.057716
5.000000 -10.062716
5.000000 -10.067716
5.000000 -10.072716
5.000000 -10.077716
5.000000 -10.082716
5.000000 -10.087716
5.000000 -10.092716
5.000000 -10.097716
5.000000 -10.102716
5.000000 -10.107716
5.000000 -10.112716
5.000000 -10.117716
5.000000 -10.122716
5.000000 -10.127716
5.000000 -10.132716
5.000000 -10.137716
5.000000 -10.142716
5.000000 -10.147716
5.000000 -10.152716
5.000000 -10.157716
5.000000 -10.162716
5.000000 -10.167716
5.000000 -10.172716
5.000000 -10.177716
5.000000 -10.182716
5.000000 -10.187716
5.000000 -10.192716
5.000000 -10.197716
5.000000 -10.202716
5.000000 -10.207716
5.000000 -10.212716
5.000000 -10.217716
5.000000 -10.222716
5.000000 -10.227716
5.000000 -10.232716
5.000000 -10.237716
5.000000 -10.242716
5.000000 -10.247716
5.000000 -10.252716
5.000000 -10.257716
5.000000 -10.262716
5.000000 -10.267716
5.000000 -10.272716
5.000000 -10.277716
5.000000 -10.282716
5.000000 -10.287716
5.000000 -10.292716
5.000000 -10.297716
5.000000 -10.302716
5.000000 -10.307716
5.000000 -10.312716
5.000000 -10.317716
5.000000 -10.322716
5.000000 -10.327716
5.000000 -10.332716
5.000000 -10.337716
5.000000 -10.342716
5.000000 -10.347716
5.000000 -10.352716
5.000000 -10.357716
5.000000 -10.362716
5.000000 -10.367716
5.000000 -10.372716
5.000000 -10.377716
5.000000 -10.382716
5.000000 -10.387716
5.000000 -10.392716
5.000000 -10.397716
5.000000 -10.402716
5.000000 -10.407716
5.000000 -10.412716
5.000000 -10.417716
5.000000 -10.422716
5.000000 -10.427716
5.000000 -10.432716
5.000000 -10.437716
5.000000 -10.442716
5.000000 -10.447716
5.000000 -10.452716
5.000000 -10.457716
-22.168695 2.916242
9.924797 -12.703917
-16.968695 0.480941
-4.706367 -5.406056
-6.979740 -4.239703
-7.000000 -4.158174
-7.000000 -4.088174
-7.000000 -4.018174
-7.000000 -3.948174
-7.000000 -3.878174
-7.000000 -3.808174
-7.000000 -3.738174
-7.000000 -3.668174
-7.000000 -3.598174
-7.000000 -3.528174
-7.000000 -3.458174
-7.000000 -3.388174
-7.000000 -3.318174
-7.000000 -3.248174
-7.000000 -3.178174
-7.000000 -3.108174
-7.000000 -3.038174
-7.000000 -2.968174
-7.000000 -2.898174
-7.000000 -2.828174
-7.000000 -2.758174
-7.000000 -2.688174
-7.000000 -2.618174
-7.000000 -2.548174
-7.000000 -2.478174
-7.000000 -2.408174
-7.000000 -2.338174
-7.000000 -2.268174
-7.000000 -2.198174
-7.000000 -2.128174
-7.000000 -2.058174
-7.000000 -1.988174
-7.000000 -1.918174
-7.000000 -1.848174
-7.000000 -1.778174
-7.000000 -1.708174
-7.000000 -1.638174
-7.000000 -1.568174
-7.000000 -1.498174
-7.000000 -1.428174
-7.000000 -1.358174
-7.000000 -1.288174
-7.000000 -1.218174
-7.000000 -1.148174
-7.000000 -1.078174
-7.000000 -1.008174
-7.000000 -0.938174
-7.000000 -0.868174
-7.000000 -0.798174
-7.000000 -0.728174
-7.000000 -0.658174
-7.000000 -0.588174
-7.000000 -0.518174
-7.000000 -0.448174
-7.000000 -0.378174
-7.000000 -0.308174
-7.000000 -0.238174
-7.000000 -0.168174
-7.000000 -0.098174
-7.000000 -0.028174
-7.015983 0.041922
-6.980983 0.111872
-7.015983 0.181891
-6.992650 0.251912
-7.001400 0.321890
-7.000000 0.391896
-7.000000 0.461896
-7.000000 0.531896
-7.000000 0.601896
-7.000000 0.671896
-7.000000 0.741896
-7.000000 0.811896
-7.000000 0.881896
-7.000000 0.951896
-7.000000 1.021896
-7.000000 1.091896
-7.000000 1.161896
-7.000000 1.231896
-7.000000 1.301896
-7.000000 1.371896
-7.000000 1.441896
-7.000000 1.511896
-7.000000 1.581896
-7.000000 1.651896
-7.000000 1.721896
-7.000000 1.791896
-7.000000 1.861896
-7.000000 1.931896
-7.000000 2.001896
-7.000000 2.071896
-7.000000 2.141896
-7.000000 2.211896
-7.000000 2.281896
-7.000000 2.351896
-7.000000 2.421896
-7.000000 2.491896
-7.000000 2.561896
-7.000000 2.631896
-7.000000 2.701896
-7.000000 2.771896
-7.000000 2.841896
-7.000000 2.911896
-7.000000 2.981896
-7.000000 3.051896
-7.000000 3.121896
-7.000000 3.191896
-7.000000 3.261896
-7.000000 3.331896
-7.000000 3.401896
-7.000000 3.471896
-7.000000 3.541896
-7.000000 3.611896
-7.000000 3.681896
-7.000000 3.751896
-7.000000 3.821896
-7.000000 3.891896
-7.000000 3.961896
-7.000000 4.031896
-7.000000 4.101896
-7.000000 4.171896
-7.000000 4.241896
-7.000000 4.311896
-7.000000 4.381896
-7.000000 4.451896
-7.000000 4.521896
1.024565 22.810114
22.958510 71.849976
-7.016559 3.833329
20.913843 66.645860
6.725727 34.035466
9.346195 39.575574
9.170061 38.742429
9.004986 37.924631
8.850175 37.121223
8.704903 36.331314
8.568508 35.554074
8.440384 34.788734
8.319976 34.034574
8.206774 33.290922
8.100312 32.557152
8.000159 31.832677
7.905921 31.116946
7.817233 30.409445
7.733761 29.709688
7.655195 29.017221
7.581249 28.331614
7.511659 27.652465
7.446182 26.979392
7.384592 26.312036
7.326680 25.650055
7.272254 24.993129
7.221133 24.340951
7.173152 23.693231
7.128159 23.049694
7.086009 22.410077
7.046573 21.774130
7.009727 21.141616
6.975358 20.512305
6.943361 19.885980
6.913641 19.262432
6.886107 18.641460
6.860676 18.022870
6.837273 17.406477
6.815827 16.792102
6.796275 16.179571
6.778555 15.568717
5.000000 -10.125000
5.000000 -10.130000
5.000000 -10.135000
5.000000 -10.140000
5.000000 -10.145000
5.000000 -10.150000
5.000000 -10.155000
5.000000 -10.160000
5.000000 -10.165000
5.000000 -10.170000
5.000000 -10.175000
5.000000 -10.180000
5.000000 -10.185000
5.000000 -10.190000
5.000000 -10.195000
5.000000 -10.200000
5.000000 -10.205000
5.000000 -10.210000
5.000000 -10.215000
5.000000 -10.220000
5.000000 -10.225000
5.000000 -10.230000
5.000000 -10.235000
5.000000 -10.240000
5.000000 -10.245000
5.000000 -10.250000
5.000000 -10.255000
5.000000 -10.260000
5.000000 -10.265000
5.000000 -10.270000
5.000000 -10.275000
5.000000 -10.280000
5.000000 -10.285000
5.000000 -10.290000
5.000000 -10.295000
-16.274150 2.738804
2.911580 -8.851622
-11.074150 -0.319904
-7.416997 -2.425454
-6.463429 -2.955878
-7.000000 -2.556829
-7.000000 -2.486829
-7.000000 -2.416829
-7.000000 -2.346829
-7.000000 -2.276829
-7.000000 -2.206829
-7.000000 -2.136829
-7.000000 -2.066829
-7.000000 -1.996829
-7.000000 -1.926829
-7.000000 -1.856829
-7.000000 -1.786829
-7.000000 -1.716829
-7.000000 -1.646829
-7.000000 -1.576829
-7.000000 -1.506829
-7.000000 -1.436829
-7.000000 -1.366829
-7.000000 -1.296829
-7.000000 -1.226829
-7.000000 -1.156829
-7.000000 -1.086829
-7.000000 -1.016829
-7.000000 -0.946829
-7.000000 -0.876829
-7.000000 -0.806829
-7.000000 -0.736829
-7.000000 -0.666829
-7.000000 -0.596829
-7.000000 -0.526829
-7.000000 -0.456829
-7.000000 -0.386829
-7.000000 -0.316829
-7.000000 -0.246829
-7.000000 -0.176829
-7.000000 -0.106829
-7.000000 -0.036829
-7.015983 0.033247
-6.980983 0.103241
-7.015983 0.173217
-6.992650 0.243266
-7.001400 0.313234
-7.000000 0.383241
-7.000000 0.453241
-7.000000 0.523241
-7.000000 0.593241
-7.000000 0.663241
-7.000000 0.733241
-7.000000 0.803241
-7.000000 0.873241
-7.000000 0.943241
-7.000000 1.013241
-7.000000 1.083241
-7.000000 1.153241
-7.000000 1.223241
-7.000000 1.293241
-7.000000 1.363241
-7.000000 1.433241
-7.000000 1.503241
-7.000000 1.573241
-7.000000 1.643241
-7.000000 1.713241
-7.000000 1.783241
-7.000000 1.853241
-7.000000 1.923241
-7.000000 1.993241
-7.000000 2.063241
-7.000000 2.133241
-7.000000 2.203241
-7.000000 2.273241
-7.000000 2.343241
-7.000000 2.413241
-7.000000 2.483241
-7.000000 2.553241
-7.000000 2.623241
-7.000000 2.693241
-7.000000 2.763241
-7.000000 2.833241
-7.000000 2.903241
-2.636707 13.230523
13.832837 51.076389
-7.535132 0.873329
12.110380 46.404857
2.563571 23.523942
4.473175 27.592853
4.488692 27.189566
4.503792 26.784901
4.518499 26.378895
4.532838 25.971582
4.546830 25.562994
4.560497 25.153162
4.573859 24.742114
4.586935 24.329876
4.599744 23.916474
4.612304 23.501930
4.624633 23.086266
4.636747 22.669502
4.648661 22.251658
4.660392 21.832749
4.671953 21.412792
4.683361 20.991802
4.694627 20.569791
4.705766 20.146773
4.716791 19.722757
4.727714 19.297754
4.738548 18.871771
4.749304 18.444817
4.759995 18.016898
4.770632 17.588020
4.781225 17.158186
4.791787 16.727400
4.802328 16.295665
4.812858 15.862982
4.823388 15.429351
4.833929 14.994771
4.844491 14.559243
4.855084 14.122762
4.865718 13.685326
4.876403 13.246931
4.887150 12.807572
4.897969 12.367242
4.908869 11.925935
4.919862 11.483643
4.930957 11.040357
4.942165 10.596067
4.953497 10.150763
4.964963 9.704434
4.976573 9.257066
4.988340 8.808646
5.000273 8.359160
5.012386 7.908591
5.024688 7.456924
5.037193 7.004141
5.049912 6.550223
5.062859 6.095150
5.076045 5.638901
5.089485 5.181455
5.103192 4.722786
5.117181 4.262871
5.131465 3.801685
5.146061 3.339198
5.075342 -5.046771
4.893203 -17.040926
5.144023 0.554064
4.905961 -17.421995
5.023197 -8.094008
5.000000 -10.026347
5.000000 -10.031347
5.000000 -10.036347
5.000000 -10.041347
5.000000 -10.046347
5.000000 -10.051347
5.000000 -10.056347
5.000000 -10.061347
5.000000 -10.066347
5.000000 -10.071347
5.000000 -10.076347
5.000000 -10.081347
5.000000 -10.086347
5.000000 -10.091347
5.000000 -10.096347
5.000000 -10.101347
5.000000 -10.106347
5.000000 -10.111347
5.000000 -10.116347
5.000000 -10.121347
5.000000 -10.126347
5.000000 -10.131347
5.000000 -10.136347
5.000000 -10.141347
5.000000 -10.146347
5.000000 -10.151347
5.000000 -10.156347
5.000000 -10.161347
5.000000 -10.166347
5.000000 -10.171347
5.000000 -10.176347
5.000000 -10.181347
5.000000 -10.186347
5.000000 -10.191347
5.000000 -10.196347
5.000000 -10.201347
5.000000 -10.206347
5.000000 -10.211347
5.000000 -10.216347
5.000000 -10.221347
5.000000 -10.226347
5.000000 -10.231347
5.000000 -10.236347
5.000000 -10.241347
5.000000 -10.246347
5.000000 -10.251347
5.000000 -10.256347
5.000000 -10.261347
5.000000 -10.266347
5.000000 -10.271347
5.000000 -10.276347
5.000000 -10.281347
5.000000 -10.286347
5.000000 -10.291347
5.000000 -10.296347
5.000000 -10.301347
5.000000 -10.306347
5.000000 -10.311347
5.000000 -10.316347
5.000000 -10.321347
5.000000 -10.326347
5.000000 -10.331347
5.000000 -10.336347
5.000000 -10.341347
5.000000 -10.346347
5.000000 -10.351347
5.000000 -10.356347
5.000000 -10.361347
5.000000 -10.366347
5.000000 -10.371347
5.000000 -10.376347
5.000000 -10.381347
5.000000 -10.386347
5.000000 -10.391347
5.000000 -10.396347
5.000000 -10.401347
5.000000 -10.406347
5.000000 -10.411347
5.000000 -10.416347
5.000000 -10.421347
5.000000 -10.426347
5.000000 -10.431347
5.000000 -10.436347
5.000000 -10.441347
5.000000 -10.446347
5.000000 -10.451347
5.000000 -10.456347
5.000000 -10.461347
5.000000 -10.466347
5.000000 -10.471347
5.000000 -10.476347
5.000000 -10.481347
5.000000 -10.486347
5.000000 -10.491347
5.000000 -10.496347
5.000000 -10.501347
-13.065895 -2.249029
-0.905541 -7.641564
-7.865895 -4.496894
-8.892326 -3.894689
-6.182414 -5.077981
-7.000000 -4.634350
-7.000000 -4.564350
-7.000000 -4.494350
-7.000000 -4.424350
-7.000000 -4.354350
-7.000000 -4.284350
-7.000000 -4.214350
-7.000000 -4.144350
-7.000000 -4.074350
-7.000000 -4.004350
-7.000000 -3.934350
-7.000000 -3.864350
-7.000000 -3.794350
-7.000000 -3.724350
-7.000000 -3.654350
-7.000000 -3.584350
-7.000000 -3.514350
-7.000000 -3.444350
-7.000000 -3.374350
-7.000000 -3.304350
-7.000000 -3.234350
-7.000000 -3.164350
-7.000000 -3.094350
-7.000000 -3.024350
-7.000000 -2.954350
-7.000000 -2.884350
-7.000000 -2.814350
-7.000000 -2.744350
-7.000000 -2.674350
-7.000000 -2.604350
-7.000000 -2.534350
-7.000000 -2.464350
-7.000000 -2.394350
-7.000000 -2.324350
-7.000000 -2.254350
-7.000000 -2.184350
-7.000000 -2.114350
-7.000000 -2.044350
-7.000000 -1.974350
-7.000000 -1.904350
-7.000000 -1.834350
-7.000000 -1.764350
-7.000000 -1.694350
-7.000000 -1.624350
-7.000000 -1.554350
-7.000000 -1.484350
-7.000000 -1.414350
-7.000000 -1.344350
-7.000000 -1.274350
-7.000000 -1.204350
-7.000000 -1.134350
-7.000000 -1.064350
-7.000000 -0.994350
-7.000000 -0.924350
-7.000000 -0.854350
-7.000000 -0.784350
-7.000000 -0.714350
-7.000000 -0.644350
-7.000000 -0.574350
-7.000000 -0.504350
-7.000000 -0.434350
-7.000000 -0.364350
-7.000000 -0.294350
-7.000000 -0.224350
-7.000000 -0.154350
-7.000000 -0.084350
-7.000000 -0.014350
-7.015983 0.055777
-6.980983 0.125658
-7.015983 0.195746
-6.992650 0.265721
-7.001400 0.335717
-7.000000 0.405720
-7.000000 0.475720
-7.000000 0.545720
-7.000000 0.615720
-7.000000 0.685720
-7.000000 0.755720
-7.000000 0.825720
-7.000000 0.895720
-7.000000 0.965720
-7.000000 1.035720
-7.000000 1.105720
-7.000000 1.175720
-7.000000 1.245720
-7.000000 1.315720
-7.000000 1.385720
-7.000000 1.455720
-7.000000 1.525720
-7.000000 1.595720
-7.000000 1.665720
-7.000000 1.735720
-7.000000 1.805720
-7.000000 1.875720
-7.000000 1.945720
-7.000000 2.015720
-7.000000 2.085720
-7.000000 2.155720
-7.000000 2.225720
-7.000000 2.295720
-7.000000 2.365720
-7.000000 2.435720
-7.000000 2.505720
-7.000000 2.575720
-7.000000 2.645720
-7.000000 2.715720
-7.000000 2.785720
-7.000000 2.855720
-7.000000 2.925720
-7.000000 2.995720
-7.000000 3.065720
-7.000000 3.135720
-7.000000 3.205720
-7.000000 3.275720
-7.000000 3.345720
-7.000000 3.415720
-7.000000 3.485720
-7.000000 3.555720
-7.000000 3.625720
-7.000000 3.695720
-7.000000 3.765720
-7.000000 3.835720
-7.000000 3.905720
-7.000000 3.975720
-7.000000 4.045720
-7.000000 4.115720
-7.000000 4.185720
-7.000000 4.255720
-7.000000 4.325720
-7.000000 4.395720
-7.000000 4.465720
-7.000000 4.535720
-7.000000 4.605720
-7.000000 4.675720
-7.000000 4.745720
-7.000000 4.815720
-7.000000 4.885720
-7.000000 4.955720
-7.000000 5.025720
34.300839 95.674791
-12.481536 -7.720134
25.234437 75.192801
8.802146 38.478020
10.743322 42.434080
10.757631 42.066529
10.509698 41.109628
10.278233 40.174290
10.061955 39.259091
9.859706 38.362717
9.670435 37.483954
9.493187 36.621678
9.327093 35.774846
9.171363 34.942491
9.025274 34.123712
8.888168 33.317672
8.759440 32.523590
8.638538 31.740738
8.524956 30.968434
8.418230 30.206040
8.317932 29.452960
8.223670 28.708631
8.135082 27.972529
8.051836 27.244156
7.973626 26.523047
7.900167 25.808761
7.831201 25.100882
7.766485 24.399018
7.705797 23.702794
7.648932 23.011859
7.595701 22.325877
7.545927 21.644530
7.499449 20.967512
7.456118 20.294534
7.415795 19.625320
7.378352 18.959605
7.343674 18.297134
7.311651 17.637664
7.282184 16.980960
7.255183 16.326797
7.230563 15.674956
7.208248 15.025226
7.188169 14.377404
7.170263 13.731291
7.154472 13.086693
7.140747 12.443424
7.129041 11.801298
7.119315 11.160137
7.111533 10.519763
7.105665 9.880004
7.101687 9.240687
7.099578 8.601644
7.099323 7.962707
7.100909 7.323710
7.104331 6.684488
7.109586 6.044876
7.116675 5.404708
7.125606 4.763819
7.136388 4.122043
7.149038 3.479213
5.917638 -4.701647
3.703840 -17.422126
6.853752 0.893751
3.737505 -17.605439
5.322097 -8.050228
5.000000 -10.026286
5.000000 -10.031286
5.000000 -10.036286
5.000000 -10.041286
5.000000 -10.046286
-7.000000 -1.650000
-7.000000 -1.580000
-7.000000 -1.510000
-7.000000 -1.440000
-7.000000 -1.370000
-7.000000 -1.300000
-7.000000 -1.230000
-7.000000 -1.160000
-7.000000 -1.090000
-7.000000 -1.020000
-7.000000 -0.950000
-7.000000 -0.880000
-7.000000 -0.810000
-7.000000 -0.740000
-7.000000 -0.670000
-7.000000 -0.600000
-7.000000 -0.530000
-7.000000 -0.460000
-7.000000 -0.390000
-7.000000 -0.320000
-7.000000 -0.250000
-7.000000 -0.180000
-7.000000 -0.110000
-7.000000 -0.040000
-7.015983 0.030069
-6.980983 0.100078
-7.015983 0.170038
-6.992650 0.240098
-7.001400 0.310062
-7.000000 0.380070
-7.000000 0.450070
-7.000000 0.520070
-7.000000 0.590070
-7.000000 0.660070
-7.000000 0.730070
-7.000000 0.800070
-7.000000 0.870070
-7.000000 0.940070
-7.000000 1.010070
-7.000000 1.080070
-7.000000 1.150070
-7.000000 1.220070
-7.000000 1.290070
-7.000000 1.360070
-7.000000 1.430070
-7.000000 1.500070
-7.000000 1.570070
-7.000000 1.640070
-7.000000 1.710070
-7.000000 1.780070
-7.000000 1.850070
-7.000000 1.920070
-7.000000 1.990070
-7.000000 2.060070
-7.000000 2.130070
-7.000000 2.200070
-7.000000 2.270070
-7.000000 2.340070
-7.000000 2.410070
-7.000000 2.480070
-7.000000 2.550070
-7.000000 2.620070
-7.000000 2.690070
-7.000000 2.760070
-7.000000 2.830070
-7.000000 2.900070
-7.000000 2.970070
-7.000000 3.040070
-7.000000 3.110070
-7.000000 3.180070
-7.000000 3.250070
-7.000000 3.320070
-7.000000 3.390070
-7.000000 3.460070
-7.000000 3.530070
-7.000000 3.600070
-7.000000 3.670070
-7.000000 3.740070
-7.000000 3.810070
-7.000000 3.880070
-7.000000 3.950070
-7.000000 4.020070
-7.000000 4.090070
-7.000000 4.160070
-7.000000 4.230070
-7.000000 4.300070
-7.000000 4.370070
-7.000000 4.440070
-7.000000 4.510070
-7.000000 4.580070
-7.000000 4.650070
-7.000000 4.720070
-7.000000 4.790070
-7.000000 4.860070
-7.000000 4.930070
-7.000000 5.000070
-7.000000 5.070070
-7.000000 5.140070
-7.000000 5.210070
-7.000000 5.280070
-7.000000 5.350070
-7.000000 5.420070
-7.000000 5.490070
-7.000000 5.560070
-7.000000 5.630070
-7.000000 5.700070
-7.000000 5.770070
-7.000000 5.840070
-7.000000 5.910070
-7.000000 5.980070
-7.000000 6.050070
-7.000000 6.120070
-7.000000 6.190070
-7.000000 6.260070
-7.000000 6.330070
-7.000000 6.400070
-7.000000 6.470070
-7.000000 6.540070
-7.000000 6.610070
-7.000000 6.680070
-7.000000 6.750070
29.511941 76.620584
15.278177 49.649446
14.610022 48.359897
27.712144 73.405183
15.666269 50.318102
17.693100 54.013876
16.991557 52.453527
16.348202 50.953651
15.757117 49.509283
15.213109 48.115958
14.711613 46.769648
14.248603 45.466713
13.820513 44.203853
13.424183 42.978069
13.056801 41.786632
12.715860 40.627051
12.399119 39.497051
12.104571 38.394544
11.830415 37.317617
11.575031 36.264507
11.336958 35.233592
11.114880 34.223374
10.907605 33.232469
10.714054 32.259594
10.533248 31.303558
10.364299 30.363254
10.206399 29.437652
10.058812 28.525793
9.920868 27.626777
9.791954 26.739765
9.671512 25.863971
9.559033 24.998654
9.454048 24.143120
9.356132 23.296714
9.264894 22.458816
9.179975 21.628843
9.101050 20.806241
9.027819 19.990484
8.960008 19.181071
8.897367 18.377527
8.839667 17.579397
8.786701 16.786245
8.738279 15.997654
8.694229 15.213224
8.654396 14.432567
8.618640 13.655310
8.586834 12.881093
8.558866 12.109565
8.534637 11.340385
8.514060 10.573221
8.497060 9.807747
8.483572 9.043645
8.473543 8.280600
8.466931 7.518304
8.463703 6.756451
8.463837 5.994737
8.467321 5.232860
8.474153 4.470519
8.484339 3.707412
7.924575 0.751643
1.191408 -23.901383
9.438598 6.401481
2.294060 -20.180653
5.647949 -7.547683
5.000000 -10.025380
5.000000 -10.030380
5.000000 -10.035380
5.000000 -10.040380
5.000000 -10.045380
5.000000 -10.050380
5.000000 -10.055380
5.000000 -10.060380
5.000000 -10.065380
5.000000 -10.070380
5.000000 -10.075380
5.000000 -10.080380
5.000000 -10.085380
5.000000 -10.090380
5.000000 -10.095380
5.000000 -10.100380
5.000000 -10.105380
5.000000 -10.110380
5.000000 -10.115380
5.000000 -10.120380
5.000000 -10.125380
5.000000 -10.130380
5.000000 -10.135380
5.000000 -10.140380
5.000000 -10.145380
5.000000 -10.150380
5.000000 -10.155380
5.000000 -10.160380
5.000000 -10.165380
5.000000 -10.170380
5.000000 -10.175380
5.000000 -10.180380
5.000000 -10.185380
5.000000 -10.190380
5.000000 -10.195380
5.000000 -10.200380
5.000000 -10.205380
5.000000 -10.210380
5.000000 -10.215380
5.000000 -10.220380
5.000000 -10.225380
5.000000 -10.230380
5.000000 -10.235380
5.000000 -10.240380
5.000000 -10.245380
5.000000 -10.250380
5.000000 -10.255380
5.000000 -10.260380
5.000000 -10.265380
5.000000 -10.270380
5.000000 -10.275380
5.000000 -10.280380
5.000000 -10.285380
5.000000 -10.290380
5.000000 -10.295380
5.000000 -10.300380
5.000000 -10.305380
5.000000 -10.310380
5.000000 -10.315380
5.000000 -10.320380
5.000000 -10.325380
5.000000 -10.330380
5.000000 -10.335380
5.000000 -10.340380
5.000000 -10.345380
5.000000 -10.350380
5.000000 -10.355380
5.000000 -10.360380
5.000000 -10.365380
5.000000 -10.370380
5.000000 -10.375380
5.000000 -10.380380
5.000000 -10.385380
5.000000 -10.390380
5.000000 -10.395380
5.000000 -10.400380
5.000000 -10.405380
5.000000 -10.410380
5.000000 -10.415380
5.000000 -10.420380
5.000000 -10.425380
5.000000 -10.430380
5.000000 -10.435380
5.000000 -10.440380
5.000000 -10.445380
5.000000 -10.450380
5.000000 -10.455380
5.000000 -10.460380
5.000000 -10.465380
5.000000 -10.470380
5.000000 -10.475380
5.000000 -10.480380
5.000000 -10.485380
5.000000 -10.490380
5.000000 -10.495380
5.000000 -10.500380
5.000000 -10.505380
5.000000 -10.510380
5.000000 -10.515380
5.000000 -10.520380
5.000000 -10.525380
5.000000 -10.530380
5.000000 -10.535380
5.000000 -10.540380
5.000000 -10.545380
5.000000 -10.550380
5.000000 -10.555380
5.000000 -10.560380
5.000000 -10.565380
5.000000 -10.570380
5.000000 -10.575380
5.000000 -10.580380
5.000000 -10.585380
5.000000 -10.590380
5.000000 -10.595380
5.000000 -10.600380
5.000000 -10.605380
5.000000 -10.610380
5.000000 -10.615380
5.000000 -10.620380
5.000000 -10.625380
5.000000 -10.630380
5.000000 -10.635380
5.000000 -10.640380
5.000000 -10.645380
5.000000 -10.650380
5.000000 -10.655380
5.000000 -10.660380
5.000000 -10.665380
5.000000 -10.670380
5.000000 -10.675380
5.000000 -10.680380
5.000000 -10.685380
5.000000 -10.690380
5.000000 -10.695380
5.000000 -10.700380
5.000000 -10.705380
5.000000 -10.710380
5.000000 -10.715380
5.000000 -10.720380
5.000000 -10.725380
5.000000 -10.730380
5.000000 -10.735380
5.000000 -10.740380
5.000000 -10.745380
5.000000 -10.750380
5.000000 -10.755380
5.000000 -10.760380
5.000000 -10.765380
5.000000 -10.770380
5.000000 -10.775380
5.000000 -10.780380
5.000000 -10.785380
5.000000 -10.790380
5.000000 -10.795380
5.000000 -10.800380
5.000000 -10.805380
5.000000 -10.810380
5.000000 -10.815380
-16.989675 -5.926407
3.762898 -10.368081
-11.789675 -6.956992
-7.087960 -7.858924
-6.526103 -7.933900
-7.000000 -7.757491
-7.000000 -7.687491
-7.000000 -7.617491
-7.000000 -7.547491
-7.000000 -7.477491
-7.000000 -7.407491
-7.000000 -7.337491
-7.000000 -7.267491
-7.000000 -7.197491
-7.000000 -7.127491
-7.000000 -7.057491
-7.000000 -6.987491
-7.000000 -6.917491
-7.000000 -6.847491
-7.000000 -6.777491
-7.000000 -6.707491
-7.000000 -6.637491
-7.000000 -6.567491
-7.000000 -6.497491
-7.000000 -6.427491
-7.000000 -6.357491
-7.000000 -6.287491
-7.000000 -6.217491
-7.000000 -6.147491
-7.000000 -6.077491
-7.000000 -6.007491
-7.000000 -5.937491
-7.000000 -5.867491
-7.000000 -5.797491
-7.000000 -5.727491
-7.000000 -5.657491
-7.000000 -5.587491
-7.000000 -5.517491
-7.000000 -5.447491
-7.000000 -5.377491
-7.000000 -5.307491
-7.000000 -5.237491
-7.000000 -5.167491
-7.000000 -5.097491
-7.000000 -5.027491
-7.000000 -4.957491
-7.000000 -4.887491
-7.000000 -4.817491
-7.000000 -4.747491
-7.000000 -4.677491
-7.000000 -4.607491
-7.000000 -4.537491
-7.000000 -4.467491
-7.000000 -4.397491
-7.000000 -4.327491
-7.000000 -4.257491
-7.000000 -4.187491
-7.000000 -4.117491
-7.000000 -4.047491
-7.000000 -3.977491
-7.000000 -3.907491
-7.000000 -3.837491
-7.000000 -3.767491
-7.000000 -3.697491
-7.000000 -3.627491
-7.000000 -3.557491
-7.000000 -3.487491
-7.000000 -3.417491
-7.000000 -3.347491
-7.000000 -3.277491
-7.000000 -3.207491
-7.000000 -3.137491
-7.000000 -3.067491
-7.000000 -2.997491
-7.000000 -2.927491
-7.000000 -2.857491
-7.000000 -2.787491
-7.000000 -2.717491
-7.000000 -2.647491
-7.000000 -2.577491
-7.000000 -2.507491
-7.000000 -2.437491
-7.000000 -2.367491
-7.000000 -2.297491
-7.000000 -2.227491
-7.000000 -2.157491
-7.000000 -2.087491
-7.000000 -2.017491
-7.000000 -1.947491
-7.000000 -1.877491
-7.000000 -1.807491
-7.000000 -1.737491
-7.000000 -1.667491
-7.000000 -1.597491
-7.000000 -1.527491
-7.000000 -1.457491
-7.000000 -1.387491
-7.000000 -1.317491
-7.000000 -1.247491
-7.000000 -1.177491
-7.000000 -1.107491
-7.000000 -1.037491
-7.000000 -0.967491
-7.000000 -0.897491
-7.000000 -0.827491
-7.000000 -0.757491
-7.000000 -0.687491
-7.000000 -0.617491
-7.000000 -0.547491
-7.000000 -0.477491
-7.000000 -0.407491
-7.000000 -0.337491
-7.000000 -0.267491
-7.000000 -0.197491
-7.000000 -0.127491
-7.000000 -0.057491
-7.015983 0.012538
-6.980983 0.082635
-7.015983 0.152507
-6.992650 0.222625
-7.001400 0.292567
-7.000000 0.362579
-7.000000 0.432579
-7.000000 0.502579
-7.000000 0.572579
-7.000000 0.642579
-7.000000 0.712579
-7.000000 0.782579
-7.000000 0.852579
-7.000000 0.922579
-7.000000 0.992579
-7.000000 1.062579
-7.000000 1.132579
-7.000000 1.202579
-7.000000 1.272579
-7.000000 1.342579
-7.000000 1.412579
-7.000000 1.482579
-7.000000 1.552579
-7.000000 1.622579
-7.000000 1.692579
-7.000000 1.762579
-7.000000 1.832579
-7.000000 1.902579
-7.000000 1.972579
-7.000000 2.042579
-7.000000 2.112579
-7.000000 2.182579
-7.000000 2.252579
-7.000000 2.322579
-7.000000 2.392579
-7.000000 2.462579
