1.239415 11.495340
1.284775 11.381745
1.329304 11.264105
1.373006 11.142495
1.415887 11.016989
1.457953 10.887660
1.499210 10.754581
1.539666 10.617826
1.579327 10.477465
1.618200 10.333571
1.656294 10.186213
1.693615 10.035461
1.730172 9.881385
1.765974 9.724053
1.801028 9.563532
1.835343 9.399890
1.868927 9.233192
1.901790 9.063505
1.933940 8.890892
1.965385 8.715417
1.996135 8.537143
2.026197 8.356133
2.055582 8.172448
2.084297 7.986148
2.112352 7.797294
2.139754 7.605945
2.166513 7.412158
2.192636 7.215991
2.218133 7.017502
2.243011 6.816746
2.267279 6.613778
2.290944 6.408654
2.314014 6.201426
2.336498 5.992149
2.358402 5.780874
2.379735 5.567654
2.400503 5.352539
2.420713 5.135580
2.440373 4.916827
2.459489 4.696329
2.478067 4.474135
2.496114 4.250293
2.513637 4.024850
2.530640 3.797854
2.547130 3.569351
2.563113 3.339386
2.578593 3.108005
5.545300 -12.931082
4.574193 -7.696076
4.501638 -7.345135
5.691385 -13.746791
4.775770 -8.808791
5.000000 -10.027679
5.000000 -10.032679
5.000000 -10.037679
5.000000 -10.042679
5.000000 -10.047679
5.000000 -10.052679
5.000000 -10.057679
5.000000 -10.062679
5.000000 -10.067679
5.000000 -10.072679
5.000000 -10.077679
5.000000 -10.082679
5.000000 -10.087679
5.000000 -10.092679
5.000000 -10.097679
5.000000 -10.102679
5.000000 -10.107679
5.000000 -10.112679
5.000000 -10.117679
5.000000 -10.122679
5.000000 -10.127679
5.000000 -10.132679
5.000000 -10.137679
5.000000 -10.142679
5.000000 -10.147679
5.000000 -10.152679
5.000000 -10.157679
5.000000 -10.162679
5.000000 -10.167679
5.000000 -10.172679
5.000000 -10.177679
5.000000 -10.182679
5.000000 -10.187679
5.000000 -10.192679
5.000000 -10.197679
5.000000 -10.202679
5.000000 -10.207679
5.000000 -10.212679
5.000000 -10.217679
5.000000 -10.222679
5.000000 -10.227679
5.000000 -10.232679
5.000000 -10.237679
5.000000 -10.242679
5.000000 -10.247679
5.000000 -10.252679
-7.987298 -1.918611
-6.947959 -2.430811
-2.787298 -5.126644
-11.227739 0.415566
-5.737574 -3.049534
-7.000000 -2.169909
-7.000000 -2.099909
-7.000000 -2.029909
-7.000000 -1.959909
-7.000000 -1.889909
-7.000000 -1.819909
-7.000000 -1.749909
-7.000000 -1.679909
-7.000000 -1.609909
-7.000000 -1.539909
-7.000000 -1.469909
-7.000000 -1.399909
-7.000000 -1.329909
-7.000000 -1.259909
-7.000000 -1.189909
-7.000000 -1.119909
-7.000000 -1.049909
-7.000000 -0.979909
-7.000000 -0.909909
-7.000000 -0.839909
-7.000000 -0.769909
-7.000000 -0.699909
-7.000000 -0.629909
-7.000000 -0.559909
-7.000000 -0.489909
-7.000000 -0.419909
-7.000000 -0.349909
-7.000000 -0.279909
-7.000000 -0.209909
-7.000000 -0.139909
-7.000000 -0.069909
-7.015983 0.000091
-6.980983 0.070250
-7.015983 0.140061
-6.992650 0.210220
-7.001400 0.280147
-7.000000 0.350161
-7.000000 0.420161
-7.000000 0.490161
-7.000000 0.560161
-7.000000 0.630161
-7.000000 0.700161
-7.000000 0.770161
-7.000000 0.840161
-7.000000 0.910161
-7.000000 0.980161
-7.000000 1.050161
-7.000000 1.120161
-7.000000 1.190161
-7.000000 1.260161
-7.000000 1.330161
-7.000000 1.400161
-7.000000 1.470161
-7.000000 1.540161
-7.000000 1.610161
-7.000000 1.680161
-7.000000 1.750161
-7.000000 1.820161
-7.000000 1.890161
-7.000000 1.960161
-7.000000 2.030161
-7.000000 2.100161
-7.000000 2.170161
-7.000000 2.240161
-7.000000 2.310161
-7.000000 2.380161
-7.000000 2.450161
-7.000000 2.520161
5.301947 30.574595
1.897827 22.002295
0.936721 19.880987
6.489572 31.886507
2.481189 22.380102
3.495312 24.299796
3.533463 23.983492
3.570398 23.663809
3.606167 23.340855
3.640817 23.014732
3.674396 22.685540
3.706948 22.353372
3.738517 22.018319
3.769145 21.680467
3.798870 21.339900
3.827732 20.996696
3.855768 20.650933
3.883013 20.302682
3.909502 19.952013
3.935269 19.598993
3.960344 19.243685
3.984759 18.886151
4.008543 18.526448
4.031725 18.164631
4.054332 17.800755
4.076392 17.434868
4.097929 17.067020
4.118969 16.697256
4.139535 16.325619
4.159651 15.952153
4.179338 15.576895
4.198620 15.199884
4.217516 14.821155
4.236047 14.440742
4.254233 14.058677
4.272093 13.674990
4.289646 13.289709
4.306909 12.902862
4.323901 12.514474
4.340638 12.124568
4.357138 11.733166
4.373416 11.340290
4.389489 10.945958
4.405373 10.550187
4.421082 10.152996
4.436632 9.754398
4.452038 9.354406
4.467314 8.953035
4.482475 8.550293
4.497535 8.146192
4.512508 7.740740
4.527408 7.333943
4.542248 6.925808
4.557044 6.516340
4.571807 6.105541
4.586553 5.693415
4.601294 5.279962
4.616044 4.865182
4.630817 4.449073
4.645627 4.031633
4.660488 3.612859
4.675414 3.192744
5.089483 -13.178698
4.920377 -7.365098
4.954308 -7.625205
5.083023 -13.634886
4.971536 -8.823326
5.000000 -10.027716
5.000000 -10.032716
5.000000 -10.037716
5.000000 -10.042716
5.000000 -10.047716
5.000000 -10.052716
5.000000 -10.057716
5.000000 -10.062716
5.000000 -10.067716
5.000000 -10.072716
5.000000 -10.077716
5.000000 -10.082716
5.000000 -10.087716
5.000000 -10.092716
5.000000 -10.097716
5.000000 -10.102716
5.000000 -10.107716
5.000000 -10.112716
5.000000 -10.117716
5.000000 -10.122716
5.000000 -10.127716
5.000000 -10.132716
5.000000 -10.137716
5.000000 -10.142716
5.000000 -10.147716
5.000000 -10.152716
5.000000 -10.157716
5.000000 -10.162716
5.000000 -10.167716
5.000000 -10.172716
5.000000 -10.177716
5.000000 -10.182716
5.000000 -10.187716
5.000000 -10.192716
5.000000 -10.197716
5.000000 -10.202716
5.000000 -10.207716
5.000000 -10.212716
5.000000 -10.217716
5.000000 -10.222716
5.000000 -10.227716
5.000000 -10.232716
5.000000 -10.237716
5.000000 -10.242716
5.000000 -10.247716
5.000000 -10.252716
5.000000 -10.257716
5.000000 -10.262716
5.000000 -10.267716
5.000000 -10.272716
5.000000 -10.277716
5.000000 -10.282716
5.000000 -10.287716
5.000000 -10.292716
5.000000 -10.297716
5.000000 -10.302716
5.000000 -10.307716
5.000000 -10.312716
5.000000 -10.317716
5.000000 -10.322716
5.000000 -10.327716
5.000000 -10.332716
5.000000 -10.337716
5.000000 -10.342716
5.000000 -10.347716
5.000000 -10.352716
5.000000 -10.357716
5.000000 -10.362716
5.000000 -10.367716
5.000000 -10.372716
5.000000 -10.377716
5.000000 -10.382716
5.000000 -10.387716
5.000000 -10.392716
5.000000 -10.397716
5.000000 -10.402716
5.000000 -10.407716
5.000000 -10.412716
5.000000 -10.417716
5.000000 -10.422716
5.000000 -10.427716
5.000000 -10.432716
5.000000 -10.437716
5.000000 -10.442716
5.000000 -10.447716
5.000000 -10.452716
5.000000 -10.457716
-22.168695 2.916242
9.924797 -12.703917
-16.968695 0.480941
-4.706367 -5.406056
-6.979740 -4.239703
-7.000000 -4.158174
-7.000000 -4.088174
-7.000000 -4.018174
-7.000000 -3.948174
-7.000000 -3.878174
-7.000000 -3.808174
-7.000000 -3.738174
-7.000000 -3.668174
-7.000000 -3.598174
-7.000000 -3.528174
-7.000000 -3.458174
-7.000000 -3.388174
-7.000000 -3.318174
-7.000000 -3.248174
-7.000000 -3.178174
-7.000000 -3.108174
-7.000000 -3.038174
-7.000000 -2.968174
-7.000000 -2.898174
-7.000000 -2.828174
-7.000000 -2.758174
-7.000000 -2.688174
-7.000000 -2.618174
-7.000000 -2.548174
-7.000000 -2.478174
-7.000000 -2.408174
-7.000000 -2.338174
-7.000000 -2.268174
-7.000000 -2.198174
-7.000000 -2.128174
-7.000000 -2.058174
-7.000000 -1.988174
-7.000000 -1.918174
-7.000000 -1.848174
-7.000000 -1.778174
-7.000000 -1.708174
-7.000000 -1.638174
-7.000000 -1.568174
-7.000000 -1.498174
-7.000000 -1.428174
-7.000000 -1.358174
-7.000000 -1.288174
-7.000000 -1.218174
-7.000000 -1.148174
-7.000000 -1.078174
-7.000000 -1.008174
-7.000000 -0.938174
-7.000000 -0.868174
-7.000000 -0.798174
-7.000000 -0.728174
-7.000000 -0.658174
-7.000000 -0.588174
-7.000000 -0.518174
-7.000000 -0.448174
-7.000000 -0.378174
-7.000000 -0.308174
-7.000000 -0.238174
-7.000000 -0.168174
-7.000000 -0.098174
-7.000000 -0.028174
-7.015983 0.041922
-6.980983 0.111872
-7.015983 0.181891
-6.992650 0.251912
-7.001400 0.321890
-7.000000 0.391896
-7.000000 0.461896
-7.000000 0.531896
-7.000000 0.601896
-7.000000 0.671896
-7.000000 0.741896
-7.000000 0.811896
-7.000000 0.881896
-7.000000 0.951896
-7.000000 1.021896
-7.000000 1.091896
-7.000000 1.161896
-7.000000 1.231896
-7.000000 1.301896
-7.000000 1.371896
-7.000000 1.441896
-7.000000 1.511896
-7.000000 1.581896
-7.000000 1.651896
-7.000000 1.721896
-7.000000 1.791896
-7.000000 1.861896
-7.000000 1.931896
-7.000000 2.001896
-7.000000 2.071896
-7.000000 2.141896
-7.000000 2.211896
-7.000000 2.281896
-7.000000 2.351896
-7.000000 2.421896
-7.000000 2.491896
-7.000000 2.561896
-7.000000 2.631896
-7.000000 2.701896
-7.000000 2.771896
-7.000000 2.841896
-7.000000 2.911896
-7.000000 2.981896
-7.000000 3.051896
-7.000000 3.121896
-7.000000 3.191896
-7.000000 3.261896
-7.000000 3.331896
-7.000000 3.401896
-7.000000 3.471896
-7.000000 3.541896
-7.000000 3.611896
-7.000000 3.681896
-7.000000 3.751896
-7.000000 3.821896
-7.000000 3.891896
-7.000000 3.961896
-7.000000 4.031896
-7.000000 4.101896
-7.000000 4.171896
-7.000000 4.241896
-7.000000 4.311896
-7.000000 4.381896
-7.000000 4.451896
-7.000000 4.521896
1.024565 22.810114
22.958510 71.849976
-7.016559 3.833329
20.913843 66.645860
6.725727 34.035466
9.346195 39.575574
9.170061 38.742429
9.004986 37.924631
8.850175 37.121223
8.704903 36.331314
8.568508 35.554074
8.440384 34.788734
8.319976 34.034574
8.206774 33.290922
8.100312 32.557152
8.000159 31.832677
7.905921 31.116946
7.817233 30.409445
7.733761 29.709688
7.655195 29.017221
7.581249 28.331614
7.511659 27.652465
7.446182 26.979392
7.384592 26.312036
7.326680 25.650055
7.272254 24.993129
7.221133 24.340951
7.173152 23.693231
7.128159 23.049694
7.086009 22.410077
7.046573 21.774130
7.009727 21.141616
6.975358 20.512305
6.943361 19.885980
6.913641 19.262432
6.886107 18.641460
6.860676 18.022870
6.837273 17.406477
6.815827 16.792102
6.796275 16.179571
6.778555 15.568717
6.762616 14.959378
6.748408 14.351395
6.735885 13.744614
6.725009 13.138886
6.715743 12.534064
6.708054 11.930005
6.701916 11.326568
6.697304 10.723614
6.694196 10.121008
6.692577 9.518614
6.692431 8.916300
6.693749 8.313933
6.696524 7.711381
6.700751 7.108515
6.706431 6.505202
6.713566 5.901314
6.722162 5.296717
6.732228 4.691280
6.743777 4.084871
6.756825 3.477355
5.915337 -3.494276
3.743245 -18.866299
6.681593 2.113169
3.891515 -18.165387
5.277813 -7.944083
5.000000 -10.026085
5.000000 -10.031085
5.000000 -10.036085
5.000000 -10.041085
5.000000 -10.046085
5.000000 -10.051085
5.000000 -10.056085
5.000000 -10.061085
5.000000 -10.066085
5.000000 -10.071085
5.000000 -10.076085
5.000000 -10.081085
5.000000 -10.086085
5.000000 -10.091085
5.000000 -10.096085
5.000000 -10.101085
5.000000 -10.106085
5.000000 -10.111085
5.000000 -10.116085
5.000000 -10.121085
5.000000 -10.126085
5.000000 -10.131085
5.000000 -10.136085
5.000000 -10.141085
5.000000 -10.146085
5.000000 -10.151085
5.000000 -10.156085
5.000000 -10.161085
5.000000 -10.166085
5.000000 -10.171085
5.000000 -10.176085
5.000000 -10.181085
5.000000 -10.186085
5.000000 -10.191085
5.000000 -10.196085
5.000000 -10.201085
5.000000 -10.206085
5.000000 -10.211085
5.000000 -10.216085
5.000000 -10.221085
5.000000 -10.226085
5.000000 -10.231085
5.000000 -10.236085
5.000000 -10.241085
5.000000 -10.246085
5.000000 -10.251085
5.000000 -10.256085
5.000000 -10.261085
5.000000 -10.266085
5.000000 -10.271085
5.000000 -10.276085
5.000000 -10.281085
5.000000 -10.286085
5.000000 -10.291085
5.000000 -10.296085
5.000000 -10.301085
5.000000 -10.306085
5.000000 -10.311085
5.000000 -10.316085
5.000000 -10.321085
5.000000 -10.326085
5.000000 -10.331085
5.000000 -10.336085
5.000000 -10.341085
5.000000 -10.346085
5.000000 -10.351085
5.000000 -10.356085
5.000000 -10.361085
5.000000 -10.366085
5.000000 -10.371085
5.000000 -10.376085
5.000000 -10.381085
5.000000 -10.386085
5.000000 -10.391085
5.000000 -10.396085
5.000000 -10.401085
5.000000 -10.406085
5.000000 -10.411085
5.000000 -10.416085
5.000000 -10.421085
5.000000 -10.426085
5.000000 -10.431085
5.000000 -10.436085
5.000000 -10.441085
5.000000 -10.446085
5.000000 -10.451085
5.000000 -10.456085
5.000000 -10.461085
5.000000 -10.466085
5.000000 -10.471085
5.000000 -10.476085
5.000000 -10.481085
5.000000 -10.486085
5.000000 -10.491085
5.000000 -10.496085
5.000000 -10.501085
5.000000 -10.506085
5.000000 -10.511085
5.000000 -10.516085
5.000000 -10.521085
5.000000 -10.526085
5.000000 -10.531085
5.000000 -10.536085
5.000000 -10.541085
5.000000 -10.546085
5.000000 -10.551085
5.000000 -10.556085
5.000000 -10.561085
5.000000 -10.566085
5.000000 -10.571085
5.000000 -10.576085
5.000000 -10.581085
5.000000 -10.586085
5.000000 -10.591085
5.000000 -10.596085
5.000000 -10.601085
5.000000 -10.606085
5.000000 -10.611085
5.000000 -10.616085
5.000000 -10.621085
5.000000 -10.626085
5.000000 -10.631085
5.000000 -10.636085
5.000000 -10.641085
5.000000 -10.646085
5.000000 -10.651085
0.962555 -9.294566
-17.596325 -2.804212
6.162555 -10.931829
-15.343365 -3.480165
-4.953645 -6.958995
-7.000000 -6.193169
-7.000000 -6.123169
-7.000000 -6.053169
-7.000000 -5.983169
-7.000000 -5.913169
-7.000000 -5.843169
-7.000000 -5.773169
-7.000000 -5.703169
-7.000000 -5.633169
-7.000000 -5.563169
-7.000000 -5.493169
-7.000000 -5.423169
-7.000000 -5.353169
-7.000000 -5.283169
-7.000000 -5.213169
-7.000000 -5.143169
-7.000000 -5.073169
-7.000000 -5.003169
-7.000000 -4.933169
-7.000000 -4.863169
-7.000000 -4.793169
-7.000000 -4.723169
-7.000000 -4.653169
-7.000000 -4.583169
-7.000000 -4.513169
-7.000000 -4.443169
-7.000000 -4.373169
-7.000000 -4.303169
-7.000000 -4.233169
-7.000000 -4.163169
-7.000000 -4.093169
-7.000000 -4.023169
-7.000000 -3.953169
-7.000000 -3.883169
-7.000000 -3.813169
-7.000000 -3.743169
-7.000000 -3.673169
-7.000000 -3.603169
-7.000000 -3.533169
-7.000000 -3.463169
-7.000000 -3.393169
-7.000000 -3.323169
-7.000000 -3.253169
-7.000000 -3.183169
-7.000000 -3.113169
-7.000000 -3.043169
-7.000000 -2.973169
-7.000000 -2.903169
-7.000000 -2.833169
-7.000000 -2.763169
-7.000000 -2.693169
-7.000000 -2.623169
-7.000000 -2.553169
-7.000000 -2.483169
-7.000000 -2.413169
-7.000000 -2.343169
-7.000000 -2.273169
-7.000000 -2.203169
-7.000000 -2.133169
-7.000000 -2.063169
-7.000000 -1.993169
-7.000000 -1.923169
-7.000000 -1.853169
-7.000000 -1.783169
-7.000000 -1.713169
-7.000000 -1.643169
-7.000000 -1.573169
-7.000000 -1.503169
-7.000000 -1.433169
-7.000000 -1.363169
-7.000000 -1.293169
-7.000000 -1.223169
-7.000000 -1.153169
-7.000000 -1.083169
-7.000000 -1.013169
-7.000000 -0.943169
-7.000000 -0.873169
-7.000000 -0.803169
-7.000000 -0.733169
-7.000000 -0.663169
-7.000000 -0.593169
-7.000000 -0.523169
-7.000000 -0.453169
-7.000000 -0.383169
-7.000000 -0.313169
-7.000000 -0.243169
-7.000000 -0.173169
-7.000000 -0.103169
-7.000000 -0.033169
-7.015983 0.036915
-6.980983 0.106891
-7.015983 0.176885
-6.992650 0.246922
-7.001400 0.316894
-7.000000 0.386901
-7.000000 0.456901
-7.000000 0.526901
-7.000000 0.596901
-7.000000 0.666901
-7.000000 0.736901
-7.000000 0.806901
-7.000000 0.876901
-7.000000 0.946901
-7.000000 1.016901
-7.000000 1.086901
-7.000000 1.156901
-7.000000 1.226901
-7.000000 1.296901
-7.000000 1.366901
-7.000000 1.436901
-7.000000 1.506901
-7.000000 1.576901
-7.000000 1.646901
-7.000000 1.716901
-7.000000 1.786901
-7.000000 1.856901
-7.000000 1.926901
-7.000000 1.996901
-7.000000 2.066901
-7.000000 2.136901
-7.000000 2.206901
-7.000000 2.276901
-7.000000 2.346901
-7.000000 2.416901
-7.000000 2.486901
-7.000000 2.556901
-7.000000 2.626901
-7.000000 2.696901
-7.000000 2.766901
-7.000000 2.836901
-7.000000 2.906901
-7.000000 2.976901
-7.000000 3.046901
-7.000000 3.116901
-7.000000 3.186901
-7.000000 3.256901
-7.000000 3.326901
-7.000000 3.396901
-7.000000 3.466901
-7.000000 3.536901
-7.000000 3.606901
-7.000000 3.676901
-7.000000 3.746901
-7.000000 3.816901
-7.000000 3.886901
-7.000000 3.956901
-7.000000 4.026901
-7.000000 4.096901
-7.000000 4.166901
-7.000000 4.236901
-7.000000 4.306901
-7.000000 4.376901
-7.000000 4.446901
-7.000000 4.516901
-7.000000 4.586901
-7.000000 4.656901
-7.000000 4.726901
-7.000000 4.796901
-7.000000 4.866901
-7.000000 4.936901
-7.000000 5.006901
-7.000000 5.076901
-7.000000 5.146901
-7.000000 5.216901
-7.000000 5.286901
-7.000000 5.356901
-7.000000 5.426901
-7.000000 5.496901
-7.000000 5.566901
-7.000000 5.636901
-7.000000 5.706901
-7.000000 5.776901
-7.000000 5.846901
-7.000000 5.916901
-7.000000 5.986901
-7.000000 6.056901
-7.000000 6.126901
-7.000000 6.196901
-7.000000 6.266901
-7.000000 6.336901
-7.000000 6.406901
-7.000000 6.476901
-7.000000 6.546901
50.761955 119.194979
-13.984352 -6.891573
36.956687 92.309560
14.953735 49.369992
16.621677 52.461059
16.504240 52.011756
15.891869 50.554319
15.328671 49.149745
14.809824 47.793829
14.331079 46.482774
13.888683 45.213144
13.479308 43.981821
13.100000 42.785967
12.748124 41.622998
12.421331 40.490553
12.117515 39.386469
11.834791 38.308767
11.571462 37.255625
11.326002 36.225368
11.097033 35.216450
10.883311 34.227445
10.683710 33.257031
10.497208 32.303984
10.322877 31.367168
10.159876 30.445527
10.007437 29.538074
9.864861 28.643892
9.731509 27.762122
9.606801 26.891961
9.490203 26.032655
9.381229 25.183496
9.279433 24.343818
9.184407 23.512995
9.095777 22.690433
9.013202 21.875574
8.936368 21.067885
8.864987 20.266864
8.798796 19.472032
8.737555 18.682932
8.681043 17.899130
8.629060 17.120209
8.581422 16.345769
8.537963 15.575427
8.498531 14.808815
8.462991 14.045575
8.431218 13.285363
8.403103 12.527846
8.378547 11.772698
8.357464 11.019603
8.339778 10.268253
8.325425 9.518343
8.314350 8.769578
8.306507 8.021663
8.301862 7.274310
8.300388 6.527233
8.302069 5.780146
8.306897 5.032766
8.314874 4.284810
8.326010 3.535994
6.186124 -5.601455
3.274408 -16.332304
7.631863 -0.020214
3.155107 -17.196588
5.477891 -8.124093
5.000000 -10.026434
5.000000 -10.031434
5.000000 -10.036434
5.000000 -10.041434
5.000000 -10.046434
5.000000 -10.051434
5.000000 -10.056434
5.000000 -10.061434
5.000000 -10.066434
5.000000 -10.071434
5.000000 -10.076434
5.000000 -10.081434
5.000000 -10.086434
5.000000 -10.091434
5.000000 -10.096434
5.000000 -10.101434
5.000000 -10.106434
5.000000 -10.111434
5.000000 -10.116434
5.000000 -10.121434
5.000000 -10.126434
5.000000 -10.131434
5.000000 -10.136434
5.000000 -10.141434
5.000000 -10.146434
5.000000 -10.151434
5.000000 -10.156434
5.000000 -10.161434
5.000000 -10.166434
5.000000 -10.171434
5.000000 -10.176434
5.000000 -10.181434
5.000000 -10.186434
5.000000 -10.191434
5.000000 -10.196434
5.000000 -10.201434
5.000000 -10.206434
5.000000 -10.211434
5.000000 -10.216434
5.000000 -10.221434
5.000000 -10.226434
5.000000 -10.231434
5.000000 -10.236434
5.000000 -10.241434
5.000000 -10.246434
5.000000 -10.251434
5.000000 -10.256434
5.000000 -10.261434
5.000000 -10.266434
5.000000 -10.271434
5.000000 -10.276434
5.000000 -10.281434
5.000000 -10.286434
5.000000 -10.291434
5.000000 -10.296434
5.000000 -10.301434
5.000000 -10.306434
5.000000 -10.311434
5.000000 -10.316434
5.000000 -10.321434
5.000000 -10.326434
5.000000 -10.331434
5.000000 -10.336434
5.000000 -10.341434
5.000000 -10.346434
5.000000 -10.351434
5.000000 -10.356434
5.000000 -10.361434
5.000000 -10.366434
5.000000 -10.371434
5.000000 -10.376434
5.000000 -10.381434
5.000000 -10.386434
5.000000 -10.391434
5.000000 -10.396434
5.000000 -10.401434
5.000000 -10.406434
5.000000 -10.411434
5.000000 -10.416434
5.000000 -10.421434
5.000000 -10.426434
5.000000 -10.431434
5.000000 -10.436434
5.000000 -10.441434
5.000000 -10.446434
5.000000 -10.451434
5.000000 -10.456434
5.000000 -10.461434
5.000000 -10.466434
5.000000 -10.471434
5.000000 -10.476434
5.000000 -10.481434
5.000000 -10.486434
5.000000 -10.491434
5.000000 -10.496434
5.000000 -10.501434
5.000000 -10.506434
5.000000 -10.125000
5.000000 -10.130000
5.000000 -10.135000
5.000000 -10.140000
5.000000 -10.145000
5.000000 -10.150000
5.000000 -10.155000
5.000000 -10.160000
5.000000 -10.165000
5.000000 -10.170000
5.000000 -10.175000
5.000000 -10.180000
5.000000 -10.185000
5.000000 -10.190000
5.000000 -10.195000
5.000000 -10.200000
5.000000 -10.205000
5.000000 -10.210000
5.000000 -10.215000
5.000000 -10.220000
5.000000 -10.225000
5.000000 -10.230000
5.000000 -10.235000
5.000000 -10.240000
5.000000 -10.245000
5.000000 -10.250000
5.000000 -10.255000
5.000000 -10.260000
5.000000 -10.265000
5.000000 -10.270000
5.000000 -10.275000
5.000000 -10.280000
5.000000 -10.285000
5.000000 -10.290000
5.000000 -10.295000
-16.274150 2.738804
2.911580 -8.851622
-11.074150 -0.319904
-7.416997 -2.425454
-6.463429 -2.955878
-7.000000 -2.556829
-7.000000 -2.486829
-7.000000 -2.416829
-7.000000 -2.346829
-7.000000 -2.276829
-7.000000 -2.206829
-7.000000 -2.136829
-7.000000 -2.066829
-7.000000 -1.996829
-7.000000 -1.926829
-7.000000 -1.856829
-7.000000 -1.786829
-7.000000 -1.716829
-7.000000 -1.646829
-7.000000 -1.576829
-7.000000 -1.506829
-7.000000 -1.436829
-7.000000 -1.366829
-7.000000 -1.296829
-7.000000 -1.226829
-7.000000 -1.156829
-7.000000 -1.086829
-7.000000 -1.016829
-7.000000 -0.946829
-7.000000 -0.876829
-7.000000 -0.806829
-7.000000 -0.736829
-7.000000 -0.666829
-7.000000 -0.596829
-7.000000 -0.526829
-7.000000 -0.456829
-7.000000 -0.386829
-7.000000 -0.316829
-7.000000 -0.246829
-7.000000 -0.176829
-7.000000 -0.106829
-7.000000 -0.036829
-7.015983 0.033247
-6.980983 0.103241
-7.015983 0.173217
-6.992650 0.243266
-7.001400 0.313234
-7.000000 0.383241
-7.000000 0.453241
-7.000000 0.523241
-7.000000 0.593241
-7.000000 0.663241
-7.000000 0.733241
-7.000000 0.803241
-7.000000 0.873241
-7.000000 0.943241
-7.000000 1.013241
-7.000000 1.083241
-7.000000 1.153241
-7.000000 1.223241
-7.000000 1.293241
-7.000000 1.363241
-7.000000 1.433241
-7.000000 1.503241
-7.000000 1.573241
-7.000000 1.643241
-7.000000 1.713241
-7.000000 1.783241
-7.000000 1.853241
-7.000000 1.923241
-7.000000 1.993241
-7.000000 2.063241
-7.000000 2.133241
-7.000000 2.203241
-7.000000 2.273241
-7.000000 2.343241
-7.000000 2.413241
-7.000000 2.483241
-7.000000 2.553241
-7.000000 2.623241
-7.000000 2.693241
-7.000000 2.763241
-7.000000 2.833241
-7.000000 2.903241
-2.636707 13.230523
13.832837 51.076389
-7.535132 0.873329
12.110380 46.404857
2.563571 23.523942
4.473175 27.592853
4.488692 27.189566
4.503792 26.784901
4.518499 26.378895
4.532838 25.971582
4.546830 25.562994
4.560497 25.153162
4.573859 24.742114
4.586935 24.329876
4.599744 23.916474
4.612304 23.501930
4.624633 23.086266
4.636747 22.669502
4.648661 22.251658
4.660392 21.832749
4.671953 21.412792
4.683361 20.991802
4.694627 20.569791
4.705766 20.146773
4.716791 19.722757
4.727714 19.297754
4.738548 18.871771
4.749304 18.444817
4.759995 18.016898
4.770632 17.588020
4.781225 17.158186
4.791787 16.727400
4.802328 16.295665
4.812858 15.862982
4.823388 15.429351
4.833929 14.994771
4.844491 14.559243
4.855084 14.122762
4.865718 13.685326
4.876403 13.246931
4.887150 12.807572
4.897969 12.367242
4.908869 11.925935
4.919862 11.483643
4.930957 11.040357
4.942165 10.596067
4.953497 10.150763
4.964963 9.704434
4.976573 9.257066
4.988340 8.808646
5.000273 8.359160
5.012386 7.908591
5.024688 7.456924
5.037193 7.004141
5.049912 6.550223
5.062859 6.095150
5.076045 5.638901
5.089485 5.181455
5.103192 4.722786
5.117181 4.262871
5.131465 3.801685
5.146061 3.339198
5.075342 -5.046771
4.893203 -17.040926
5.144023 0.554064
4.905961 -17.421995
5.023197 -8.094008
5.000000 -10.026347
5.000000 -10.031347
5.000000 -10.036347
5.000000 -10.041347
5.000000 -10.046347
5.000000 -10.051347
5.000000 -10.056347
5.000000 -10.061347
5.000000 -10.066347
5.000000 -10.071347
5.000000 -10.076347
5.000000 -10.081347
5.000000 -10.086347
5.000000 -10.091347
5.000000 -10.096347
5.000000 -10.101347
5.000000 -10.106347
5.000000 -10.111347
5.000000 -10.116347
5.000000 -10.121347
5.000000 -10.126347
5.000000 -10.131347
5.000000 -10.136347
5.000000 -10.141347
5.000000 -10.146347
5.000000 -10.151347
5.000000 -10.156347
5.000000 -10.161347
5.000000 -10.166347
5.000000 -10.171347
5.000000 -10.176347
5.000000 -10.181347
5.000000 -10.186347
5.000000 -10.191347
5.000000 -10.196347
5.000000 -10.201347
5.000000 -10.206347
5.000000 -10.211347
5.000000 -10.216347
5.000000 -10.221347
5.000000 -10.226347
5.000000 -10.231347
5.000000 -10.236347
5.000000 -10.241347
5.000000 -10.246347
5.000000 -10.251347
5.000000 -10.256347
5.000000 -10.261347
5.000000 -10.266347
5.000000 -10.271347
5.000000 -10.276347
5.000000 -10.281347
5.000000 -10.286347
5.000000 -10.291347
5.000000 -10.296347
5.000000 -10.301347
5.000000 -10.306347
5.000000 -10.311347
5.000000 -10.316347
5.000000 -10.321347
5.000000 -10.326347
5.000000 -10.331347
5.000000 -10.336347
5.000000 -10.341347
5.000000 -10.346347
5.000000 -10.351347
5.000000 -10.356347
5.000000 -10.361347
5.000000 -10.366347
5.000000 -10.371347
5.000000 -10.376347
5.000000 -10.381347
5.000000 -10.386347
5.000000 -10.391347
5.000000 -10.396347
5.000000 -10.401347
5.000000 -10.406347
5.000000 -10.411347
5.000000 -10.416347
5.000000 -10.421347
5.000000 -10.426347
5.000000 -10.431347
5.000000 -10.436347
5.000000 -10.441347
5.000000 -10.446347
5.000000 -10.451347
5.000000 -10.456347
5.000000 -10.461347
5.000000 -10.466347
5.000000 -10.471347
5.000000 -10.476347
5.000000 -10.481347
5.000000 -10.486347
5.000000 -10.491347
5.000000 -10.496347
5.000000 -10.501347
-13.065895 -2.249029
-0.905541 -7.641564
-7.865895 -4.496894
-8.892326 -3.894689
-6.182414 -5.077981
-7.000000 -4.634350
-7.000000 -4.564350
-7.000000 -4.494350
-7.000000 -4.424350
-7.000000 -4.354350
-7.000000 -4.284350
-7.000000 -4.214350
-7.000000 -4.144350
-7.000000 -4.074350
-7.000000 -4.004350
-7.000000 -3.934350
-7.000000 -3.864350
-7.000000 -3.794350
-7.000000 -3.724350
-7.000000 -3.654350
-7.000000 -3.584350
-7.000000 -3.514350
-7.000000 -3.444350
-7.000000 -3.374350
-7.000000 -3.304350
-7.000000 -3.234350
-7.000000 -3.164350
-7.000000 -3.094350
-7.000000 -3.024350
-7.000000 -2.954350
-7.000000 -2.884350
-7.000000 -2.814350
-7.000000 -2.744350
-7.000000 -2.674350
-7.000000 -2.604350
-7.000000 -2.534350
-7.000000 -2.464350
-7.000000 -2.394350
-7.000000 -2.324350
-7.000000 -2.254350
-7.000000 -2.184350
-7.000000 -2.114350
-7.000000 -2.044350
-7.000000 -1.974350
-7.000000 -1.904350
-7.000000 -1.834350
-7.000000 -1.764350
-7.000000 -1.694350
-7.000000 -1.624350
-7.000000 -1.554350
-7.000000 -1.484350
-7.000000 -1.414350
-7.000000 -1.344350
-7.000000 -1.274350
-7.000000 -1.204350
-7.000000 -1.134350
-7.000000 -1.064350
-7.000000 -0.994350
-7.000000 -0.924350
-7.000000 -0.854350
-7.000000 -0.784350
-7.000000 -0.714350
-7.000000 -0.644350
-7.000000 -0.574350
-7.000000 -0.504350
-7.000000 -0.434350
-7.000000 -0.364350
-7.000000 -0.294350
-7.000000 -0.224350
-7.000000 -0.154350
-7.000000 -0.084350
-7.000000 -0.014350
-7.015983 0.055777
-6.980983 0.125658
-7.015983 0.195746
-6.992650 0.265721
-7.001400 0.335717
-7.000000 0.405720
-7.000000 0.475720
-7.000000 0.545720
-7.000000 0.615720
-7.000000 0.685720
-7.000000 0.755720
-7.000000 0.825720
-7.000000 0.895720
-7.000000 0.965720
-7.000000 1.035720
-7.000000 1.105720
-7.000000 1.175720
-7.000000 1.245720
-7.000000 1.315720
-7.000000 1.385720
-7.000000 1.455720
-7.000000 1.525720
-7.000000 1.595720
-7.000000 1.665720
-7.000000 1.735720
-7.000000 1.805720
-7.000000 1.875720
-7.000000 1.945720
-7.000000 2.015720
-7.000000 2.085720
-7.000000 2.155720
-7.000000 2.225720
-7.000000 2.295720
-7.000000 2.365720
-7.000000 2.435720
-7.000000 2.505720
-7.000000 2.575720
-7.000000 2.645720
-7.000000 2.715720
-7.000000 2.785720
-7.000000 2.855720
-7.000000 2.925720
-7.000000 2.995720
-7.000000 3.065720
-7.000000 3.135720
-7.000000 3.205720
-7.000000 3.275720
-7.000000 3.345720
-7.000000 3.415720
-7.000000 3.485720
-7.000000 3.555720
-7.000000 3.625720
-7.000000 3.695720
-7.000000 3.765720
-7.000000 3.835720
-7.000000 3.905720
-7.000000 3.975720
-7.000000 4.045720
-7.000000 4.115720
-7.000000 4.185720
-7.000000 4.255720
-7.000000 4.325720
-7.000000 4.395720
-7.000000 4.465720
-7.000000 4.535720
-7.000000 4.605720
-7.000000 4.675720
-7.000000 4.745720
-7.000000 4.815720
-7.000000 4.885720
-7.000000 4.955720
-7.000000 5.025720
34.300839 95.674791
-12.481536 -7.720134
25.234437 75.192801
8.802146 38.478020
10.743322 42.434080
10.757631 42.066529
10.509698 41.109628
10.278233 40.174290
10.061955 39.259091
9.859706 38.362717
9.670435 37.483954
9.493187 36.621678
9.327093 35.774846
9.171363 34.942491
9.025274 34.123712
8.888168 33.317672
8.759440 32.523590
8.638538 31.740738
8.524956 30.968434
8.418230 30.206040
8.317932 29.452960
8.223670 28.708631
8.135082 27.972529
8.051836 27.244156
7.973626 26.523047
7.900167 25.808761
7.831201 25.100882
7.766485 24.399018
7.705797 23.702794
7.648932 23.011859
7.595701 22.325877
7.545927 21.644530
7.499449 20.967512
7.456118 20.294534
7.415795 19.625320
7.378352 18.959605
7.343674 18.297134
7.311651 17.637664
7.282184 16.980960
7.255183 16.326797
7.230563 15.674956
7.208248 15.025226
7.188169 14.377404
7.170263 13.731291
7.154472 13.086693
7.140747 12.443424
7.129041 11.801298
7.119315 11.160137
7.111533 10.519763
7.105665 9.880004
7.101687 9.240687
7.099578 8.601644
7.099323 7.962707
7.100909 7.323710
7.104331 6.684488
7.109586 6.044876
7.116675 5.404708
7.125606 4.763819
7.136388 4.122043
7.149038 3.479213
5.917638 -4.701647
3.703840 -17.422126
6.853752 0.893751
3.737505 -17.605439
5.322097 -8.050228
5.000000 -10.026286
5.000000 -10.031286
5.000000 -10.036286
5.000000 -10.041286
5.000000 -10.046286
5.000000 -10.051286
5.000000 -10.056286
5.000000 -10.061286
5.000000 -10.066286
5.000000 -10.071286
5.000000 -10.076286
5.000000 -10.081286
5.000000 -10.086286
5.000000 -10.091286
5.000000 -10.096286
5.000000 -10.101286
5.000000 -10.106286
5.000000 -10.111286
5.000000 -10.116286
5.000000 -10.121286
5.000000 -10.126286
5.000000 -10.131286
5.000000 -10.136286
5.000000 -10.141286
5.000000 -10.146286
5.000000 -10.151286
5.000000 -10.156286
5.000000 -10.161286
5.000000 -10.166286
5.000000 -10.171286
5.000000 -10.176286
5.000000 -10.181286
5.000000 -10.186286
5.000000 -10.191286
5.000000 -10.196286
5.000000 -10.201286
5.000000 -10.206286
5.000000 -10.211286
5.000000 -10.216286
5.000000 -10.221286
5.000000 -10.226286
5.000000 -10.231286
5.000000 -10.236286
5.000000 -10.241286
5.000000 -10.246286
5.000000 -10.251286
5.000000 -10.256286
5.000000 -10.261286
5.000000 -10.266286
5.000000 -10.271286
5.000000 -10.276286
5.000000 -10.281286
5.000000 -10.286286
5.000000 -10.291286
5.000000 -10.296286
5.000000 -10.301286
5.000000 -10.306286
5.000000 -10.311286
5.000000 -10.316286
5.000000 -10.321286
5.000000 -10.326286
5.000000 -10.331286
5.000000 -10.336286
5.000000 -10.341286
5.000000 -10.346286
5.000000 -10.351286
5.000000 -10.356286
5.000000 -10.361286
5.000000 -10.366286
5.000000 -10.371286
5.000000 -10.376286
5.000000 -10.381286
5.000000 -10.386286
5.000000 -10.391286
5.000000 -10.396286
5.000000 -10.401286
5.000000 -10.406286
5.000000 -10.411286
5.000000 -10.416286
5.000000 -10.421286
5.000000 -10.426286
5.000000 -10.431286
5.000000 -10.436286
5.000000 -10.441286
5.000000 -10.446286
5.000000 -10.451286
5.000000 -10.456286
5.000000 -10.461286
5.000000 -10.466286
5.000000 -10.471286
5.000000 -10.476286
5.000000 -10.481286
5.000000 -10.486286
5.000000 -10.491286
5.000000 -10.496286
5.000000 -10.501286
5.000000 -10.506286
5.000000 -10.511286
5.000000 -10.516286
5.000000 -10.521286
5.000000 -10.526286
5.000000 -10.531286
5.000000 -10.536286
5.000000 -10.541286
5.000000 -10.546286
5.000000 -10.551286
5.000000 -10.556286
5.000000 -10.561286
5.000000 -10.566286
5.000000 -10.571286
5.000000 -10.576286
5.000000 -10.581286
5.000000 -10.586286
5.000000 -10.591286
5.000000 -10.596286
5.000000 -10.601286
5.000000 -10.606286
5.000000 -10.611286
5.000000 -10.616286
5.000000 -10.621286
5.000000 -10.626286
5.000000 -10.631286
5.000000 -10.636286
5.000000 -10.641286
5.000000 -10.646286
5.000000 -10.651286
5.000000 -10.656286
5.000000 -10.661286
5.000000 -10.666286
5.000000 -10.671286
5.000000 -10.676286
5.000000 -10.681286
5.000000 -10.686286
5.000000 -10.691286
-18.305866 -3.329929
5.328878 -10.622296
-13.105866 -4.846977
-6.482704 -6.794941
-6.641390 -6.695160
-7.000000 -6.510789
-7.000000 -6.440789
-7.000000 -6.370789
-7.000000 -6.300789
-7.000000 -6.230789
-7.000000 -6.160789
-7.000000 -6.090789
-7.000000 -6.020789
-7.000000 -5.950789
-7.000000 -5.880789
-7.000000 -5.810789
-7.000000 -5.740789
-7.000000 -5.670789
-7.000000 -5.600789
-7.000000 -5.530789
-7.000000 -5.460789
-7.000000 -5.390789
-7.000000 -5.320789
-7.000000 -5.250789
-7.000000 -5.180789
-7.000000 -5.110789
-7.000000 -5.040789
-7.000000 -4.970789
-7.000000 -4.900789
-7.000000 -4.830789
-7.000000 -4.760789
-7.000000 -4.690789
-7.000000 -4.620789
-7.000000 -4.550789
-7.000000 -4.480789
-7.000000 -4.410789
-7.000000 -4.340789
-7.000000 -4.270789
-7.000000 -4.200789
-7.000000 -4.130789
-7.000000 -4.060789
-7.000000 -3.990789
-7.000000 -3.920789
-7.000000 -3.850789
-7.000000 -3.780789
-7.000000 -3.710789
-7.000000 -3.640789
-7.000000 -3.570789
-7.000000 -3.500789
-7.000000 -3.430789
-7.000000 -3.360789
-7.000000 -3.290789
-7.000000 -3.220789
-7.000000 -3.150789
-7.000000 -3.080789
-7.000000 -3.010789
-7.000000 -2.940789
-7.000000 -2.870789
-7.000000 -2.800789
-7.000000 -2.730789
-7.000000 -2.660789
-7.000000 -2.590789
-7.000000 -2.520789
-7.000000 -2.450789
-7.000000 -2.380789
-7.000000 -2.310789
-7.000000 -2.240789
-7.000000 -2.170789
-7.000000 -2.100789
-7.000000 -2.030789
-7.000000 -1.960789
-7.000000 -1.890789
-7.000000 -1.820789
-7.000000 -1.750789
-7.000000 -1.680789
-7.000000 -1.610789
-7.000000 -1.540789
-7.000000 -1.470789
-7.000000 -1.400789
-7.000000 -1.330789
-7.000000 -1.260789
-7.000000 -1.190789
-7.000000 -1.120789
-7.000000 -1.050789
-7.000000 -0.980789
-7.000000 -0.910789
-7.000000 -0.840789
-7.000000 -0.770789
-7.000000 -0.700789
-7.000000 -0.630789
-7.000000 -0.560789
-7.000000 -0.490789
-7.000000 -0.420789
-7.000000 -0.350789
-7.000000 -0.280789
-7.000000 -0.210789
-7.000000 -0.140789
-7.000000 -0.070789
-7.000000 -0.000789
-7.015983 0.069369
-6.980983 0.139182
-7.015983 0.209338
-6.992650 0.279267
-7.001400 0.349280
-7.000000 0.419281
-7.000000 0.489281
-7.000000 0.559281
-7.000000 0.629281
-7.000000 0.699281
-7.000000 0.769281
-7.000000 0.839281
-7.000000 0.909281
-7.000000 0.979281
-7.000000 1.049281
-7.000000 1.119281
-7.000000 1.189281
-7.000000 1.259281
-7.000000 1.329281
-7.000000 1.399281
-7.000000 1.469281
-7.000000 1.539281
-7.000000 1.609281
-7.000000 1.679281
-7.000000 1.749281
-7.000000 1.819281
-7.000000 1.889281
-7.000000 1.959281
-7.000000 2.029281
-7.000000 2.099281
-7.000000 2.169281
-7.000000 2.239281
-7.000000 2.309281
-7.000000 2.379281
-7.000000 2.449281
-7.000000 2.519281
-7.000000 2.589281
-7.000000 2.659281
-7.000000 2.729281
-7.000000 2.799281
-7.000000 2.869281
-7.000000 2.939281
-7.000000 3.009281
-7.000000 3.079281
-7.000000 3.149281
-7.000000 3.219281
-7.000000 3.289281
-7.000000 3.359281
-7.000000 3.429281
-7.000000 3.499281
-7.000000 3.569281
-7.000000 3.639281
-7.000000 3.709281
-7.000000 3.779281
-7.000000 3.849281
-7.000000 3.919281
-7.000000 3.989281
-7.000000 4.059281
-7.000000 4.129281
-7.000000 4.199281
-7.000000 4.269281
-7.000000 4.339281
-7.000000 4.409281
-7.000000 4.479281
-7.000000 4.549281
-7.000000 4.619281
-7.000000 4.689281
-7.000000 4.759281
-7.000000 4.829281
-7.000000 4.899281
-7.000000 4.969281
-7.000000 5.039281
-7.000000 5.109281
-7.000000 5.179281
-7.000000 5.249281
-7.000000 5.319281
-7.000000 5.389281
-7.000000 5.459281
-7.000000 5.529281
-7.000000 5.599281
-7.000000 5.669281
-7.000000 5.739281
-7.000000 5.809281
-7.000000 5.879281
-7.000000 5.949281
-7.000000 6.019281
-7.000000 6.089281
-7.000000 6.159281
-7.000000 6.229281
-7.000000 6.299281
-7.000000 6.369281
-7.000000 6.439281
-7.000000 6.509281
-7.000000 6.579281
-7.000000 6.649281
-7.000000 6.719281
-7.000000 6.789281
-7.000000 6.859281
1.856708 23.683568
51.295187 117.213591
-13.916895 -5.668356
42.757490 101.232695
13.934750 46.909154
18.604057 55.571826
17.830573 53.932788
17.122789 52.360352
16.473839 50.848922
15.877724 49.393477
15.329188 47.989505
14.823609 46.632935
14.356910 45.320089
13.925486 44.047633
13.526139 42.812540
13.156026 41.612052
12.812613 40.443654
12.493635 39.305049
12.197063 38.194128
11.921078 37.108960
11.664044 36.047766
11.424487 35.008908
11.201077 33.990874
10.992612 32.992266
10.798003 32.011788
10.616262 31.048239
10.446495 30.100502
10.287885 29.167535
10.139693 28.248370
10.001241 27.342099
9.871915 26.447873
9.751151 25.564897
9.638436 24.692424
9.533301 23.829751
9.435316 22.976216
9.344089 22.131192
9.259261 21.294088
9.180504 20.464343
9.107517 19.641424
9.040026 18.824825
8.977781 18.014062
8.920554 17.208674
8.868137 16.408218
8.820341 15.612270
8.776995 14.820423
8.737946 14.032282
8.703053 13.247468
8.672194 12.465612
8.645258 11.686355
8.622148 10.909350
8.602780 10.134256
8.587081 9.360740
8.574991 8.588474
8.566460 7.817135
8.561449 7.046405
8.559931 6.275969
8.561889 5.505513
8.567315 4.734725
8.576212 3.963293
8.588595 3.190902
2.436932 -19.432165
7.710207 0.155718
3.996953 -14.008103
4.776538 -10.702282
5.179026 -9.376498
5.000000 -10.028774
5.000000 -10.033774
5.000000 -10.038774
5.000000 -10.043774
5.000000 -10.048774
5.000000 -10.053774
5.000000 -10.058774
5.000000 -10.063774
5.000000 -10.068774
5.000000 -10.073774
5.000000 -10.078774
5.000000 -10.083774
5.000000 -10.088774
5.000000 -10.093774
5.000000 -10.098774
5.000000 -10.103774
5.000000 -10.108774
5.000000 -10.113774
5.000000 -10.118774
5.000000 -10.123774
5.000000 -10.128774
5.000000 -10.133774
5.000000 -10.138774
5.000000 -10.143774
5.000000 -10.148774
5.000000 -10.153774
5.000000 -10.158774
5.000000 -10.163774
5.000000 -10.168774
5.000000 -10.173774
5.000000 -10.178774
5.000000 -10.183774
5.000000 -10.188774
5.000000 -10.193774
5.000000 -10.198774
5.000000 -10.203774
5.000000 -10.208774
5.000000 -10.213774
5.000000 -10.218774
5.000000 -10.223774
5.000000 -10.228774
5.000000 -10.233774
5.000000 -10.238774
5.000000 -10.243774
5.000000 -10.248774
5.000000 -10.253774
5.000000 -10.258774
5.000000 -10.263774
5.000000 -10.268774
5.000000 -10.273774
5.000000 -10.278774
5.000000 -10.283774
5.000000 -10.288774
5.000000 -10.293774
5.000000 -10.298774
5.000000 -10.303774
5.000000 -10.308774
5.000000 -10.313774
5.000000 -10.318774
5.000000 -10.323774
5.000000 -10.328774
5.000000 -10.333774
5.000000 -10.338774
5.000000 -10.343774
5.000000 -10.348774
5.000000 -10.353774
5.000000 -10.358774
5.000000 -10.363774
5.000000 -10.368774
5.000000 -10.373774
5.000000 -10.378774
5.000000 -10.383774
5.000000 -10.388774
5.000000 -10.393774
5.000000 -10.398774
5.000000 -10.403774
5.000000 -10.408774
5.000000 -10.413774
5.000000 -10.418774
5.000000 -10.423774
5.000000 -10.428774
5.000000 -10.433774
5.000000 -10.438774
5.000000 -10.443774
5.000000 -10.448774
5.000000 -10.453774
5.000000 -10.458774
5.000000 -10.463774
5.000000 -10.468774
5.000000 -10.473774
5.000000 -10.478774
5.000000 -10.483774
5.000000 -10.488774
5.000000 -10.493774
5.000000 -10.498774
5.000000 -10.503774
5.000000 -10.508774
5.000000 -10.513774
5.000000 -10.518774
5.000000 -10.523774
5.000000 -10.528774
5.000000 -10.533774
5.000000 -10.538774
5.000000 -10.543774
5.000000 -10.548774
5.000000 -10.553774
5.000000 -10.558774
5.000000 -10.563774
5.000000 -10.568774
