1.457953 10.887660
1.539666 10.617826
1.618200 10.333571
1.693615 10.035461
1.765974 9.724053
1.835343 9.399890
1.901790 9.063505
1.965385 8.715417
2.026197 8.356133
2.084297 7.986148
2.139754 7.605945
2.192636 7.215991
2.243011 6.816746
2.290944 6.408654
2.336498 5.992149
2.379735 5.567654
2.420713 5.135580
2.459489 4.696329
2.496114 4.250293
2.530640 3.797854
2.563113 3.339386
4.072390 -5.024491
6.324372 -17.076288
3.028057 0.567530
6.371935 -17.449325
4.645233 -8.113538
5.000000 -10.052681
5.000000 -10.062681
5.000000 -10.072681
5.000000 -10.082681
5.000000 -10.092681
5.000000 -10.102681
5.000000 -10.112681
5.000000 -10.122681
5.000000 -10.132681
5.000000 -10.142681
5.000000 -10.152681
5.000000 -10.162681
5.000000 -10.172681
5.000000 -10.182681
5.000000 -10.192681
5.000000 -10.202681
5.000000 -10.212681
5.000000 -10.222681
5.000000 -10.232681
5.000000 -10.242681
5.000000 -10.252681
-15.184110 2.769272
1.614671 -7.767689
-9.984110 -0.326215
-7.918256 -1.415801
-6.367951 -2.296066
-7.000000 -1.750019
-7.000000 -1.610019
-7.000000 -1.470019
-7.000000 -1.330019
-7.000000 -1.190019
-7.000000 -1.050019
-7.000000 -0.910019
-7.000000 -0.770019
-7.000000 -0.630019
-7.000000 -0.490019
-7.000000 -0.350019
-7.000000 -0.210019
-7.000000 -0.070019
-7.015983 0.070141
-6.980983 0.210111
-7.015983 0.350081
-6.992650 0.490167
-7.001400 0.630107
-7.000000 0.770121
-7.000000 0.910121
-7.000000 1.050121
-7.000000 1.190121
-7.000000 1.330121
-7.000000 1.470121
-7.000000 1.610121
-7.000000 1.750121
-7.000000 1.890121
-7.000000 2.030121
-7.000000 2.170121
-7.000000 2.310121
-7.000000 2.450121
-0.925177 16.431849
9.359250 38.489786
-5.205902 5.093788
9.462969 37.544902
2.091345 19.837346
3.675126 22.690475
3.739225 22.023124
3.799556 21.344580
3.856434 20.655491
3.910149 19.956454
3.960973 19.248011
4.009155 18.530662
4.054928 17.804860
4.098510 17.071019
4.140101 16.329516
4.179892 15.580691
4.218057 14.824852
4.254763 14.062278
4.290165 13.293216
4.324410 12.517888
4.357638 11.736489
4.389981 10.949191
4.421566 10.156142
4.452515 9.357466
4.482946 8.553267
4.512974 7.743629
4.542710 6.928614
4.572265 6.108265
4.601748 5.282603
4.631269 4.451633
4.660938 3.615337
4.893388 -5.114137
5.151554 -16.906714
4.757348 0.459055
5.176417 -17.453406
4.952914 -8.095066
5.000000 -10.052692
5.000000 -10.062692
5.000000 -10.072692
5.000000 -10.082692
5.000000 -10.092692
5.000000 -10.102692
5.000000 -10.112692
5.000000 -10.122692
5.000000 -10.132692
5.000000 -10.142692
5.000000 -10.152692
5.000000 -10.162692
5.000000 -10.172692
5.000000 -10.182692
5.000000 -10.192692
5.000000 -10.202692
5.000000 -10.212692
5.000000 -10.222692
5.000000 -10.232692
5.000000 -10.242692
5.000000 -10.252692
5.000000 -10.262692
5.000000 -10.272692
5.000000 -10.282692
5.000000 -10.292692
5.000000 -10.302692
5.000000 -10.312692
5.000000 -10.322692
5.000000 -10.332692
5.000000 -10.342692
5.000000 -10.352692
5.000000 -10.362692
5.000000 -10.372692
5.000000 -10.382692
5.000000 -10.392692
5.000000 -10.402692
5.000000 -10.412692
5.000000 -10.422692
5.000000 -10.432692
5.000000 -10.442692
5.000000 -10.452692
-8.356378 -3.896058
-6.508835 -4.522160
-3.156378 -6.185588
-11.058016 -2.083526
-5.769902 -4.550303
-7.000000 -3.809930
-7.000000 -3.669930
-7.000000 -3.529930
-7.000000 -3.389930
-7.000000 -3.249930
-7.000000 -3.109930
-7.000000 -2.969930
-7.000000 -2.829930
-7.000000 -2.689930
-7.000000 -2.549930
-7.000000 -2.409930
-7.000000 -2.269930
-7.000000 -2.129930
-7.000000 -1.989930
-7.000000 -1.849930
-7.000000 -1.709930
-7.000000 -1.569930
-7.000000 -1.429930
-7.000000 -1.289930
-7.000000 -1.149930
-7.000000 -1.009930
-7.000000 -0.869930
-7.000000 -0.729930
-7.000000 -0.589930
-7.000000 -0.449930
-7.000000 -0.309930
-7.000000 -0.169930
-7.000000 -0.029930
-7.015983 0.110321
-6.980983 0.250090
-7.015983 0.390260
-6.992650 0.530213
-7.001400 0.670204
-7.000000 0.810210
-7.000000 0.950210
-7.000000 1.090210
-7.000000 1.230210
-7.000000 1.370210
-7.000000 1.510210
-7.000000 1.650210
-7.000000 1.790210
-7.000000 1.930210
-7.000000 2.070210
-7.000000 2.210210
-7.000000 2.350210
-7.000000 2.490210
-7.000000 2.630210
-7.000000 2.770210
-7.000000 2.910210
-7.000000 3.050210
-7.000000 3.190210
-7.000000 3.330210
-7.000000 3.470210
-7.000000 3.610210
-7.000000 3.750210
-7.000000 3.890210
-7.000000 4.030210
-7.000000 4.170210
-7.000000 4.310210
-7.000000 4.450210
-3.696412 12.118873
28.331182 83.604677
-12.167661 -8.685847
22.593168 69.305156
5.605877 29.716798
8.575526 35.586205
8.326241 34.065510
8.105922 32.587021
7.910957 31.145858
7.738293 29.737740
7.585335 28.358891
7.449873 27.005970
7.330019 25.676001
7.224156 24.366324
7.130899 23.074549
7.049058 21.798516
6.977612 20.536265
6.915685 19.286005
6.862528 18.046092
6.817502 16.815007
6.780067 15.591336
5.000000 -10.150000
5.000000 -10.160000
5.000000 -10.170000
5.000000 -10.180000
5.000000 -10.190000
5.000000 -10.200000
5.000000 -10.210000
5.000000 -10.220000
5.000000 -10.230000
5.000000 -10.240000
5.000000 -10.250000
5.000000 -10.260000
5.000000 -10.270000
5.000000 -10.280000
5.000000 -10.290000
-5.631367 -3.792397
-9.751002 -1.000412
-0.431367 -6.706083
-12.311123 0.770977
-5.531215 -3.240494
-7.000000 -2.206879
-7.000000 -2.066879
-7.000000 -1.926879
-7.000000 -1.786879
-7.000000 -1.646879
-7.000000 -1.506879
-7.000000 -1.366879
-7.000000 -1.226879
-7.000000 -1.086879
-7.000000 -0.946879
-7.000000 -0.806879
-7.000000 -0.666879
-7.000000 -0.526879
-7.000000 -0.386879
-7.000000 -0.246879
-7.000000 -0.106879
-7.015983 0.033197
-6.980983 0.173351
-7.015983 0.313137
-6.992650 0.453346
-7.001400 0.593240
-7.000000 0.733261
-7.000000 0.873261
-7.000000 1.013261
-7.000000 1.153261
-7.000000 1.293261
-7.000000 1.433261
-7.000000 1.573261
-7.000000 1.713261
-7.000000 1.853261
-7.000000 1.993261
-7.000000 2.133261
-7.000000 2.273261
-7.000000 2.413261
-7.000000 2.553261
-7.000000 2.693261
-7.000000 2.833261
-4.876913 7.987186
16.520679 56.862886
-9.741693 -5.203803
13.186188 47.723791
2.431126 21.405681
4.547603 25.566993
4.574594 24.745977
4.600444 23.920208
4.625301 23.089877
4.649300 22.255151
4.672565 21.416173
4.695213 20.573065
4.717353 19.725927
4.739089 18.874842
4.760516 18.019874
4.781728 17.161069
4.802814 16.298459
4.823859 15.432059
4.844947 14.561867
4.866160 13.687870
4.887581 12.810037
4.909289 11.928324
4.931367 11.042671
4.953898 10.153004
4.976966 9.259235
5.000659 8.361259
5.025067 7.458955
5.050285 6.552187
5.076413 5.640798
5.103556 4.724617
5.131826 3.803450
5.124961 -1.026417
4.832128 -21.764795
5.192577 4.596641
4.886450 -19.390031
5.026108 -7.715838
5.000000 -10.051334
5.000000 -10.061334
5.000000 -10.071334
5.000000 -10.081334
5.000000 -10.091334
5.000000 -10.101334
5.000000 -10.111334
5.000000 -10.121334
5.000000 -10.131334
5.000000 -10.141334
5.000000 -10.151334
5.000000 -10.161334
5.000000 -10.171334
5.000000 -10.181334
5.000000 -10.191334
5.000000 -10.201334
5.000000 -10.211334
5.000000 -10.221334
5.000000 -10.231334
5.000000 -10.241334
5.000000 -10.251334
5.000000 -10.261334
5.000000 -10.271334
5.000000 -10.281334
5.000000 -10.291334
5.000000 -10.301334
5.000000 -10.311334
5.000000 -10.321334
5.000000 -10.331334
5.000000 -10.341334
5.000000 -10.351334
5.000000 -10.361334
5.000000 -10.371334
5.000000 -10.381334
5.000000 -10.391334
5.000000 -10.401334
5.000000 -10.411334
5.000000 -10.421334
5.000000 -10.431334
5.000000 -10.441334
5.000000 -10.451334
5.000000 -10.461334
5.000000 -10.471334
5.000000 -10.481334
5.000000 -10.491334
5.000000 -10.501334
-17.565766 -0.123749
4.448320 -9.932297
-12.365766 -2.258531
-6.823042 -4.549901
-6.576563 -4.549951
-7.000000 -4.215682
-7.000000 -4.075682
-7.000000 -3.935682
-7.000000 -3.795682
-7.000000 -3.655682
-7.000000 -3.515682
-7.000000 -3.375682
-7.000000 -3.235682
-7.000000 -3.095682
-7.000000 -2.955682
-7.000000 -2.815682
-7.000000 -2.675682
-7.000000 -2.535682
-7.000000 -2.395682
-7.000000 -2.255682
-7.000000 -2.115682
-7.000000 -1.975682
-7.000000 -1.835682
-7.000000 -1.695682
-7.000000 -1.555682
-7.000000 -1.415682
-7.000000 -1.275682
-7.000000 -1.135682
-7.000000 -0.995682
-7.000000 -0.855682
-7.000000 -0.715682
-7.000000 -0.575682
-7.000000 -0.435682
-7.000000 -0.295682
-7.000000 -0.155682
-7.000000 -0.015682
-7.015983 0.124602
-6.980983 0.264300
-7.015983 0.404541
-6.992650 0.544446
-7.001400 0.684455
-7.000000 0.824458
-7.000000 0.964458
-7.000000 1.104458
-7.000000 1.244458
-7.000000 1.384458
-7.000000 1.524458
-7.000000 1.664458
-7.000000 1.804458
-7.000000 1.944458
-7.000000 2.084458
-7.000000 2.224458
-7.000000 2.364458
-7.000000 2.504458
-7.000000 2.644458
-7.000000 2.784458
-7.000000 2.924458
-7.000000 3.064458
-7.000000 3.204458
-7.000000 3.344458
-7.000000 3.484458
-7.000000 3.624458
-7.000000 3.764458
-7.000000 3.904458
-7.000000 4.044458
-7.000000 4.184458
-7.000000 4.324458
-7.000000 4.464458
-7.000000 4.604458
-7.000000 4.744458
-7.000000 4.884458
-7.000000 5.024458
34.886886 96.633433
-14.295919 -12.447598
25.457564 74.653973
7.285347 33.510292
9.672569 37.966780
9.499820 36.648819
9.177243 34.968507
8.893397 33.342690
8.643203 31.764867
8.422402 30.229375
8.227410 28.731254
8.055196 27.266141
7.903190 25.830172
7.769208 24.419912
7.651388 23.032288
7.548141 21.664538
7.458115 20.314164
7.380152 18.978893
7.313271 17.656645
7.256638 16.345501
7.209551 15.043683
7.171424 13.749525
7.141777 12.461461
7.120220 11.178000
7.106453 9.897715
7.100254 8.619223
7.101477 7.341178
7.110048 6.062251
7.125964 4.781121
7.149294 3.496459
4.151761 -15.475004
5.801285 -4.471158
5.092564 -10.115887
4.547727 -12.574972
5.167557 -9.024279
-7.000000 -1.300000
-7.000000 -1.160000
-7.000000 -1.020000
-7.000000 -0.880000
-7.000000 -0.740000
-7.000000 -0.600000
-7.000000 -0.460000
-7.000000 -0.320000
-7.000000 -0.180000
-7.000000 -0.040000
-7.015983 0.100228
-6.980983 0.240048
-7.015983 0.380168
-6.992650 0.520154
-7.001400 0.660132
-7.000000 0.800140
-7.000000 0.940140
-7.000000 1.080140
-7.000000 1.220140
-7.000000 1.360140
-7.000000 1.500140
-7.000000 1.640140
-7.000000 1.780140
-7.000000 1.920140
-7.000000 2.060140
-7.000000 2.200140
-7.000000 2.340140
-7.000000 2.480140
-7.000000 2.620140
-7.000000 2.760140
-7.000000 2.900140
-7.000000 3.040140
-7.000000 3.180140
-7.000000 3.320140
-7.000000 3.460140
-7.000000 3.600140
-7.000000 3.740140
-7.000000 3.880140
-7.000000 4.020140
-7.000000 4.160140
-7.000000 4.300140
-7.000000 4.440140
-7.000000 4.580140
-7.000000 4.720140
-7.000000 4.860140
-7.000000 5.000140
-7.000000 5.140140
-7.000000 5.280140
-7.000000 5.420140
-7.000000 5.560140
-7.000000 5.700140
-7.000000 5.840140
-7.000000 5.980140
-7.000000 6.120140
-7.000000 6.260140
-7.000000 6.400140
-7.000000 6.540140
-7.000000 6.680140
11.281792 41.792592
35.751829 88.891565
-5.383989 9.984470
34.021767 84.976999
11.237828 40.916991
14.712135 46.769062
13.820837 44.203192
13.057002 41.785924
12.399242 39.496315
11.830490 37.316863
11.337003 35.232828
10.907632 33.231699
10.533265 31.302783
10.206411 29.436876
9.920878 27.625998
9.671523 25.863191
9.454061 24.142338
9.264910 22.458031
9.101070 20.805453
8.960032 19.180279
8.839696 17.578600
8.738313 15.996852
8.654435 14.431757
8.586877 12.880276
8.534686 11.339560
8.497114 9.806913
8.473604 8.279755
8.463770 6.755595
8.467395 5.231991
8.484419 3.706529
4.230423 -13.275142
5.583176 -7.050037
5.748195 -7.913322
3.991737 -13.627412
5.324423 -8.810347
5.000000 -10.055394
5.000000 -10.065394
5.000000 -10.075394
5.000000 -10.085394
5.000000 -10.095394
5.000000 -10.105394
5.000000 -10.115394
5.000000 -10.125394
5.000000 -10.135394
5.000000 -10.145394
5.000000 -10.155394
5.000000 -10.165394
5.000000 -10.175394
5.000000 -10.185394
5.000000 -10.195394
5.000000 -10.205394
5.000000 -10.215394
5.000000 -10.225394
5.000000 -10.235394
5.000000 -10.245394
5.000000 -10.255394
5.000000 -10.265394
5.000000 -10.275394
5.000000 -10.285394
5.000000 -10.295394
5.000000 -10.305394
5.000000 -10.315394
5.000000 -10.325394
5.000000 -10.335394
5.000000 -10.345394
5.000000 -10.355394
5.000000 -10.365394
5.000000 -10.375394
5.000000 -10.385394
5.000000 -10.395394
5.000000 -10.405394
5.000000 -10.415394
5.000000 -10.425394
5.000000 -10.435394
5.000000 -10.445394
5.000000 -10.455394
5.000000 -10.465394
5.000000 -10.475394
5.000000 -10.485394
5.000000 -10.495394
5.000000 -10.505394
5.000000 -10.515394
5.000000 -10.525394
5.000000 -10.535394
5.000000 -10.545394
5.000000 -10.555394
5.000000 -10.565394
5.000000 -10.575394
5.000000 -10.585394
5.000000 -10.595394
5.000000 -10.605394
5.000000 -10.615394
5.000000 -10.625394
5.000000 -10.635394
5.000000 -10.645394
5.000000 -10.655394
5.000000 -10.665394
5.000000 -10.675394
5.000000 -10.685394
5.000000 -10.695394
5.000000 -10.705394
5.000000 -10.715394
5.000000 -10.725394
5.000000 -10.735394
5.000000 -10.745394
5.000000 -10.755394
5.000000 -10.765394
5.000000 -10.775394
5.000000 -10.785394
5.000000 -10.795394
5.000000 -10.805394
5.000000 -10.815394
-19.686481 -5.251731
6.971507 -10.930365
-14.486481 -6.169729
-5.847822 -7.844995
-6.762320 -7.532041
-7.000000 -7.337708
-7.000000 -7.197708
-7.000000 -7.057708
-7.000000 -6.917708
-7.000000 -6.777708
-7.000000 -6.637708
-7.000000 -6.497708
-7.000000 -6.357708
-7.000000 -6.217708
-7.000000 -6.077708
-7.000000 -5.937708
-7.000000 -5.797708
-7.000000 -5.657708
-7.000000 -5.517708
-7.000000 -5.377708
-7.000000 -5.237708
-7.000000 -5.097708
-7.000000 -4.957708
-7.000000 -4.817708
-7.000000 -4.677708
-7.000000 -4.537708
-7.000000 -4.397708
-7.000000 -4.257708
-7.000000 -4.117708
-7.000000 -3.977708
-7.000000 -3.837708
-7.000000 -3.697708
-7.000000 -3.557708
-7.000000 -3.417708
-7.000000 -3.277708
-7.000000 -3.137708
-7.000000 -2.997708
-7.000000 -2.857708
-7.000000 -2.717708
-7.000000 -2.577708
-7.000000 -2.437708
-7.000000 -2.297708
-7.000000 -2.157708
-7.000000 -2.017708
-7.000000 -1.877708
-7.000000 -1.737708
-7.000000 -1.597708
-7.000000 -1.457708
-7.000000 -1.317708
-7.000000 -1.177708
-7.000000 -1.037708
-7.000000 -0.897708
-7.000000 -0.757708
-7.000000 -0.617708
-7.000000 -0.477708
-7.000000 -0.337708
-7.000000 -0.197708
-7.000000 -0.057708
-7.015983 0.082480
-6.980983 0.222388
-7.015983 0.362420
-6.992650 0.502465
-7.001400 0.642421
-7.000000 0.782432
-7.000000 0.922432
-7.000000 1.062432
-7.000000 1.202432
-7.000000 1.342432
-7.000000 1.482432
-7.000000 1.622432
-7.000000 1.762432
-7.000000 1.902432
-7.000000 2.042432
-7.000000 2.182432
-7.000000 2.322432
-7.000000 2.462432
10.092897 37.762718
9.716326 35.980634
9.385963 34.262071
9.095531 32.599294
8.839802 30.985600
8.614397 29.415147
8.415634 27.882819
8.240407 26.384108
8.086084 24.915019
7.950433 23.471998
7.831554 22.051858
7.727835 20.651729
7.637900 19.269011
7.560584 17.901328
7.494900 16.546503
7.440017 15.202517
7.395242 13.867490
7.360005 12.539657
7.333845 11.217344
7.316404 9.898950
7.307414 8.582932
7.306697 7.267785
7.314158 5.952030
7.329784 4.634198
7.353641 3.312814
3.264630 -19.801773
6.837384 0.699168
4.294275 -14.535043
4.875871 -10.510348
5.112825 -9.425558
5.000000 -10.057653
5.000000 -10.067653
5.000000 -10.077653
5.000000 -10.087653
5.000000 -10.097653
5.000000 -10.107653
5.000000 -10.117653
5.000000 -10.127653
5.000000 -10.137653
5.000000 -10.147653
5.000000 -10.157653
5.000000 -10.167653
5.000000 -10.177653
5.000000 -10.187653
5.000000 -10.197653
5.000000 -10.207653
5.000000 -10.217653
5.000000 -10.227653
5.000000 -10.237653
5.000000 -10.247653
5.000000 -10.257653
5.000000 -10.267653
5.000000 -10.277653
5.000000 -10.287653
5.000000 -10.297653
5.000000 -10.307653
5.000000 -10.317653
5.000000 -10.327653
5.000000 -10.337653
5.000000 -10.347653
5.000000 -10.357653
5.000000 -10.367653
5.000000 -10.377653
5.000000 -10.387653
5.000000 -10.397653
5.000000 -10.407653
5.000000 -10.417653
5.000000 -10.427653
5.000000 -10.437653
5.000000 -10.447653
5.000000 -10.457653
5.000000 -10.467653
5.000000 -10.477653
5.000000 -10.487653
5.000000 -10.497653
5.000000 -10.507653
5.000000 -10.517653
5.000000 -10.527653
5.000000 -10.537653
5.000000 -10.547653
5.000000 -10.557653
5.000000 -10.567653
5.000000 -10.577653
5.000000 -10.587653
5.000000 -10.597653
5.000000 -10.607653
5.000000 -10.617653
5.000000 -10.627653
5.000000 -10.637653
5.000000 -10.647653
5.000000 -10.657653
5.000000 -10.667653
5.000000 -10.677653
5.000000 -10.687653
5.000000 -10.697653
5.000000 -10.707653
-13.751356 -5.028822
-0.089992 -8.864265
-8.551356 -6.344483
-8.577114 -6.092495
-6.242455 -6.680063
-7.000000 -6.312280
-7.000000 -6.172280
-7.000000 -6.032280
-7.000000 -5.892280
-7.000000 -5.752280
-7.000000 -5.612280
-7.000000 -5.472280
-7.000000 -5.332280
-7.000000 -5.192280
-7.000000 -5.052280
-7.000000 -4.912280
-7.000000 -4.772280
-7.000000 -4.632280
-7.000000 -4.492280
-7.000000 -4.352280
-7.000000 -4.212280
-7.000000 -4.072280
-7.000000 -3.932280
-7.000000 -3.792280
-7.000000 -3.652280
-7.000000 -3.512280
-7.000000 -3.372280
-7.000000 -3.232280
-7.000000 -3.092280
-7.000000 -2.952280
-7.000000 -2.812280
-7.000000 -2.672280
-7.000000 -2.532280
-7.000000 -2.392280
-7.000000 -2.252280
-7.000000 -2.112280
-7.000000 -1.972280
-7.000000 -1.832280
-7.000000 -1.692280
-7.000000 -1.552280
-7.000000 -1.412280
-7.000000 -1.272280
-7.000000 -1.132280
-7.000000 -0.992280
-7.000000 -0.852280
-7.000000 -0.712280
-7.000000 -0.572280
-7.000000 -0.432280
-7.000000 -0.292280
-7.000000 -0.152280
-7.000000 -0.012280
-7.015983 0.128012
-6.980983 0.267692
-7.015983 0.407951
-6.992650 0.547845
-7.001400 0.687857
-7.000000 0.827860
-7.000000 0.967860
-7.000000 1.107860
-7.000000 1.247860
-7.000000 1.387860
-7.000000 1.527860
-7.000000 1.667860
-7.000000 1.807860
-7.000000 1.947860
-7.000000 2.087860
-7.000000 2.227860
-7.000000 2.367860
-7.000000 2.507860
-7.000000 2.647860
-7.000000 2.787860
-7.000000 2.927860
-7.000000 3.067860
-7.000000 3.207860
-7.000000 3.347860
-7.000000 3.487860
-7.000000 3.627860
-7.000000 3.767860
-7.000000 3.907860
-7.000000 4.047860
-7.000000 4.187860
-7.000000 4.327860
-7.000000 4.467860
-7.000000 4.607860
-7.000000 4.747860
-7.000000 4.887860
-7.000000 5.027860
-7.000000 5.167860
-7.000000 5.307860
-7.000000 5.447860
-7.000000 5.587860
-7.000000 5.727860
-7.000000 5.867860
-7.000000 6.007860
-7.000000 6.147860
-7.000000 6.287860
-7.000000 6.427860
-7.000000 6.567860
-7.000000 6.707860
-7.000000 6.847860
-7.000000 6.987860
3.181714 26.081409
50.618825 114.851891
-15.346174 -7.837880
41.466591 97.435529
11.243115 40.960580
15.811634 48.671392
14.779904 45.920667
13.900321 43.341513
13.146387 40.909023
12.497146 38.602540
11.935863 36.404780
11.449058 34.301166
11.025791 32.279310
10.657119 30.328608
10.335692 28.439915
10.055436 26.605291
9.811311 24.817792
9.599121 23.071304
9.415365 21.360404
9.257122 19.680243
9.121952 18.026456
9.007829 16.395078
8.913075 14.782476
8.836317 13.185292
8.776448 11.600389
8.732599 10.024810
8.704114 8.455732
8.690536 6.890435
8.691594 5.326262
8.707197 3.760589
4.372570 -12.618341
5.393336 -7.826626
5.986498 -7.247876
3.839695 -13.943486
5.361894 -8.747057
5.000000 -10.055168
5.000000 -10.065168
5.000000 -10.075168
5.000000 -10.085168
5.000000 -10.095168
5.000000 -10.105168
5.000000 -10.115168
5.000000 -10.125168
5.000000 -10.135168
5.000000 -10.145168
5.000000 -10.155168
5.000000 -10.165168
5.000000 -10.175168
5.000000 -10.185168
-7.000000 -4.300000
-7.000000 -4.160000
-7.000000 -4.020000
-7.000000 -3.880000
-7.000000 -3.740000
-7.000000 -3.600000
-7.000000 -3.460000
-7.000000 -3.320000
-7.000000 -3.180000
-7.000000 -3.040000
-7.000000 -2.900000
-7.000000 -2.760000
-7.000000 -2.620000
-7.000000 -2.480000
-7.000000 -2.340000
-7.000000 -2.200000
-7.000000 -2.060000
-7.000000 -1.920000
-7.000000 -1.780000
-7.000000 -1.640000
-7.000000 -1.500000
-7.000000 -1.360000
-7.000000 -1.220000
-7.000000 -1.080000
-7.000000 -0.940000
-7.000000 -0.800000
-7.000000 -0.660000
-7.000000 -0.520000
-7.000000 -0.380000
-7.000000 -0.240000
-7.000000 -0.100000
-7.015983 0.040091
-6.980983 0.180211
-7.015983 0.320031
-6.992650 0.460217
-7.001400 0.600120
-7.000000 0.740140
-7.000000 0.880140
-7.000000 1.020140
-7.000000 1.160140
-7.000000 1.300140
-7.000000 1.440140
-7.000000 1.580140
-7.000000 1.720140
-7.000000 1.860140
-7.000000 2.000140
-7.000000 2.140140
-7.000000 2.280140
-7.000000 2.420140
-7.000000 2.560140
-7.000000 2.700140
-7.000000 2.840140
-7.000000 2.980140
-7.000000 3.120140
-7.000000 3.260140
-7.000000 3.400140
-7.000000 3.540140
-7.000000 3.680140
-7.000000 3.820140
-7.000000 3.960140
-7.000000 4.100140
-7.000000 4.240140
-7.000000 4.380140
-7.000000 4.520140
-7.000000 4.660140
-7.000000 4.800140
-7.000000 4.940140
-7.000000 5.080140
-7.000000 5.220140
-7.000000 5.360140
-7.000000 5.500140
-7.000000 5.640140
-7.000000 5.780140
-7.000000 5.920140
-7.000000 6.060140
-7.000000 6.200140
-7.000000 6.340140
-7.000000 6.480140
-7.000000 6.620140
-7.000000 6.760140
-7.000000 6.900140
-7.000000 7.040140
-7.000000 7.180140
-7.000000 7.320140
-7.000000 7.460140
-7.000000 7.600140
-7.000000 7.740140
-7.000000 7.880140
-7.000000 8.020140
-7.000000 8.160140
65.415083 131.963624
-12.802568 0.666823
43.055125 94.552367
20.400305 56.806946
18.115278 52.170718
18.033391 51.273952
16.727600 48.148838
15.624849 45.239856
14.687650 42.513976
13.886813 39.944132
13.199362 37.507929
12.607030 35.186662
12.095163 32.964576
11.651918 30.828290
11.267657 28.766350
10.934492 26.768871
10.645935 24.827258
10.396635 22.933980
10.182165 21.082381
9.998862 19.266532
9.843698 17.481104
9.714182 15.721263
9.608278 13.982583
9.524348 12.260965
9.461095 10.552577
9.417535 8.853790
9.392963 7.161126
9.386937 5.471211
9.399264 3.780728
4.013386 -13.342265
5.756018 -6.938528
5.926470 -8.008560
3.735423 -13.598307
5.408170 -8.809938
5.000000 -10.055407
5.000000 -10.065407
5.000000 -10.075407
5.000000 -10.085407
5.000000 -10.095407
5.000000 -10.105407
5.000000 -10.115407
5.000000 -10.125407
5.000000 -10.135407
5.000000 -10.145407
5.000000 -10.155407
5.000000 -10.165407
5.000000 -10.175407
5.000000 -10.185407
5.000000 -10.195407
5.000000 -10.205407
5.000000 -10.215407
5.000000 -10.225407
5.000000 -10.235407
5.000000 -10.245407
5.000000 -10.255407
5.000000 -10.265407
5.000000 -10.275407
5.000000 -10.285407
5.000000 -10.295407
5.000000 -10.305407
5.000000 -10.315407
5.000000 -10.325407
5.000000 -10.335407
5.000000 -10.345407
5.000000 -10.355407
5.000000 -10.365407
5.000000 -10.375407
5.000000 -10.385407
5.000000 -10.395407
5.000000 -10.405407
5.000000 -10.415407
5.000000 -10.425407
5.000000 -10.435407
5.000000 -10.445407
5.000000 -10.455407
5.000000 -10.465407
5.000000 -10.475407
5.000000 -10.485407
5.000000 -10.495407
5.000000 -10.505407
5.000000 -10.515407
5.000000 -10.525407
5.000000 -10.535407
5.000000 -10.545407
5.000000 -10.555407
5.000000 -10.565407
5.000000 -10.575407
5.000000 -10.585407
5.000000 -10.595407
5.000000 -10.605407
5.000000 -10.615407
5.000000 -10.625407
5.000000 -10.635407
5.000000 -10.645407
5.000000 -10.655407
5.000000 -10.665407
5.000000 -10.675407
5.000000 -10.685407
5.000000 -10.695407
5.000000 -10.705407
5.000000 -10.715407
5.000000 -10.725407
5.000000 -10.735407
5.000000 -10.745407
5.000000 -10.755407
5.000000 -10.765407
5.000000 -10.775407
5.000000 -10.785407
5.000000 -10.795407
5.000000 -10.805407
5.000000 -10.815407
5.000000 -10.825407
5.000000 -10.835407
5.000000 -10.845407
5.000000 -10.855407
5.000000 -10.865407
5.000000 -10.875407
5.000000 -10.885407
5.000000 -10.895407
-8.206732 -8.803458
-6.686881 -8.753663
-3.006732 -9.365832
-11.126831 -7.846767
-5.756794 -8.572682
-7.000000 -8.238391
-7.000000 -8.098391
-7.000000 -7.958391
-7.000000 -7.818391
-7.000000 -7.678391
-7.000000 -7.538391
-7.000000 -7.398391
-7.000000 -7.258391
-7.000000 -7.118391
-7.000000 -6.978391
-7.000000 -6.838391
-7.000000 -6.698391
-7.000000 -6.558391
-7.000000 -6.418391
-7.000000 -6.278391
-7.000000 -6.138391
-7.000000 -5.998391
-7.000000 -5.858391
-7.000000 -5.718391
-7.000000 -5.578391
-7.000000 -5.438391
-7.000000 -5.298391
-7.000000 -5.158391
-7.000000 -5.018391
-7.000000 -4.878391
-7.000000 -4.738391
-7.000000 -4.598391
-7.000000 -4.458391
-7.000000 -4.318391
-7.000000 -4.178391
-7.000000 -4.038391
-7.000000 -3.898391
