44.894203 122.998755 48.996372
52.596334 128.614346 61.134929
60.104595 134.237820 75.559814
67.409895 139.263081 92.551389
74.439565 142.939451 112.325497
81.048418 144.348153 134.976902
87.009126 142.394852 160.400366
92.004090 135.831680 188.189966
95.622313 123.326118 217.523930
97.366136 103.595343 247.053379
96.673883 75.619282 274.828378
92.964388 38.929030 298.310107
85.707156 -6.063617 314.525581
74.516276 -57.771979 320.408536
59.257121 -113.290889 313.324978
40.144176 -168.527479 291.704170
17.800473 -218.680038 255.609435
-6.749928 -259.023497 207.036805
-32.171408 -285.817890 149.773198
-56.979056 -297.063485 88.788362
-79.739356 -292.851498 29.317766
-99.260549 -275.205233 -24.081559
-114.727925 -247.498042 -68.223377
-125.759126 -213.670915 -101.575161
-132.380225 -177.497046 -124.137644
-134.943824 -142.066867 -137.051278
-134.019441 -109.552354 -142.103477
-130.284097 -81.211631 -141.281732
-124.431855 -57.544860 -136.452519
-117.110327 -38.509588 -129.182037
-484.596637 179.690987 -208.455489
130.536250 -139.090263 -69.021201
-323.600337 102.459282 -166.836419
-44.054648 -46.354308 -100.728107
-80.693012 -37.210237 -103.612701
-72.221312 -53.329321 -94.239812
-69.662169 -69.451527 -84.291234
-71.729908 -86.179106 -73.177502
-77.517174 -104.075443 -60.232845
-86.456710 -123.547520 -44.647570
-98.193043 -144.784999 -25.405737
-112.465181 -167.653330 -1.237116
-128.983697 -191.519799 29.398452
-147.284807 -214.994977 68.253643
-166.545739 -235.589200 117.089976
-185.354819 -249.332321 177.216456
-201.455033 -250.509732 248.638532
-211.533771 -231.843356 328.745283
-211.220104 -185.643888 410.716002
-195.548608 -106.468135 482.377460
-160.155894 4.790503 526.951212
-103.214338 136.989849 527.247132
-27.475089 268.356024 473.150169
58.885100 372.487112 368.671491
143.787318 429.032945 232.752760
214.885712 432.135254 91.759150
263.401100 390.823216 -31.226471
286.152862 322.624030 -123.212369
285.259640 245.871779 -182.003993
266.302116 174.432306 -212.965392
236.072512 115.767783 -224.561718
200.780865 71.800172 -224.733035
165.116003 41.113672 -219.167491
132.076181 20.992627 -211.231954
103.237563 8.640267 -202.639185
79.157683 1.686380 -194.144523
59.748519 -1.694500 -186.022508
44.563639 -2.824695 -178.333996
-8.924426 21.300071 -65.029060
41.954026 -8.431437 -168.015599
-2.601255 10.942216 -83.087367
13.910099 1.265910 -107.156359
12.079851 -0.327741 -105.720480
9.942675 -0.923868 -100.679590
8.866765 -1.740342 -97.939822
7.829010 -2.285699 -95.285863
6.849475 -2.603000 -92.715434
5.942361 -2.732207 -90.225307
5.116897 -2.709397 -87.811755
4.378208 -2.566367 -85.470886
3.728116 -2.330507 -83.198866
3.165874 -2.024893 -80.992061
2.688809 -1.668523 -78.847112
2.292882 -1.276637 -76.760963
1.973150 -0.861108 -74.730848
1.724161 -0.430832 -72.754272
1.540260 0.007864 -70.828973
1.415840 0.450849 -68.952880
1.345524 0.895838 -67.124073
1.324307 1.342075 -65.340745
1.347650 1.790068 -63.601167
1.411548 2.241348 -61.903658
1.512562 2.698286 -60.246553
1.647841 3.163929 -58.628181
1.815123 3.641886 -57.046840
2.012729 4.136232 -55.500772
2.239546 4.651448 -53.988138
2.495012 5.192380 -52.506996
2.779096 5.764217 -51.055266
3.092281 6.372493 -49.630703
3.435547 7.023096 -48.230856
3.810359 7.722293 -46.853022
4.218660 8.476768 -45.494199
4.662864 9.293656 -44.151016
5.145860 10.180600 -42.819664
5.671015 11.145801 -41.495804
6.242186 12.198071 -40.174464
6.863731 13.346891 -38.849904
7.540534 14.602460 -37.515475
8.278018 15.975749 -36.163429
9.082174 17.478529 -34.784708
9.959583 19.123393 -33.368683
10.917437 20.923757 -31.902853
11.963561 22.893816 -30.372483
13.106417 25.048458 -28.760177
14.355109 27.403119 -27.045378
15.719359 29.973533 -25.203792
17.209464 32.775381 -23.206708
18.836208 35.823770 -21.020238
20.610731 39.132505 -18.604445
22.544326 42.713097 -15.912389
24.648141 46.573413 -12.889102
26.932766 50.715881 -9.470526
29.407658 55.135140 -5.582490
32.080368 59.814989 -1.139830
34.955507 64.724500 3.954171
38.033401 69.813146 9.807783
41.308349 75.004813 16.539893
44.766428 80.190637 24.277656
48.382764 85.220707 33.152059
52.118229 89.894902 43.290564
55.915566 93.953474 54.805848
59.695008 97.068483 67.779526
63.349618 98.837922 82.239887
66.740750 98.785254 98.132998
69.694298 96.368103 115.287498
71.998769 91.000694 133.375003
73.406531 82.095005 151.870534
73.639937 69.124662 170.020768
72.404116 51.712738 186.831512
69.407901 29.738931 201.088694
64.393417 3.453119 211.427221
57.173077 -26.427675 216.457034
47.670242 -58.670102 214.943782
35.957042 -91.555639 206.023332
22.280774 -123.014160 189.409206
7.070075 -150.858081 165.538516
-9.085377 -173.082700 135.604459
-25.482535 -188.169353 101.446834
-41.374063 -195.316785 65.311582
-56.046858 -194.541205 29.531223
-68.895192 -186.623094 -3.797359
-79.475189 -172.923527 -33.063870
-87.532517 -155.126330 -57.277534
-93.002053 -134.973146 -76.073717
-95.984349 -114.046585 -89.619650
-96.707352 -93.631422 -98.462895
-95.482558 -74.657234 -103.367100
-92.663237 -57.706850 -105.168228
-88.609660 -43.066659 -104.668630
-83.663492 -30.795521 -102.572197
-78.131337 -20.794844 -99.454774
-72.276140 -12.869511 -95.760091
-66.314562 -6.775372 -91.811361
-60.418460 -2.253075 -87.830528
-88.695791 18.726484 -97.507009
-170.553183 64.253762 -143.549610
24.542934 -40.136722 -66.651214
-125.390499 36.870971 -127.483591
-21.133472 -23.340161 -88.973440
-36.221468 -21.820421 -91.257594
-33.871599 -30.940519 -86.517584
-34.339772 -40.288994 -81.662054
-37.067837 -50.437099 -76.514950
-41.766909 -61.910130 -70.855621
-48.344277 -75.216387 -64.385551
-56.853912 -90.865235 -56.687909
-67.461647 -109.370023 -47.174102
-80.416833 -131.227832 -35.012019
-96.021534 -156.861473 -19.032046
-114.585716 -186.498878 2.388604
-136.351865 -219.950500 31.450578
-161.364728 -256.228427 71.025480
-189.252462 -292.941045 124.619752
-218.879609 -325.422710 196.010311
-247.845194 -345.684220 288.207140
-271.864503 -341.610631 401.279305
-284.245428 -297.490452 528.746292
-275.987613 -197.744986 653.229218
-237.377182 -35.552773 744.379732
-161.811982 175.266345 764.693391
-51.146320 393.867192 686.942485
80.799283 563.882029 515.543275
210.876633 642.279358 291.631229
315.504053 622.353171 71.484289
379.737579 530.117882 -102.502668
400.637846 403.898505 -213.810438
385.022328 277.608537 -267.364228
344.813546 172.587984 -280.018624
292.405158 96.159213 -270.620041
237.582326 45.897724 -253.043298
-76.337225 181.155751 -84.296483
275.571924 -36.856731 -258.709186
-35.799483 90.537884 -97.282516
100.392653 7.026264 -156.025144
71.682125 -3.802373 -137.817102
61.754530 -16.800886 -128.646946
53.729936 -27.631685 -121.702041
45.585241 -35.489486 -115.836913
37.595661 -40.769610 -111.027767
29.972906 -43.858792 -107.166797
22.872602 -45.124636 -104.099486
16.401756 -44.909765 -101.653950
10.625944 -43.528290 -99.662132
5.576090 -41.263402 -97.973561
1.254792 -38.365693 -96.462864
-2.357827 -35.052198 -95.032450
-5.298774 -31.506276 -93.611729
-7.617384 -27.878422 -92.154142
-9.371095 -24.287981 -90.633033
-10.621828 -20.825658 -89.037174
-11.432980 -17.556609 -87.366477
-11.867019 -14.523892 -85.628236
-11.983643 -11.752044 -83.834064
-11.838447 -9.250582 -81.997547
-11.482052 -7.017274 -80.132564
-10.959598 -5.041083 -78.252185
-10.310560 -3.304708 -76.368023
-9.568795 -1.786719 -74.489917
-8.762768 -0.463291 -72.625866
-7.915912 0.690446 -70.782107
-7.047051 1.699386 -68.963282
-6.170883 2.587707 -67.172648
-5.298458 3.378384 -65.412288
-4.437661 4.092882 -63.683313
-3.593664 4.751015 -61.986038
-2.769341 5.370909 -60.320125
-1.965647 5.969066 -58.684698
-1.181953 6.560474 -57.078426
-0.416327 7.158773 -55.499573
0.334217 7.776433 -53.946035
1.073521 8.424952 -52.415339
1.806114 9.115058 -50.904635
2.537089 9.856900 -49.410663
3.271996 10.660242 -47.929700
4.016778 11.534633 -46.457493
4.777714 12.489574 -44.989171
5.561396 13.534660 -43.519137
6.374711 14.679711 -42.040935
7.224839 15.934875 -40.547093
8.119264 17.310714 -39.028938
9.065783 18.818259 -37.476369
10.072526 20.469035 -35.877598
11.147969 22.275042 -34.218843
12.300944 24.248686 -32.483969
13.540638 26.402644 -30.654072
14.876573 28.749648 -28.706996
16.318568 31.302153 -26.616789
17.876662 34.071874 -24.353085
19.560990 37.069139 -21.880414
21.381606 40.302010 -19.157463
23.348217 43.775123 -16.136294
25.469824 47.488154 -12.761556
27.754221 51.433848 -8.969758
30.207335 55.595493 -4.688701
32.832357 59.943756 0.162821
35.628616 64.432760 5.674808
38.590151 68.995351 11.945096
41.703926 73.537497 19.077242
44.947641 77.931913 27.176788
48.287117 82.011109 36.345291
51.673259 85.560362 46.671402
55.038663 88.311425 58.218261
58.294043 89.938322 71.006507
61.324765 90.057145 84.992519
63.987994 88.232485 100.042123
66.111170 83.993677 115.901086
67.492792 76.864300 132.165378
67.906695 66.407827 148.256400
67.111107 52.290564 163.408802
64.863583 34.359466 176.680573
60.942365 12.727081 186.995576
55.173574 -12.150748 193.226160
47.462059 -39.424842 194.316747
37.821788 -67.853317 189.438082
26.400048 -95.871709 178.148345
13.488986 -121.738509 160.525915
-0.480952 -143.741794 137.235384
-14.968199 -160.431016 109.498060
-29.365930 -170.823892 78.960493
-43.060012 -174.539345 47.482989
-55.489146 -171.825410 16.893713
-66.196650 -163.479789 -11.236903
-74.865523 -150.689113 -35.755674
-81.332667 -134.830482 -55.996506
-85.582926 -117.280728 -71.762865
-87.727351 -99.267431 -83.245191
-87.972099 -81.777804 -90.904622
-86.584447 -65.524568 -95.352726
-83.861076 -50.956567 -97.248339
-80.101875 -38.297393 -97.221998
-75.590622 -27.596364 -95.829435
-70.582459 -18.780134 -93.529891
-65.297199 -11.697979 -90.682568
-59.917146 -6.157703 -87.554466
-54.588052 -1.951846 -84.334053
-49.422065 1.124635 -81.146804
-44.501728 3.263470 -78.070164
-39.884383 4.637157 -75.146613
-50.375421 13.107491 -80.593743
-121.233773 49.786308 -134.430951
25.627730 -29.086040 -55.180458
-85.666746 27.349355 -117.845966
-12.042279 -15.584336 -81.216991
-23.084954 -14.227652 -83.977888
-21.717382 -20.441086 -80.223096
-22.212193 -26.812709 -76.487157
-24.208846 -33.770137 -72.689752
-27.534483 -41.708778 -68.729377
-32.154230 -51.022117 -64.466970
-38.140225 -62.125774 -59.705253
-45.653329 -75.475591 -54.160051
-54.932825 -91.578286 -47.419252
-66.289870 -110.990473 -38.884082
-80.099924 -134.297068 -27.686215
-96.787422 -162.052309 -12.574184
-116.792003 -194.653760 8.234372
-140.498620 -232.100284 37.226479
-168.103024 -273.559038 77.755159
-199.369463 -316.642911 134.081805
-233.224015 -356.310648 211.060851
-267.132202 -383.432614 313.014978
-296.278224 -383.486615 441.122237
-312.778540 -336.768387 588.725725
-305.608200 -222.785381 735.205424
-262.477821 -31.663069 842.417369
-174.844069 219.159940 862.023291
-45.200102 475.739649 759.894897
108.254888 664.926487 546.015720
255.892801 736.124916 278.574476
369.326905 689.831466 29.433227
432.781845 565.466399 -154.525600
445.658446 411.523839 -260.744849
418.360477 266.940900 -301.043660
366.146773 153.469534 -299.123238
303.564165 75.530091 -278.190319
-105.101858 250.188594 -96.582927
366.058079 -46.617956 -286.816921
-51.791443 123.494727 -102.439241
135.085246 7.369236 -169.340595
93.130993 -7.186556 -143.831138
80.716582 -26.569672 -131.619328
69.713250 -42.238236 -122.116524
58.475092 -53.673844 -114.564460
47.400875 -61.419410 -108.904433
36.800763 -65.995519 -104.916994
26.907159 -67.895760 -102.293770
17.884691 -67.586642 -100.694645
9.839248 -65.507141 -99.789761
2.826294 -62.066151 -99.287275
-3.141267 -57.638076 -98.948739
-8.085516 -52.557749 -98.594477
-12.056194 -47.115992 -98.101579
-15.123736 -41.556853 -97.397064
-17.372804 -36.077023 -96.448474
-18.896486 -30.827484 -95.253718
-19.791309 -25.917049 -93.831458
-20.153121 -21.417271 -92.212833
-20.073884 -17.368133 -90.434887
-19.639327 -13.783967 -88.535744
-18.927377 -10.659182 -86.551385
-18.007264 -7.973496 -84.513739
-16.939176 -5.696482 -82.449784
-15.774342 -3.791376 -80.381377
-14.555439 -2.218120 -78.325539
-13.317208 -0.935721 -76.295004
-12.087213 0.096014 -74.298892
-10.886655 0.915263 -72.343391
-9.731220 1.557397 -70.432391
-8.631887 2.054535 -68.568047
-7.595701 2.435348 -66.751237
-6.626475 2.725060 -64.981943
-5.725422 2.945585 -63.259533
-4.891703 3.115754 -61.582976
-4.122906 3.251599 -59.951002
-3.415447 3.366662 -58.362206
-2.764899 3.472318 -56.815121
-2.166267 3.578092 -55.308262
-1.614203 3.691961 -53.840150
-1.103172 3.820632 -52.409324
-0.627577 3.969806 -51.014338
-0.181851 4.144405 -49.653758
0.239480 4.348781 -48.326149
0.641768 4.586906 -47.030061
1.030219 4.862529 -45.764012
1.409895 5.179322 -44.526467
1.785729 5.541011 -43.315814
2.162545 5.951486 -42.130340
2.545091 6.414909 -40.968197
2.938075 6.935802 -39.827369
3.346212 7.519138 -38.705629
3.774261 8.170425 -37.600487
4.227087 8.895782 -36.509135
4.709703 9.702018 -35.428370
5.227331 10.596710 -34.354514
5.785457 11.588278 -33.283303
6.389891 12.686063 -32.209772
7.046826 13.900397 -31.128094
7.762898 15.242678 -30.031406
8.545254 16.725435 -28.911585
9.401607 18.362383 -27.758986
10.340302 20.168462 -26.562120
11.370370 22.159850 -25.307274
12.501583 24.353941 -23.978049
13.744493 26.769268 -22.554814
15.110461 29.425347 -21.014050
16.611662 32.342415 -19.327582
18.261057 35.541024 -17.461669
20.072322 39.041430 -15.375955
22.059707 42.862711 -13.022263
24.237821 47.021529 -10.343231
26.621279 51.530413 -7.270823
29.224212 56.395425 -3.724743
32.059542 61.613036 0.389156
35.138001 67.165992 5.180308
38.466785 73.017955 10.774497
42.047750 79.106651 17.314158
45.875057 85.335315 24.957387
49.932133 91.562280 33.874888
54.187840 97.588761 44.243796
58.591776 103.145202 56.237047
63.068685 107.877160 70.006611
67.512111 111.332558 85.658814
71.777623 112.953422 103.220053
75.676294 112.076767 122.591988
78.969597 107.951135 143.497021
81.367414 99.776647 165.417951
82.531535 86.776710 187.540491
82.087412 68.307084 208.713479
79.647003 44.001405 227.447858
74.844572 13.940314 241.979097
67.385227 -21.185203 250.414430
57.102260 -59.962575 250.971690
44.014875 -100.253861 242.289027
28.373606 -139.345528 223.749391
10.679062 -174.263727 195.733928
-8.337651 -202.212664 159.713108
-27.776548 -221.038962 118.116743
-46.664943 -229.597772 73.989565
-64.070142 -227.916516 30.512233
-79.205236 -217.115443 -9.486013
-91.506743 -199.122454 -43.899653
-100.671488 -176.277558 -71.528729
-106.651549 -150.938259 -92.062208
-109.615863 -125.172801 -105.911142
-109.892396 -100.582477 -113.966822
-107.905164 -78.249580 -117.355333
-104.117130 -58.778810 -117.236845
-98.985311 -42.390730 -114.670050
-92.930074 -29.031177 -110.540074
-86.317504 -18.472558 -105.535963
-94.145874 -2.786847 -104.682960
-303.352395 117.219542 -174.112221
74.822246 -82.557447 -63.999743
-207.566056 65.873620 -146.038747
-28.657470 -33.459954 -95.044210
-53.659544 -28.473119 -98.145933
-49.085230 -40.774211 -91.873201
-48.635588 -53.217704 -85.308169
-51.427216 -66.487781 -78.126578
-56.949766 -81.195189 -69.938889
-64.958907 -97.890895 -60.236546
-75.396717 -117.062128 -48.332898
-88.327064 -139.098889 -33.293289
-103.873066 -164.213968 -13.853822
-122.141735 -192.291239 11.662676
-143.117153 -222.627408 45.406865
-166.498736 -253.527315 89.978053
-191.458354 -281.727993 148.193868
-216.297744 -301.696514 222.450058
-238.023574 -305.029915 313.391607
-251.950769 -280.541505 417.673538
-251.620681 -216.087938 525.044333
-229.540885 -103.325804 616.149534
-179.300143 54.679857 664.095172
-99.045299 236.643562 643.042694
5.119288 404.505156 542.678183
118.586657 517.926450 378.947574
222.379397 554.306851 189.372310
300.082094 518.018111 14.451221
343.114155 432.876310 -119.189339
351.757784 328.022456 -203.491548
332.831937 227.392068 -244.715032
296.093466 144.858046 -256.158393
250.997701 84.455755 -251.232666
21.264686 61.409776 6.341151
25.328527 66.590362 9.007001
29.541453 72.652400 12.309363
33.972068 79.572703 16.403589
38.679896 87.319326 21.476857
43.714871 95.839797 27.753368
49.115593 105.046027 35.498728
54.906117 114.794856 45.022412
61.090941 124.863225 56.676561
67.647816 134.917192 70.848343
74.517983 144.474750 87.941892
81.593563 152.863892 108.344426
88.702064 159.180145 132.369754
95.588639 162.252184 160.171902
101.897719 160.630623 191.622996
107.157354 152.623015 226.155161
110.771819 136.405651 262.578231
112.030634 110.245112 298.905820
110.144107 72.851777 332.250683
104.315261 23.853864 358.878525
93.853196 -35.681600 374.519188
78.321587 -102.835073 374.998304
57.698566 -172.744598 357.149434
32.505827 -239.039627 319.808345
3.855687 -294.853539 264.547198
-26.623784 -334.217492 195.788667
-56.990629 -353.401824 120.123100
-85.276595 -351.716753 44.981449
-109.784404 -331.484259 -22.891783
-129.315079 -297.242706 -78.650276
-143.274407 -254.536791 -119.907125
-151.652022 -208.731492 -146.609053
-154.904662 -164.173911 -160.431181
-153.793172 -123.820218 -163.994631
-149.219908 -89.262953 -160.163090
-251.097358 -3.338624 -173.009553
-423.738820 128.349130 -191.558957
28.162814 -109.494213 -102.303149
-321.436526 86.938279 -160.115346
-65.945296 -51.331485 -103.430539
-96.967508 -45.199960 -101.969415
-86.634693 -63.189107 -89.781068
-83.177731 -80.953101 -76.748025
-84.933433 -99.027078 -62.083822
-90.755764 -117.779596 -44.947825
-99.838667 -137.330910 -24.380073
-111.559577 -157.447042 0.731157
-125.330056 -177.390708 31.633915
-140.440045 -195.722002 69.615756
-155.886452 -210.065289 115.770321
-170.188501 -216.906026 170.555623
-181.216930 -211.562699 233.084278
-186.106494 -188.586497 300.171759
-181.376966 -142.911644 365.386917
-163.426343 -71.954352 418.706443
-129.509976 21.676534 447.684455
-79.092674 128.145627 440.814027
-15.065794 231.031380 392.463351
55.980894 311.821690 306.838835
125.008984 356.696082 197.841279
182.998985 361.580477 84.130983
223.466164 332.423249 -17.592534
243.851145 281.328495 -97.162257
245.414973 221.527715 -151.835867
232.059929 163.611616 -184.451179
208.788068 113.910020 -200.535788
180.397443 74.776606 -205.794707
150.716893 45.887121 -204.725126
122.369752 25.611676 -200.310657
96.881231 11.966678 -194.303657
74.931207 3.107855 -187.645190
56.623062 -2.482996 -180.806245
41.709831 -5.969456 -174.007936
29.762126 -8.199859 -167.346694
20.281948 -9.769173 -160.859702
12.773129 -11.082373 -154.556812
6.779948 -12.410248 -148.435004
1.904027 -13.934617 -142.484268
-2.192580 -15.782968 -136.689438
-5.792298 -18.053959 -131.030113
-9.131021 -20.835729 -125.479515
-12.408656 -24.218959 -120.002516
-15.799807 -28.306317 -114.552741
-19.463821 -33.219553 -109.068426
-23.553915 -39.105109 -103.466558
-28.225309 -46.138684 -97.634607
-33.642353 -54.528728 -91.418918
-39.984572 -64.518257 -84.608475
-47.451318 -76.383542 -76.912418
-56.264296 -90.426951 -67.929277
-66.666491 -106.959189 -57.105728
-78.914856 -126.263057 -43.683069
-93.262279 -148.526076 -26.631503
-109.921534 -173.722716 -4.577364
-128.999968 -201.418918 24.260141
-150.388879 -230.465144 62.083342
-173.587318 -258.548312 111.401489
-197.441372 -281.608655 174.644261
-219.797798 -293.234663 253.288764
-237.125338 -284.380773 346.267172
-244.273300 -244.121365 447.619344
-234.715970 -162.473003 544.029893
-201.775729 -35.954155 614.154315
-141.144762 125.460584 632.718616
-54.176088 294.881868 580.968342
49.939393 434.860744 459.248201
155.460919 513.639567 291.432810
245.202903 520.328134 114.751535
306.557016 466.913091 -37.604345
334.817323 378.170546 -147.601616
332.794879 279.737711 -213.082595
308.111076 190.467129 -242.608829
269.928604 119.761428 -248.755451
226.393622 69.100303 -242.672640
183.392662 35.607094 -231.708337
144.461275 15.127508 -219.693670
-11.275209 76.258701 -97.310394
117.294926 -1.279113 -188.559859
13.380137 30.853474 -116.328851
38.862641 13.922848 -123.555075
43.950321 -1.301935 -128.406521
34.925679 -5.362229 -119.808551
30.836963 -10.386197 -115.522448
26.728090 -14.018154 -111.571577
22.724196 -16.449570 -107.954883
18.920357 -17.869095 -104.649536
15.385080 -18.455568 -101.620082
12.163997 -18.373547 -98.825602
9.283541 -17.770697 -96.224887
6.754447 -16.776551 -93.779817
4.574994 -15.502270 -91.457264
2.733916 -14.041140 -89.229889
1.212969 -12.469594 -87.076151
-0.010870 -10.848589 -84.979822
-0.963549 -9.225205 -82.929235
-1.672424 -7.634360 -80.916424
-2.165054 -6.100527 -78.936282
-2.468263 -4.639413 -76.985795
-2.607462 -3.259520 -75.063382
-2.606159 -1.963566 -73.168374
-2.485656 -0.749747 -71.300602
-2.264882 0.387181 -69.460090
-1.960339 1.454984 -67.646839
-1.586125 2.463206 -65.860683
-1.154029 3.422563 -64.101182
-0.673662 4.344481 -62.367567
-0.152610 5.240748 -60.658695
0.403389 6.123263 -58.973022
0.990274 7.003876 -57.308579
1.605493 7.894282 -55.662945
2.247839 8.805983 -54.033216
2.917305 9.750283 -52.415961
3.614954 10.738308 -50.807166
4.342795 11.781060 -49.202165
5.103694 12.889465 -47.595547
5.901280 14.074443 -45.981051
6.739878 15.346959 -44.351427
7.624450 16.718074 -42.698282
8.560545 18.198977 -41.011885
9.554254 19.800988 -39.280946
10.612170 21.535532 -37.492358
11.741351 23.414061 -35.630889
12.949266 25.447921 -33.678838
14.243743 27.648142 -31.615641
15.632884 30.025128 -29.417420
17.124965 32.588223 -27.056496
18.728290 35.345123 -24.500846
20.450991 38.301082 -21.713542
22.300771 41.457884 -18.652173
24.284547 44.812506 -15.268292
26.407991 48.355420 -11.506954
28.674930 52.068461 -7.306411
31.086576 55.922191 -2.598089
33.640550 59.872704 2.692984
36.329673 63.857822 8.647085
39.140471 67.792705 15.347743
42.051386 71.564945 22.878353
45.030672 75.029378 31.317029
48.033996 78.003003 40.729183
51.001822 80.260684 51.157328
53.856703 81.532658 62.607691
56.500747 81.505274 75.033444
58.813615 79.826842 88.314852
60.651613 76.120799 102.237409
61.848558 70.008531 116.470187
62.219296 61.143717 130.548082
61.566733 49.258863 143.863242
59.693161 34.222302 155.672271
56.416248 16.100459 165.126104
51.589311 -4.784132 171.327892
45.124443 -27.812595 173.420019
37.015784 -52.062862 170.694396
27.359027 -76.349822 162.711404
16.362690 -99.318780 149.404909
4.347026 -119.586146 131.147112
-8.271868 -135.906899 108.750957
-21.012398 -147.337040 83.400105
-33.368718 -153.356148 56.514420
-44.856641 -153.922907 29.576393
-55.056712 -149.453109 3.954402
-63.647630 -140.729262 -19.241881
-70.425552 -128.766556 -39.249554
-75.307952 -114.666597 -55.676158
-78.323786 -99.487347 -68.466971
-79.593811 -84.147887 -77.834294
-79.305695 -69.374674 -84.170258
-77.688302 -55.685874 -87.961722
-74.988383 -43.404273 -89.719538
-71.451657 -32.687456 -89.927681
-67.308965 -23.565133 -89.012293
-62.767335 -15.976251 -87.327453
-58.005236 -9.801514 -85.153118
-53.171062 -4.889424 -82.700783
-48.383918 -1.075597 -80.123168
-43.735870 1.803866 -77.525295
-39.295009 3.903858 -74.975254
-35.108852 5.365370 -72.513740
-31.207751 6.313200 -70.161970
-27.608104 6.855392 -67.927938
-24.315259 7.083784 -65.811142
-21.326052 7.075189 -63.806026
-18.630978 6.892909 -61.904387
-16.215999 6.588363 -60.096974
-14.064030 6.202708 -58.374510
-12.156129 5.768372 -56.728281
-10.472435 5.310454 -55.150445
-8.992893 4.847980 -53.634143
-7.697792 4.395007 -52.173497
-6.568164 3.961572 -50.763539
-5.586048 3.554514 -49.400105
-4.734669 3.178156 -48.079726
-3.998538 2.834883 -46.799506
-3.363483 2.525617 -45.557024
-2.816649 2.250206 -44.350240
-2.346460 2.007735 -43.177422
-1.942551 1.796778 -42.037077
-1.595700 1.615594 -40.927903
-1.297735 1.462280 -39.848747
-1.041445 1.334890 -38.798573
-0.820491 1.231516 -37.776437
-0.629312 1.150359 -36.781465
-0.463042 1.089767 -35.812844
-0.317426 1.048271 -34.869804
-0.188744 1.024603 -33.951613
-0.073742 1.017708 -33.057571
0.030437 1.026749 -32.187004
0.126308 1.051114 -31.339256
0.216098 1.090410 -30.513692
0.301798 1.144467 -29.709693
0.385202 1.213338 -28.926650
0.467950 1.297295 -28.163965
0.551561 1.396834 -27.421051
0.637471 1.512676 -26.697321
0.727055 1.645775 -25.992195
0.821662 1.797323 -25.305090
0.922637 1.968763 -24.635419
1.031349 2.161803 -23.982584
1.149209 2.378432 -23.345976
1.277702 2.620945 -22.724961
1.418401 2.891961 -22.118879
1.572999 3.194459 -21.527028
1.743330 3.531811 -20.948658
1.931393 3.907818 -20.382951
2.139381 4.326755 -19.829007
2.369713 4.793427 -19.285821
2.625061 5.313219 -18.752252
2.908384 5.892163 -18.226994
3.222971 6.537008 -17.708532
3.572475 7.255304 -17.195089
3.960966 8.055481 -16.684564
4.392971 8.946956 -16.174453
4.873537 9.940233 -15.661749
5.408287 11.047019 -15.142820
6.003486 12.280352 -14.613260
6.666113 13.654733 -14.067703
7.403940 15.186262 -13.499590
8.225615 16.892787 -12.900883
9.140749 18.794043 -12.261712
10.160017 20.911787 -11.569937
11.295249 23.269915 -10.810610
12.559531 25.894542 -9.965312
13.967297 28.814032 -9.011335
15.534413 32.058932 -7.920688
17.278242 35.661785 -6.658879
19.217672 39.656745 -5.183447
21.373098 44.078910 -3.442193
23.766318 48.963274 -1.371072
26.420318 54.343123 1.108270
29.358891 60.247668 4.091346
32.606016 66.698655 7.694020
36.184910 73.705575 12.055948
40.116632 81.259046 17.344071
44.418080 89.321801 23.755771
49.099175 97.816688 31.521037
54.159005 106.610999 40.902627
59.580642 115.496596 52.192629
65.324346 124.165563 65.703134
71.318898 132.181871 81.747882
77.450929 138.950825 100.610795
83.552404 143.690326 122.496688
89.386936 145.411319 147.459513
94.636439 142.919367 175.305343
98.890901 134.854419 205.472105
101.645610 119.790000 236.897422
102.311824 96.412781 267.900603
100.247935 63.793746 296.123409
94.817488 21.737361 318.590937
85.476645 -28.846811 331.956751
71.885637 -85.656913 332.969250
54.027091 -144.939988 319.127681
32.302094 -201.792683 289.395287
7.568931 -250.861406 244.745627
-18.903737 -287.323916 188.301340
-45.575629 -307.878956 124.929155
-70.841533 -311.415882 60.357312
-93.256594 -299.136836 0.080818
-111.723803 -274.116752 -51.598875
-125.601765 -240.493920 -92.132222
-134.719037 -202.581511 -120.791698
-139.309388 -164.153363 -138.345982
-139.899565 -128.035616 -146.528681
-137.184125 -96.004837 -147.493561
-131.914044 -68.907127 -143.384810
-124.813420 -46.886971 -136.070450
-490.877509 173.727406 -209.120865
96.497220 -126.140350 -80.018559
-313.689350 91.535690 -164.072084
-66.185771 -37.744738 -105.818216
-83.260106 -39.105323 -104.107250
-76.988504 -53.933956 -94.848315
-73.479070 -70.554953 -84.236799
-74.933821 -87.648803 -72.419093
-80.328081 -105.756930 -58.690716
-88.998728 -125.248511 -42.213082
-100.505640 -146.250962 -21.954094
-114.504732 -168.535887 3.350561
-130.616318 -191.340931 35.195079
-148.272433 -213.115036 75.216954
-166.530100 -231.197087 124.952348
-183.849346 -241.493109 185.328679
-197.863514 -238.325403 255.786575
-205.225152 -214.790278 333.013059
-201.693277 -164.107672 409.550823
-182.701482 -82.348472 473.079379
-144.607009 27.787845 507.717954
-86.516797 153.931222 498.508787
-11.991446 274.773513 438.343050
70.568698 366.478603 333.497527
149.709229 412.285288 202.982313
214.354786 409.027458 71.009215
257.091750 366.396593 -42.305322
275.695103 300.850179 -126.286111
272.626263 228.885523 -179.802803
253.274040 162.624947 -208.144800
223.930832 108.390729 -219.033578
190.241877 67.663214 -219.538950
156.428673 39.065205 -214.699075
125.176128 20.119171 -207.524003
97.886740 8.287353 -199.582687
75.044557 1.410920 -191.599638
56.550129 -2.182420 -183.864884
41.979195 -3.711680 -176.467533
30.762902 -4.022481 -169.414309
22.303136 -3.673873 -162.684251
16.039424 -3.016394 -156.251301
11.482191 -2.255878 -150.092040
0.040197 2.942486 -73.851823
7.359322 -1.347920 -117.956593
1.551625 1.013311 -89.446362
1.995489 0.623126 -80.987532
2.991727 -0.288206 -90.740839
2.232594 -0.146995 -84.833876
2.002201 -0.221319 -82.597217
1.788665 -0.255469 -80.419952
1.593845 -0.256715 -78.300481
1.418778 -0.231388 -76.237224
1.263845 -0.184888 -74.228626
1.128919 -0.121722 -72.273170
1.013499 -0.045566 -70.369381
0.916816 0.040660 -68.515827
0.837934 0.134718 -66.711117
0.775820 0.234961 -64.953902
0.729407 0.340268 -63.242876
0.697649 0.449963 -61.576768
0.679551 0.563754 -59.954343
0.674202 0.681676 -58.374398
0.680796 0.804043 -56.835762
0.698643 0.931406 -55.337289
0.727184 1.064526 -53.877858
0.765992 1.204340 -52.456373
0.814781 1.351955 -51.071752
0.873401 1.508627 -49.722933
0.941847 1.675760 -48.408865
1.020252 1.854904 -47.128506
1.108893 2.047761 -45.880820
1.208190 2.256191 -44.664771
1.318706 2.482227 -43.479316
1.441157 2.728089 -42.323402
1.576408 2.996206 -41.195956
1.725486 3.289237 -40.095877
1.889585 3.610100 -39.022024
2.070077 3.962003 -37.973206
2.268524 4.348475 -36.948163
2.486692 4.773407 -35.945549
2.726568 5.241095 -34.963911
2.990382 5.756283 -34.001659
3.280626 6.324218 -33.057035
3.600079 6.950704 -32.128074
3.951839 7.642164 -31.212551
4.339354 8.405709 -30.307929
4.766455 9.249206 -29.411281
5.237398 10.181359 -28.519206
5.756904 11.211792 -27.627722
6.330212 12.351134 -26.732136
6.963122 13.611111 -25.826887
7.662059 15.004636 -24.905353
8.434124 16.545900 -23.959616
9.287158 18.250455 -22.980182
10.229805 20.135285 -21.955627
11.271574 22.218853 -20.872185
12.422898 24.521120 -19.713237
13.695189 27.063502 -18.458697
15.100877 29.868758 -17.084279
16.653429 32.960768 -15.560615
18.367346 36.364150 -13.852208
20.258102 40.103673 -11.916203
22.342029 44.203368 -9.700949
24.636108 48.685241 -7.144358
27.157626 53.567459 -4.172057
29.923672 58.861818 -0.695373
32.950384 64.570294 3.390755
36.251900 70.680399 8.209805
39.838879 77.159039 13.905364
43.716506 83.944538 20.642064
47.881821 90.936477 28.605141
52.320213 97.983099 37.997674
57.000939 104.866211 49.034205
61.871508 111.283899 61.928992
66.850900 116.832118 76.876727
71.821701 120.987300 94.023205
76.621523 123.093831 113.423507
81.034524 122.362426 134.986070
84.784447 117.887999 158.403177
87.531390 108.697835 183.072540
88.875403 93.841542 208.021215
88.370699 72.531232 231.851867
85.554302 44.331248 252.740527
79.991790 9.379682 268.520358
71.339732 -31.400039 276.881057
59.419226 -76.163490 275.691624
44.288543 -122.163043 263.413159
26.297120 -165.979507 239.516840
6.101503 -203.973344 204.782753
-15.371073 -232.879902 161.356497
-37.013402 -250.399206 112.499262
-57.669157 -255.607231 62.068876
-76.276419 -249.064701 13.868834
-91.991982 -232.603094 -28.951541
-104.271043 -208.875331 -64.292173
-112.891138 -180.820629 -91.223996
-117.924803 -151.189861 -109.863756
-119.676656 -122.225103 -121.092201
-118.604699 -95.518484 -126.222748
-115.243314 -72.021063 -126.705800
-110.139481 -52.146181 -123.914550
-103.807158 -35.911582 -119.021105
-96.699690 -23.079527 -112.948153
-337.687346 119.043824 -175.966828
16.094121 -61.037798 -88.683465
-193.200387 47.649019 -138.355829
-76.024239 -15.183976 -109.412713
-58.908854 -33.102016 -100.786434
-59.606872 -42.932443 -95.482464
-57.322402 -56.963610 -87.776458
-59.087093 -71.609253 -79.337107
-64.145699 -87.508738 -69.683953
-72.071788 -105.208207 -58.214851
-82.662815 -125.141976 -44.141603
-95.852304 -147.580044 -26.421852
-111.624251 -172.522001 -3.690633
-129.913011 -199.511895 25.791647
-150.469145 -227.344708 64.134443
-172.669954 -253.642953 113.675420
-195.257541 -274.322394 176.564347
-216.008249 -283.075803 253.876226
-231.393722 -271.226404 344.062977
-236.405822 -228.631196 440.776792
-224.877263 -146.541877 530.762747
-190.733444 -22.862479 593.651525
-130.397026 131.711051 606.265115
-45.751407 291.249556 552.426649
54.099268 421.153325 433.970689
154.281143 493.006181 273.860955
238.914185 497.694954 106.486180
296.512736 446.700366 -37.846741
322.897436 362.954515 -142.673873
