0.039995 -0.001800
0.039993 -0.002160
0.039990 -0.002520
0.039987 -0.002880
0.039984 -0.003240
0.039980 -0.003599
0.039976 -0.003959
0.039971 -0.004319
0.039966 -0.004679
0.039961 -0.005038
0.039955 -0.005398
0.039949 -0.005758
0.039942 -0.006117
0.039935 -0.006477
0.039928 -0.006836
0.039920 -0.007195
0.039912 -0.007554
0.039903 -0.007914
0.039894 -0.008273
0.039885 -0.008632
0.039875 -0.008991
0.039865 -0.009349
0.039854 -0.009708
0.039844 -0.010067
0.039832 -0.010425
0.039820 -0.010784
0.039808 -0.011142
0.039796 -0.011500
0.039783 -0.011858
0.039769 -0.012216
0.039756 -0.012574
0.039742 -0.012932
0.039727 -0.013290
0.039712 -0.013647
0.039697 -0.014004
0.039681 -0.014362
0.039665 -0.014719
0.039649 -0.015076
0.039632 -0.015432
0.039615 -0.015789
0.039597 -0.016145
0.039579 -0.016502
0.039561 -0.016858
0.039542 -0.017214
0.039523 -0.017570
0.039503 -0.017925
0.039483 -0.018281
0.039463 -0.018636
0.039442 -0.018991
0.039421 -0.019346
0.039400 -0.019701
0.039378 -0.020055
0.039356 -0.020409
0.039333 -0.020764
0.039310 -0.021117
0.039287 -0.021471
0.039263 -0.021825
0.039239 -0.022178
0.039214 -0.022531
0.039189 -0.022884
0.039164 -0.023236
0.039139 -0.023589
0.039113 -0.023941
0.039086 -0.024293
0.039059 -0.024644
0.039032 -0.024996
0.039005 -0.025347
0.038977 -0.025698
0.038949 -0.026049
0.038920 -0.026399
0.038891 -0.026749
0.038862 -0.027099
0.038832 -0.027449
0.038802 -0.027798
0.038772 -0.028147
0.038741 -0.028496
0.038710 -0.028844
0.038678 -0.029193
0.038646 -0.029541
0.038614 -0.029888
0.038582 -0.030236
0.038549 -0.030583
0.038515 -0.030929
0.038482 -0.031276
0.038448 -0.031622
0.038413 -0.031968
0.038379 -0.032314
0.038344 -0.032659
0.038308 -0.033004
0.038272 -0.033348
0.038236 -0.033693
0.038200 -0.034037
0.038163 -0.034380
0.038126 -0.034724
0.038088 -0.035067
0.038051 -0.035409
0.038012 -0.035751
0.037974 -0.036093
0.037935 -0.036435
0.037896 -0.036776
0.037856 -0.037117
0.037817 -0.037458
0.037776 -0.037798
0.037736 -0.038138
0.037695 -0.038477
0.037654 -0.038816
0.037612 -0.039155
0.037570 -0.039493
0.037528 -0.039831
0.037486 -0.040169
0.037443 -0.040506
0.037400 -0.040843
0.037356 -0.041179
0.037313 -0.041515
0.037269 -0.041851
0.037224 -0.042186
0.037179 -0.042521
0.037134 -0.042855
0.037089 -0.043189
0.037043 -0.043523
0.036997 -0.043856
0.036951 -0.044189
0.036904 -0.044521
0.036858 -0.044853
0.036810 -0.045184
0.036763 -0.045516
0.036715 -0.045846
0.036667 -0.046176
0.036618 -0.046506
0.036570 -0.046836
0.036521 -0.047164
0.036471 -0.047493
0.036422 -0.047821
0.036372 -0.048148
0.036322 -0.048476
0.036271 -0.048802
0.036220 -0.049128
0.036169 -0.049454
0.036118 -0.049780
0.036066 -0.050104
0.036014 -0.050429
0.035962 -0.050753
0.035910 -0.051076
0.035857 -0.051399
0.035804 -0.051721
0.035751 -0.052043
0.035697 -0.052365
0.035643 -0.052686
0.035589 -0.053007
0.035535 -0.053327
0.035480 -0.053646
0.035425 -0.053965
0.035370 -0.054284
0.035314 -0.054602
0.035259 -0.054919
0.035203 -0.055237
0.035146 -0.055553
0.035090 -0.055869
0.035033 -0.056185
0.034976 -0.056500
0.034919 -0.056814
0.034861 -0.057128
0.034804 -0.057442
0.034746 -0.057755
0.034687 -0.058067
0.034629 -0.058379
0.034570 -0.058691
0.034511 -0.059001
0.034452 -0.059312
0.034392 -0.059622
0.034333 -0.059931
0.034273 -0.060240
0.034213 -0.060548
0.034152 -0.060855
0.034092 -0.061162
0.034031 -0.061469
0.033970 -0.061775
0.033908 -0.062080
0.033847 -0.062385
0.033785 -0.062690
0.033723 -0.062993
0.033661 -0.063297
0.033598 -0.063599
0.033536 -0.063901
0.033473 -0.064203
0.033410 -0.064504
0.033347 -0.064804
0.033283 -0.065104
0.033219 -0.065403
0.033156 -0.065702
0.033092 -0.066000
0.033027 -0.066298
0.032963 -0.066595
0.032898 -0.066891
0.032833 -0.067187
0.032768 -0.067482
0.032703 -0.067777
0.032637 -0.068071
0.032572 -0.068364
0.032506 -0.068657
0.032440 -0.068949
0.032374 -0.069241
0.032307 -0.069532
0.032241 -0.069823
0.032174 -0.070112
0.032107 -0.070402
0.032040 -0.070690
0.031973 -0.070978
0.031905 -0.071266
0.031838 -0.071553
0.031770 -0.071839
0.031702 -0.072125
0.031634 -0.072410
0.031565 -0.072694
0.031497 -0.072978
0.031428 -0.073261
0.031360 -0.073543
0.031291 -0.073825
0.031222 -0.074107
0.031152 -0.074387
0.031083 -0.074667
0.031014 -0.074947
0.030944 -0.075226
0.030874 -0.075504
0.030804 -0.075781
0.030734 -0.076058
0.030664 -0.076335
0.030593 -0.076610
0.030523 -0.076885
0.030452 -0.077160
0.030381 -0.077433
0.030310 -0.077707
0.030239 -0.077979
0.030168 -0.078251
0.030097 -0.078522
0.030025 -0.078793
0.029954 -0.079062
0.029882 -0.079332
0.029810 -0.079600
0.029738 -0.079868
0.029666 -0.080136
0.029594 -0.080402
0.029522 -0.080668
0.029450 -0.080934
0.029377 -0.081198
0.029304 -0.081463
0.029232 -0.081726
0.029159 -0.081989
0.029086 -0.082251
0.029013 -0.082512
0.028940 -0.082773
0.028867 -0.083033
0.028793 -0.083293
0.028720 -0.083551
0.028647 -0.083810
0.028573 -0.084067
0.028499 -0.084324
0.028426 -0.084580
0.028352 -0.084836
0.028278 -0.085090
0.028204 -0.085345
0.028130 -0.085598
0.028056 -0.085851
0.027981 -0.086103
0.027907 -0.086355
0.027833 -0.086605
0.027758 -0.086856
0.027684 -0.087105
0.027609 -0.087354
0.027534 -0.087602
0.027460 -0.087849
0.027385 -0.088096
0.027310 -0.088342
0.027235 -0.088588
0.027160 -0.088833
0.027085 -0.089077
0.027010 -0.089320
0.026935 -0.089563
0.026860 -0.089805
0.026784 -0.090046
0.026709 -0.090287
0.026634 -0.090527
0.026558 -0.090766
0.026483 -0.091005
0.026407 -0.091243
0.026332 -0.091481
0.026256 -0.091717
0.026181 -0.091953
0.026105 -0.092188
0.026029 -0.092423
0.025954 -0.092657
0.025878 -0.092890
0.025802 -0.093123
0.025726 -0.093355
0.025651 -0.093586
0.025575 -0.093816
0.025499 -0.094046
0.025423 -0.094275
0.025347 -0.094504
0.025271 -0.094732
0.025195 -0.094959
0.025119 -0.095185
0.025044 -0.095411
0.024968 -0.095636
0.024892 -0.095860
0.024816 -0.096084
0.024740 -0.096307
0.024664 -0.096529
0.024588 -0.096751
0.024512 -0.096972
0.024436 -0.097192
0.024360 -0.097412
0.024284 -0.097631
0.024208 -0.097849
0.024132 -0.098066
0.024056 -0.098283
0.023980 -0.098499
0.023904 -0.098715
0.023828 -0.098930
0.023752 -0.099144
0.023676 -0.099357
0.023600 -0.099570
0.023524 -0.099782
0.023448 -0.099993
0.023372 -0.100204
0.023297 -0.100414
0.023221 -0.100623
0.023145 -0.100832
0.023069 -0.101040
0.022994 -0.101247
0.022918 -0.101454
0.022842 -0.101660
0.022767 -0.101865
0.022691 -0.102070
0.022615 -0.102273
0.022540 -0.102477
0.022464 -0.102679
0.022389 -0.102881
0.022313 -0.103082
0.022238 -0.103283
0.022163 -0.103482
0.022088 -0.103682
0.022012 -0.103880
0.021937 -0.104078
0.021862 -0.104275
0.021787 -0.104471
0.021712 -0.104667
0.021637 -0.104862
0.021562 -0.105056
0.021487 -0.105250
0.021412 -0.105443
0.021337 -0.105636
0.021263 -0.105827
0.021188 -0.106018
0.021113 -0.106209
0.021039 -0.106398
0.020964 -0.106587
0.020890 -0.106776
0.020816 -0.106963
0.020741 -0.107150
0.020667 -0.107337
0.020593 -0.107522
0.020519 -0.107707
0.020445 -0.107892
0.020371 -0.108075
0.020297 -0.108258
0.020224 -0.108441
0.020150 -0.108622
0.020076 -0.108803
0.020003 -0.108984
0.019929 -0.109164
0.019856 -0.109343
0.019783 -0.109521
0.019710 -0.109699
0.019637 -0.109876
0.019564 -0.110052
0.019491 -0.110228
0.019418 -0.110403
0.019345 -0.110577
0.019272 -0.110751
0.019200 -0.110924
0.019127 -0.111097
0.019055 -0.111269
0.018983 -0.111440
0.018911 -0.111610
0.018839 -0.111780
0.018767 -0.111949
0.018695 -0.112118
0.018623 -0.112286
0.018551 -0.112453
0.018480 -0.112620
0.018408 -0.112786
0.018337 -0.112951
0.018266 -0.113116
0.018194 -0.113280
0.018123 -0.113443
0.018053 -0.113606
0.017982 -0.113768
0.017911 -0.113930
0.017840 -0.114091
0.017770 -0.114251
0.017700 -0.114411
0.017629 -0.114570
0.017559 -0.114728
0.017489 -0.114886
0.017419 -0.115043
0.017350 -0.115199
0.017280 -0.115355
0.017210 -0.115510
0.017141 -0.115665
0.017072 -0.115819
0.017003 -0.115972
0.016934 -0.116125
0.016865 -0.116277
0.016796 -0.116428
0.016727 -0.116579
0.016659 -0.116729
0.016590 -0.116879
0.016522 -0.117028
0.016454 -0.117176
0.016386 -0.117324
0.016318 -0.117471
0.016251 -0.117618
0.016183 -0.117764
0.016116 -0.117909
0.016048 -0.118054
0.015981 -0.118198
0.015914 -0.118342
0.015847 -0.118485
0.015780 -0.118627
0.015714 -0.118769
0.015647 -0.118910
0.015581 -0.119050
0.015515 -0.119190
0.015449 -0.119330
0.015383 -0.119468
0.015317 -0.119606
0.015251 -0.119744
0.015186 -0.119881
0.015121 -0.120017
0.015056 -0.120153
0.014991 -0.120288
0.014926 -0.120423
0.014861 -0.120557
0.014796 -0.120690
0.014732 -0.120823
0.014668 -0.120956
0.014604 -0.121087
0.014540 -0.121219
0.014476 -0.121349
0.014412 -0.121479
0.014349 -0.121609
0.014285 -0.121737
0.014222 -0.121866
0.014159 -0.121993
0.014096 -0.122121
0.014034 -0.122247
0.013971 -0.122373
0.013909 -0.122499
0.013847 -0.122623
0.013785 -0.122748
0.013723 -0.122872
0.013661 -0.122995
0.013599 -0.123118
0.013538 -0.123240
0.013477 -0.123361
0.013416 -0.123482
0.013355 -0.123603
0.013294 -0.123723
0.013233 -0.123842
0.013173 -0.123961
0.013113 -0.124079
0.013053 -0.124197
0.012993 -0.124314
0.012933 -0.124431
0.012873 -0.124547
0.012814 -0.124662
0.012755 -0.124777
0.012696 -0.124892
0.012637 -0.125006
0.012578 -0.125119
0.012520 -0.125232
0.012461 -0.125345
0.012403 -0.125457
0.012345 -0.125568
0.012287 -0.125679
0.012230 -0.125789
0.012172 -0.125899
0.012115 -0.126008
0.012058 -0.126117
0.012001 -0.126225
0.011944 -0.126333
0.011887 -0.126440
0.011831 -0.126547
0.011775 -0.126653
0.011718 -0.126759
0.011663 -0.126864
0.011607 -0.126969
0.011551 -0.127073
0.011496 -0.127177
0.011441 -0.127280
0.011386 -0.127383
0.011331 -0.127485
0.011276 -0.127587
0.011222 -0.127688
0.011168 -0.127789
0.011113 -0.127889
0.011059 -0.127989
0.011006 -0.128088
0.010952 -0.128187
0.010899 -0.128285
0.010846 -0.128383
0.010793 -0.128480
0.010740 -0.128577
0.010687 -0.128674
0.010635 -0.128770
0.010582 -0.128865
0.010530 -0.128960
0.010478 -0.129055
0.010427 -0.129149
0.010375 -0.129242
0.010324 -0.129336
0.010273 -0.129428
0.010222 -0.129521
0.010171 -0.129612
0.010120 -0.129704
0.010070 -0.129794
0.010020 -0.129885
0.009970 -0.129975
0.009920 -0.130064
0.009870 -0.130153
0.009821 -0.130242
0.009771 -0.130330
0.009722 -0.130418
0.009673 -0.130505
0.009625 -0.130592
0.009576 -0.130678
0.009528 -0.130764
0.009480 -0.130850
0.009432 -0.130935
0.009384 -0.131020
0.009336 -0.131104
0.009289 -0.131188
0.009242 -0.131271
0.009195 -0.131354
0.009148 -0.131437
0.009101 -0.131519
0.009055 -0.131600
0.009008 -0.131682
0.008962 -0.131763
0.008916 -0.131843
0.008871 -0.131923
0.008825 -0.132003
0.008780 -0.132082
0.008735 -0.132161
0.008690 -0.132239
0.008645 -0.132317
0.008600 -0.132395
0.008556 -0.132472
0.008512 -0.132549
0.008468 -0.132625
0.008424 -0.132701
0.008381 -0.132777
0.008337 -0.132852
0.008294 -0.132927
0.008251 -0.133001
0.008208 -0.133075
0.008165 -0.133149
0.008123 -0.133222
0.008080 -0.133295
0.008038 -0.133368
0.007996 -0.133440
0.007955 -0.133512
0.007913 -0.133583
0.007872 -0.133654
0.007831 -0.133725
0.007790 -0.133795
0.007749 -0.133865
0.007708 -0.133935
0.007668 -0.134004
0.007628 -0.134073
0.007588 -0.134141
0.007548 -0.134209
0.007508 -0.134277
0.007469 -0.134344
0.007430 -0.134411
0.007391 -0.134478
0.007352 -0.134544
0.007313 -0.134610
0.007274 -0.134676
0.007236 -0.134741
0.007198 -0.134806
0.007160 -0.134871
0.007122 -0.134935
0.007085 -0.134999
0.007047 -0.135063
0.007010 -0.135126
0.006973 -0.135189
0.006936 -0.135252
0.006900 -0.135314
0.006863 -0.135376
0.006827 -0.135437
0.006791 -0.135499
0.006755 -0.135560
0.006719 -0.135620
0.006684 -0.135681
0.006648 -0.135741
0.006613 -0.135800
0.006578 -0.135860
0.006544 -0.135919
0.006509 -0.135977
0.006475 -0.136036
0.006440 -0.136094
0.006406 -0.136152
0.006372 -0.136209
0.006339 -0.136266
0.006305 -0.136323
0.006272 -0.136380
0.006239 -0.136436
0.006206 -0.136492
0.006173 -0.136548
0.006141 -0.136603
0.006108 -0.136658
0.006076 -0.136713
0.006044 -0.136768
0.006012 -0.136822
0.005980 -0.136876
0.005949 -0.136930
0.005918 -0.136983
0.005886 -0.137036
0.005856 -0.137089
0.005825 -0.137142
0.005794 -0.137194
0.005764 -0.137246
0.005734 -0.137298
0.005703 -0.137349
0.005674 -0.137400
0.005644 -0.137451
0.005614 -0.137502
0.005585 -0.137552
0.005556 -0.137602
0.005527 -0.137652
0.005498 -0.137702
0.005469 -0.137751
0.005441 -0.137800
0.005413 -0.137849
0.005385 -0.137898
0.005357 -0.137946
0.005329 -0.137994
0.005301 -0.138042
0.005274 -0.138090
0.005247 -0.138137
0.005220 -0.138184
0.005193 -0.138231
0.005166 -0.138278
0.005139 -0.138324
0.005113 -0.138370
0.005087 -0.138416
0.005061 -0.138462
0.005035 -0.138507
0.005009 -0.138552
0.004984 -0.138597
0.004958 -0.138642
0.004933 -0.138686
0.004908 -0.138731
0.004883 -0.138775
0.004859 -0.138819
0.004834 -0.138862
0.004810 -0.138906
0.004786 -0.138949
0.004762 -0.138992
0.004738 -0.139035
0.004714 -0.139077
0.004691 -0.139119
0.004667 -0.139162
0.004644 -0.139203
0.004621 -0.139245
0.004598 -0.139287
0.004576 -0.139328
0.004553 -0.139369
0.004531 -0.139410
0.004508 -0.139451
0.004486 -0.139491
0.004465 -0.139531
0.004443 -0.139571
0.004421 -0.139611
0.004400 -0.139651
0.004379 -0.139690
0.004358 -0.139730
0.004337 -0.139769
0.004316 -0.139808
0.004295 -0.139847
0.004275 -0.139885
0.004255 -0.139924
0.004234 -0.139962
0.004214 -0.140000
0.004195 -0.140038
0.004175 -0.140075
0.004155 -0.140113
0.004136 -0.140150
0.004117 -0.140187
0.004098 -0.140224
0.004079 -0.140261
0.004060 -0.140298
0.004042 -0.140334
0.004023 -0.140370
0.004005 -0.140406
0.003987 -0.140442
0.003969 -0.140478
0.003951 -0.140514
0.003933 -0.140549
0.003916 -0.140585
0.003898 -0.140620
0.003881 -0.140655
0.003864 -0.140690
0.003847 -0.140724
0.003830 -0.140759
0.003813 -0.140793
0.003797 -0.140828
0.003780 -0.140862
0.003764 -0.140896
0.003748 -0.140929
0.003732 -0.140963
0.003716 -0.140997
0.003701 -0.141030
0.003685 -0.141063
0.003670 -0.141096
0.003655 -0.141129
0.003640 -0.141162
0.003625 -0.141195
0.003610 -0.141227
0.003595 -0.141260
0.003581 -0.141292
0.003566 -0.141324
0.003552 -0.141356
0.003538 -0.141388
0.003524 -0.141420
0.003510 -0.141452
0.003496 -0.141483
0.003483 -0.141514
0.003469 -0.141546
0.003456 -0.141577
0.003443 -0.141608
0.003430 -0.141639
0.003417 -0.141670
0.003404 -0.141700
0.003391 -0.141731
0.003379 -0.141761
0.003366 -0.141792
0.003354 -0.141822
0.003342 -0.141852
0.003330 -0.141882
0.003318 -0.141912
0.003306 -0.141942
0.003294 -0.141972
0.003283 -0.142001
0.003272 -0.142031
0.003260 -0.142060
0.003249 -0.142089
0.003238 -0.142119
0.003227 -0.142148
0.003217 -0.142177
0.003206 -0.142206
0.003195 -0.142234
0.003185 -0.142263
0.003175 -0.142292
0.003164 -0.142320
0.003154 -0.142349
0.003144 -0.142377
0.003135 -0.142405
0.003125 -0.142433
0.003115 -0.142462
0.003106 -0.142490
0.003097 -0.142517
0.003087 -0.142545
0.003078 -0.142573
0.003069 -0.142601
0.003060 -0.142628
0.003052 -0.142656
0.003043 -0.142683
0.003034 -0.142711
0.003026 -0.142738
0.003017 -0.142765
0.003009 -0.142792
0.003001 -0.142819
0.002993 -0.142846
0.002985 -0.142873
0.002977 -0.142900
0.002970 -0.142927
0.002962 -0.142953
0.002955 -0.142980
0.002947 -0.143006
0.002940 -0.143033
0.002933 -0.143059
0.002926 -0.143086
0.002919 -0.143112
0.002912 -0.143138
0.002905 -0.143164
0.002899 -0.143191
0.002892 -0.143217
0.002885 -0.143243
0.002879 -0.143269
0.002873 -0.143294
0.002867 -0.143320
0.002861 -0.143346
0.002855 -0.143372
0.002849 -0.143397
0.002843 -0.143423
0.002837 -0.143449
0.002832 -0.143474
0.002826 -0.143500
0.002821 -0.143525
0.002815 -0.143550
0.002810 -0.143576
0.002805 -0.143601
0.002800 -0.143626
0.002795 -0.143651
0.002790 -0.143677
0.002785 -0.143702
0.002781 -0.143727
0.002776 -0.143752
0.002772 -0.143777
0.002767 -0.143802
0.002763 -0.143826
0.002759 -0.143851
0.002754 -0.143876
0.002750 -0.143901
0.002746 -0.143926
0.002742 -0.143950
0.002738 -0.143975
0.002735 -0.144000
0.002731 -0.144024
0.002727 -0.144049
0.002724 -0.144073
0.002720 -0.144098
0.002717 -0.144122
0.002714 -0.144147
0.002710 -0.144171
0.002707 -0.144195
0.002704 -0.144220
0.002701 -0.144244
0.002698 -0.144268
0.002695 -0.144293
0.002692 -0.144317
0.002690 -0.144341
0.002687 -0.144365
0.002684 -0.144390
0.002682 -0.144414
0.002680 -0.144438
0.002677 -0.144462
0.002675 -0.144486
0.002673 -0.144510
0.002670 -0.144534
0.002668 -0.144558
0.002666 -0.144582
0.002664 -0.144606
0.002662 -0.144630
0.002660 -0.144654
0.002659 -0.144678
0.002657 -0.144702
0.002655 -0.144726
0.002654 -0.144750
0.002652 -0.144774
0.002651 -0.144797
0.002649 -0.144821
0.002648 -0.144845
0.002646 -0.144869
0.002645 -0.144893
0.002644 -0.144917
0.002643 -0.144940
0.002642 -0.144964
0.002640 -0.144988
0.002639 -0.145012
0.002639 -0.145035
0.002638 -0.145059
0.002637 -0.145083
0.002636 -0.145107
0.002635 -0.145130
0.002634 -0.145154
0.002634 -0.145178
0.002633 -0.145201
0.002633 -0.145225
0.002632 -0.145249
0.002632 -0.145273
0.002631 -0.145296
0.002631 -0.145320
0.002630 -0.145344
0.002630 -0.145367
0.002630 -0.145391
0.002630 -0.145415
0.002629 -0.145438
0.002629 -0.145462
0.002629 -0.145486
0.002629 -0.145509
0.002629 -0.145533
0.002629 -0.145557
0.002629 -0.145580
0.002629 -0.145604
0.002629 -0.145628
0.002629 -0.145651
0.002629 -0.145675
0.002630 -0.145699
0.002630 -0.145722
0.002630 -0.145746
0.002630 -0.145770
0.002631 -0.145793
0.002631 -0.145817
0.002631 -0.145841
0.002632 -0.145864
0.002632 -0.145888
0.002633 -0.145912
0.002633 -0.145935
0.002634 -0.145959
0.002634 -0.145983
0.002635 -0.146006
0.002635 -0.146030
0.002636 -0.146054
0.002636 -0.146078
0.002637 -0.146101
0.002638 -0.146125
0.002638 -0.146149
0.002639 -0.146173
0.002640 -0.146196
0.002640 -0.146220
0.002641 -0.146244
0.002642 -0.146268
0.002643 -0.146291
0.002643 -0.146315
0.002644 -0.146339
0.002645 -0.146363
0.002646 -0.146387
0.002647 -0.146410
0.002647 -0.146434
0.002648 -0.146458
0.002649 -0.146482
0.002650 -0.146506
0.002651 -0.146530
0.002652 -0.146553
0.002652 -0.146577
0.000578 -0.134154
-0.006992 -0.086985
0.002879 -0.148234
-0.006206 -0.091998
-0.001770 -0.119365
-0.002649 -0.113924
-0.002648 -0.113905
-0.002647 -0.113887
-0.002646 -0.113868
-0.002645 -0.113850
-0.002644 -0.113831
-0.002644 -0.113813
-0.002643 -0.113794
-0.002642 -0.113776
-0.002641 -0.113757
-0.002640 -0.113739
-0.002639 -0.113720
-0.002639 -0.113702
-0.002638 -0.113683
-0.002637 -0.113665
-0.002636 -0.113647
-0.002635 -0.113628
-0.002635 -0.113610
-0.002634 -0.113591
-0.002633 -0.113573
-0.002632 -0.113554
-0.002632 -0.113536
-0.002631 -0.113518
-0.002630 -0.113499
-0.002629 -0.113481
-0.002629 -0.113462
-0.002628 -0.113444
-0.002627 -0.113425
-0.002627 -0.113407
-0.002626 -0.113389
-0.002626 -0.113370
-0.002625 -0.113352
-0.002624 -0.113334
-0.002624 -0.113315
-0.002623 -0.113297
-0.002623 -0.113278
-0.002622 -0.113260
-0.002622 -0.113242
-0.002621 -0.113223
-0.002621 -0.113205
-0.002620 -0.113187
-0.002620 -0.113168
-0.002620 -0.113150
-0.002619 -0.113132
-0.002619 -0.113113
-0.002619 -0.113095
-0.002618 -0.113077
-0.002618 -0.113058
-0.002618 -0.113040
-0.002618 -0.113022
-0.002617 -0.113003
-0.002617 -0.112985
0.319853 -0.014398
0.319788 -0.017276
0.319712 -0.020154
0.319623 -0.023031
0.319523 -0.025907
0.319412 -0.028782
0.319288 -0.031657
0.319153 -0.034530
0.319007 -0.037401
0.318848 -0.040272
0.318678 -0.043140
0.318496 -0.046008
0.318303 -0.048873
0.318098 -0.051737
0.317882 -0.054599
0.317654 -0.057459
0.317415 -0.060317
0.317164 -0.063172
0.316902 -0.066026
0.316628 -0.068877
0.316343 -0.071725
0.316046 -0.074571
0.315739 -0.077414
0.315420 -0.080254
0.315089 -0.083091
0.314748 -0.085926
0.314395 -0.088757
0.314032 -0.091585
0.313657 -0.094409
0.313271 -0.097230
0.312874 -0.100048
0.312466 -0.102862
0.312048 -0.105673
0.311618 -0.108479
0.311178 -0.111282
0.310727 -0.114080
0.310265 -0.116875
0.309793 -0.119665
0.309310 -0.122451
0.308817 -0.125232
0.308313 -0.128010
0.307799 -0.130782
0.307274 -0.133550
0.306739 -0.136313
0.306194 -0.139071
0.305639 -0.141824
0.305074 -0.144573
0.304498 -0.147316
0.303913 -0.150054
0.303318 -0.152786
0.302712 -0.155513
0.302098 -0.158235
0.301473 -0.160951
0.300839 -0.163661
0.300195 -0.166366
0.299542 -0.169065
0.298879 -0.171758
0.298208 -0.174445
0.297526 -0.177126
0.296836 -0.179800
0.296137 -0.182469
0.295428 -0.185131
0.294711 -0.187786
0.293985 -0.190435
0.293249 -0.193078
0.292506 -0.195714
0.291753 -0.198343
0.290993 -0.200965
0.290223 -0.203581
0.289446 -0.206189
0.288660 -0.208791
0.287866 -0.211385
0.287063 -0.213972
0.286253 -0.216552
0.285435 -0.219125
0.284609 -0.221690
0.283775 -0.224248
0.282934 -0.226798
0.282085 -0.229341
0.281228 -0.231876
0.280365 -0.234403
0.279494 -0.236922
0.278615 -0.239434
0.277730 -0.241937
0.276837 -0.244433
0.275938 -0.246920
0.275032 -0.249400
0.274119 -0.251871
0.273200 -0.254334
0.272274 -0.256788
0.271341 -0.259235
0.270403 -0.261672
0.269458 -0.264102
0.268506 -0.266523
0.267549 -0.268935
0.266586 -0.271339
0.265617 -0.273733
0.264643 -0.276120
0.263662 -0.278497
0.262677 -0.280866
0.261685 -0.283225
0.260689 -0.285576
0.259687 -0.287918
0.258680 -0.290250
0.257668 -0.292574
0.256651 -0.294888
0.255629 -0.297193
0.254603 -0.299490
0.253571 -0.301776
0.252536 -0.304054
0.251496 -0.306322
0.250451 -0.308581
0.249403 -0.310830
0.248350 -0.313070
0.247293 -0.315300
0.246233 -0.317521
0.245168 -0.319733
0.244100 -0.321934
0.243028 -0.324126
0.241953 -0.326309
0.240874 -0.328481
0.239792 -0.330644
0.238707 -0.332798
0.237619 -0.334941
0.236528 -0.337075
0.235434 -0.339199
0.234337 -0.341313
0.233237 -0.343417
0.232135 -0.345511
0.231030 -0.347595
0.229923 -0.349669
0.228814 -0.351734
0.227703 -0.353788
0.226589 -0.355832
0.225473 -0.357867
0.224356 -0.359891
0.223237 -0.361905
0.222116 -0.363909
0.220993 -0.365903
0.219869 -0.367887
0.218744 -0.369861
0.217618 -0.371824
0.216490 -0.373778
0.215361 -0.375721
0.214231 -0.377654
0.213100 -0.379577
0.211968 -0.381490
0.210836 -0.383393
0.209703 -0.385285
0.208570 -0.387168
0.207436 -0.389040
0.206302 -0.390901
0.205167 -0.392753
0.204033 -0.394594
0.202898 -0.396426
0.201763 -0.398247
0.200629 -0.400057
0.199495 -0.401858
0.198361 -0.403648
0.197227 -0.405428
0.196094 -0.407198
0.194962 -0.408958
0.193830 -0.410708
0.192699 -0.412447
0.191569 -0.414176
0.190440 -0.415895
0.189311 -0.417604
0.188184 -0.419303
0.187058 -0.420991
0.185934 -0.422670
0.184810 -0.424338
0.183688 -0.425996
0.182568 -0.427645
0.181449 -0.429283
0.180332 -0.430911
0.179217 -0.432529
0.178103 -0.434137
0.176992 -0.435735
0.175882 -0.437322
0.174775 -0.438900
0.173670 -0.440468
0.172567 -0.442027
0.171466 -0.443575
0.170367 -0.445113
0.169271 -0.446641
0.168178 -0.448160
0.167087 -0.449668
0.165999 -0.451167
0.164914 -0.452656
0.163831 -0.454136
0.162751 -0.455605
0.161675 -0.457065
0.160601 -0.458516
0.159530 -0.459956
0.158463 -0.461387
0.157399 -0.462809
0.156338 -0.464220
0.155280 -0.465623
0.154226 -0.467015
0.153175 -0.468399
0.152128 -0.469773
0.151084 -0.471137
0.150044 -0.472492
0.149008 -0.473838
0.147976 -0.475174
0.146947 -0.476501
0.145923 -0.477819
0.144902 -0.479128
0.143885 -0.480428
0.142873 -0.481718
0.141864 -0.482999
0.140860 -0.484272
0.139860 -0.485535
0.138864 -0.486789
0.137872 -0.488034
0.136885 -0.489271
0.135903 -0.490498
0.134924 -0.491717
0.133951 -0.492927
0.132982 -0.494128
0.132017 -0.495321
0.131057 -0.496504
0.130102 -0.497680
0.129152 -0.498846
0.128207 -0.500004
0.127266 -0.501154
0.126330 -0.502295
0.125399 -0.503428
0.124473 -0.504552
0.123553 -0.505669
0.122637 -0.506776
0.121726 -0.507876
0.120820 -0.508967
0.119920 -0.510051
0.119025 -0.511126
0.118135 -0.512193
0.117250 -0.513252
0.116370 -0.514304
0.115496 -0.515347
0.114628 -0.516383
0.113764 -0.517410
0.112906 -0.518430
0.112054 -0.519443
0.111207 -0.520447
0.110365 -0.521445
0.109529 -0.522434
0.108699 -0.523416
0.107874 -0.524391
0.107055 -0.525358
0.106242 -0.526318
0.105434 -0.527270
0.104632 -0.528215
0.103835 -0.529154
0.103045 -0.530085
0.102260 -0.531008
0.101480 -0.531925
0.100707 -0.532835
0.099939 -0.533738
0.099178 -0.534634
0.098422 -0.535523
0.097672 -0.536406
0.096928 -0.537281
0.096190 -0.538150
0.095457 -0.539013
0.094731 -0.539869
0.094010 -0.540718
0.093296 -0.541561
0.092587 -0.542397
0.091885 -0.543227
0.091188 -0.544051
0.090498 -0.544869
0.089813 -0.545680
0.089135 -0.546485
0.088462 -0.547285
0.087796 -0.548078
0.087135 -0.548865
0.086481 -0.549646
0.085832 -0.550422
0.085190 -0.551191
0.084554 -0.551955
0.083924 -0.552713
0.083300 -0.553466
0.082682 -0.554213
0.082070 -0.554954
0.081464 -0.555690
0.080864 -0.556420
0.080270 -0.557145
0.079682 -0.557865
0.079101 -0.558580
0.078525 -0.559289
0.077956 -0.559993
0.077392 -0.560692
0.076835 -0.561386
0.076284 -0.562075
0.075738 -0.562759
0.075199 -0.563439
0.074666 -0.564113
0.074139 -0.564783
0.073618 -0.565448
0.073103 -0.566108
0.072594 -0.566763
0.072091 -0.567414
0.071594 -0.568061
0.071102 -0.568703
0.070617 -0.569341
0.070138 -0.569974
0.069665 -0.570603
0.069198 -0.571228
0.068737 -0.571849
0.068281 -0.572466
0.067832 -0.573078
0.067388 -0.573687
0.066950 -0.574291
0.066519 -0.574892
0.066093 -0.575488
0.065672 -0.576081
0.065258 -0.576671
0.064850 -0.577256
0.064447 -0.577838
0.064050 -0.578416
0.063659 -0.578991
0.063273 -0.579562
0.062893 -0.580130
0.062519 -0.580694
0.062151 -0.581255
0.061788 -0.581813
0.061431 -0.582367
0.061080 -0.582919
0.060734 -0.583467
0.060394 -0.584012
0.060059 -0.584554
0.059730 -0.585093
0.059406 -0.585629
0.059088 -0.586162
0.058775 -0.586693
0.058468 -0.587220
0.058166 -0.587745
0.057869 -0.588267
0.057578 -0.588787
0.057292 -0.589304
0.057012 -0.589818
0.056737 -0.590330
0.056467 -0.590839
0.056202 -0.591346
0.055942 -0.591851
0.055688 -0.592353
0.055439 -0.592853
0.055195 -0.593351
0.054956 -0.593847
0.054722 -0.594340
0.054493 -0.594832
0.054269 -0.595321
0.054050 -0.595809
0.053837 -0.596294
0.053627 -0.596778
0.053423 -0.597259
0.053224 -0.597739
0.053030 -0.598218
0.052840 -0.598694
0.052655 -0.599169
0.052475 -0.599642
0.052299 -0.600113
0.052128 -0.600583
0.051962 -0.601052
0.051800 -0.601518
0.051643 -0.601984
0.051491 -0.602448
0.051342 -0.602911
0.051199 -0.603372
0.051060 -0.603832
0.050925 -0.604291
0.050794 -0.604749
0.050668 -0.605206
0.050546 -0.605661
0.050428 -0.606115
0.050314 -0.606569
0.050205 -0.607021
0.050100 -0.607473
0.049998 -0.607923
0.049901 -0.608373
0.049808 -0.608821
0.049719 -0.609269
0.049633 -0.609716
0.049552 -0.610162
0.049474 -0.610608
0.049400 -0.611053
0.049330 -0.611497
0.049264 -0.611941
0.049201 -0.612384
0.049142 -0.612827
0.049086 -0.613269
0.049035 -0.613710
0.048986 -0.614151
0.048941 -0.614592
0.048899 -0.615032
0.048861 -0.615472
0.048826 -0.615912
0.048795 -0.616351
0.048766 -0.616790
0.048741 -0.617229
0.048719 -0.617667
0.048700 -0.618106
0.048684 -0.618544
0.048671 -0.618982
0.048661 -0.619420
0.048654 -0.619858
0.048650 -0.620296
0.048649 -0.620734
0.048650 -0.621172
0.048655 -0.621609
0.048661 -0.622047
0.048671 -0.622485
0.048683 -0.622923
0.048698 -0.623362
0.048715 -0.623800
0.048734 -0.624239
0.048756 -0.624677
0.048780 -0.625116
0.048807 -0.625555
0.048836 -0.625995
0.048867 -0.626434
0.048900 -0.626874
0.048935 -0.627315
0.048972 -0.627755
0.049011 -0.628196
0.049052 -0.628637
0.049095 -0.629079
0.049140 -0.629521
0.049186 -0.629963
0.049234 -0.630406
0.049284 -0.630850
0.049336 -0.631294
0.049389 -0.631738
0.049443 -0.632183
0.049499 -0.632628
0.049556 -0.633073
0.049615 -0.633520
0.049675 -0.633967
0.049736 -0.634414
0.034913 -0.615040
-0.159599 -0.335747
0.078149 -0.675447
-0.127225 -0.382031
-0.030847 -0.518757
-0.049376 -0.492002
-0.049312 -0.491657
-0.049246 -0.491312
-0.049181 -0.490967
-0.049115 -0.490623
-0.049048 -0.490280
-0.048982 -0.489936
-0.048915 -0.489594
-0.048848 -0.489252
-0.048781 -0.488910
-0.048713 -0.488569
-0.048646 -0.488228
-0.048578 -0.487888
-0.048511 -0.487548
-0.048443 -0.487209
-0.048376 -0.486870
-0.048309 -0.486531
-0.048242 -0.486193
-0.048175 -0.485856
-0.048108 -0.485519
-0.048042 -0.485182
-0.047976 -0.484846
-0.047910 -0.484511
-0.047845 -0.484176
-0.047781 -0.483841
-0.047716 -0.483507
-0.047653 -0.483173
-0.047590 -0.482840
-0.047527 -0.482507
-0.047465 -0.482174
-0.047404 -0.481842
-0.047344 -0.481510
-0.047284 -0.481179
-0.047225 -0.480848
-0.047167 -0.480518
-0.047110 -0.480188
-0.047053 -0.479859
-0.046998 -0.479529
-0.046944 -0.479201
-0.046890 -0.478872
-0.046838 -0.478544
-0.046787 -0.478216
-0.046737 -0.477889
-0.046688 -0.477562
-0.046640 -0.477235
-0.046594 -0.476909
-0.046549 -0.476583
-0.046505 -0.476257
-0.046462 -0.475932
-0.046421 -0.475607
-0.046381 -0.475282
-0.046343 -0.474958
-0.046306 -0.474633
-0.046271 -0.474309
-0.046237 -0.473986
-0.046205 -0.473662
-0.046174 -0.473339
-0.046145 -0.473016
-0.046118 -0.472693
-0.046092 -0.472370
-0.046068 -0.472047
-0.046046 -0.471725
-0.046026 -0.471403
-0.046007 -0.471081
-0.045991 -0.470759
-0.045976 -0.470437
-0.045963 -0.470115
-0.045952 -0.469793
-0.045944 -0.469472
-0.045937 -0.469150
-0.045932 -0.468829
-0.045929 -0.468507
-0.045929 -0.468186
-0.045930 -0.467864
-0.045934 -0.467542
-0.045940 -0.467221
-0.045948 -0.466899
-0.045958 -0.466578
-0.045971 -0.466256
-0.045986 -0.465934
-0.046003 -0.465612
-0.046023 -0.465290
-0.046045 -0.464968
-0.046070 -0.464645
-0.046097 -0.464323
-0.046126 -0.464000
-0.046158 -0.463677
-0.046192 -0.463354
-0.046229 -0.463030
-0.046269 -0.462707
-0.046311 -0.462383
-0.046356 -0.462058
-0.046404 -0.461734
-0.046454 -0.461409
-0.046507 -0.461083
-0.046563 -0.460757
-0.046621 -0.460431
-0.046683 -0.460105
-0.046747 -0.459778
-0.046814 -0.459450
-0.046884 -0.459122
-0.046956 -0.458794
-0.047032 -0.458465
-0.047111 -0.458135
-0.047192 -0.457805
-0.047277 -0.457475
-0.047364 -0.457143
-0.047455 -0.456812
-0.047549 -0.456479
-0.047645 -0.456146
-0.047745 -0.455812
-0.047848 -0.455477
-0.047955 -0.455142
-0.048064 -0.454806
-0.048177 -0.454469
-0.048292 -0.454132
-0.048411 -0.453793
-0.048534 -0.453454
-0.048659 -0.453114
-0.048788 -0.452773
-0.048920 -0.452431
-0.049056 -0.452088
-0.049195 -0.451744
-0.049337 -0.451399
-0.049483 -0.451053
-0.049632 -0.450706
-0.049785 -0.450358
-0.049941 -0.450009
-0.050101 -0.449659
-0.050264 -0.449308
-0.050430 -0.448955
-0.050601 -0.448602
-0.050774 -0.448247
-0.050952 -0.447891
-0.051133 -0.447534
-0.051317 -0.447175
-0.051505 -0.446815
-0.051697 -0.446454
-0.051893 -0.446091
-0.052092 -0.445727
-0.052295 -0.445362
-0.052502 -0.444995
-0.052712 -0.444627
-0.052926 -0.444257
-0.053144 -0.443886
-0.053366 -0.443513
-0.053591 -0.443139
-0.053821 -0.442763
-0.054054 -0.442385
-0.054291 -0.442006
-0.054532 -0.441625
-0.054777 -0.441243
-0.055025 -0.440859
-0.055278 -0.440472
-0.055535 -0.440085
-0.055795 -0.439695
-0.056059 -0.439303
-0.056328 -0.438910
-0.056600 -0.438515
-0.056876 -0.438118
-0.057157 -0.437719
-0.057441 -0.437318
-0.057729 -0.436914
-0.058022 -0.436509
-0.058318 -0.436102
-0.058619 -0.435693
-0.058923 -0.435281
-0.059232 -0.434868
-0.059545 -0.434452
-0.059862 -0.434034
-0.060182 -0.433614
-0.060508 -0.433192
-0.060837 -0.432767
-0.061170 -0.432340
-0.061507 -0.431911
-0.061849 -0.431479
-0.062195 -0.431045
-0.062545 -0.430608
-0.062899 -0.430169
-0.063257 -0.429728
-0.063620 -0.429283
-0.063986 -0.428837
-0.064357 -0.428388
-0.064732 -0.427936
-0.065112 -0.427481
-0.065495 -0.427024
-0.065883 -0.426564
-0.066275 -0.426102
-0.066671 -0.425637
-0.067071 -0.425168
-0.067476 -0.424698
-0.067885 -0.424224
-0.068298 -0.423747
-0.068716 -0.423268
-0.069137 -0.422785
-0.069563 -0.422300
-0.069993 -0.421811
-0.070428 -0.421320
-0.070867 -0.420825
-0.071310 -0.420328
-0.071757 -0.419827
-0.072208 -0.419323
-0.072664 -0.418816
-0.073124 -0.418306
-0.073589 -0.417792
-0.074057 -0.417275
-0.074530 -0.416755
-0.075007 -0.416232
-0.075488 -0.415705
-0.075974 -0.415175
-0.076464 -0.414642
-0.076958 -0.414105
-0.077456 -0.413564
-0.077959 -0.413020
-0.078466 -0.412473
-0.078977 -0.411922
-0.079492 -0.411367
-0.080012 -0.410809
-0.080535 -0.410247
-0.081063 -0.409681
-0.081595 -0.409112
-0.082132 -0.408539
-0.082672 -0.407962
-0.083217 -0.407382
-0.083766 -0.406797
-0.084319 -0.406209
-0.084876 -0.405617
-0.085438 -0.405021
-0.086003 -0.404421
-0.086573 -0.403817
-0.087147 -0.403209
-0.087725 -0.402596
-0.088307 -0.401980
-0.088893 -0.401360
-0.089483 -0.400736
-0.090078 -0.400107
-0.090676 -0.399475
-0.091278 -0.398838
-0.091885 -0.398197
-0.092495 -0.397552
-0.093110 -0.396902
-0.093728 -0.396248
-0.094350 -0.395590
-0.094977 -0.394927
-0.095607 -0.394260
-0.096241 -0.393589
-0.096880 -0.392913
-0.097522 -0.392232
-0.098168 -0.391547
-0.098817 -0.390858
-0.099471 -0.390164
-0.100128 -0.389465
-0.100790 -0.388762
-0.101455 -0.388054
-0.102124 -0.387342
-0.102796 -0.386624
-0.103472 -0.385903
-0.104152 -0.385176
-0.104836 -0.384444
-0.105523 -0.383708
-0.106214 -0.382967
-0.106909 -0.382221
-0.107607 -0.381470
-0.108309 -0.380715
-0.109014 -0.379954
-0.109723 -0.379188
-0.110435 -0.378418
-0.111151 -0.377642
-0.111870 -0.376862
-0.112593 -0.376076
-0.113319 -0.375285
-0.114048 -0.374490
-0.114781 -0.373689
-0.115517 -0.372883
-0.116257 -0.372071
-0.116999 -0.371255
-0.117745 -0.370433
-0.118494 -0.369607
-0.119246 -0.368775
-0.120002 -0.367937
-0.120760 -0.367095
-0.121522 -0.366247
-0.122286 -0.365393
-0.123054 -0.364535
-0.123824 -0.363670
-0.124598 -0.362801
-0.125374 -0.361926
-0.126153 -0.361046
-0.126935 -0.360160
-0.127720 -0.359269
-0.128508 -0.358372
-0.129298 -0.357470
-0.130091 -0.356562
-0.130887 -0.355648
-0.131686 -0.354729
-0.132487 -0.353805
-0.133290 -0.352874
-0.134096 -0.351939
-0.134905 -0.350997
-0.135716 -0.350050
-0.136529 -0.349097
-0.137345 -0.348138
-0.138163 -0.347174
-0.138983 -0.346204
-0.139805 -0.345228
-0.140630 -0.344247
-0.141457 -0.343260
-0.142286 -0.342267
-0.143117 -0.341268
-0.143950 -0.340263
-0.144785 -0.339252
-0.145622 -0.338236
-0.146461 -0.337214
-0.147301 -0.336185
-0.148144 -0.335151
-0.148988 -0.334111
-0.149834 -0.333066
-0.150682 -0.332014
-0.151531 -0.330956
-0.152382 -0.329892
-0.153234 -0.328823
-0.154088 -0.327747
-0.154943 -0.326665
-0.155799 -0.325578
-0.156657 -0.324484
-0.157516 -0.323385
-0.158377 -0.322279
-0.159238 -0.321167
-0.160101 -0.320050
-0.160964 -0.318926
-0.161829 -0.317796
-0.162695 -0.316660
-0.163561 -0.315518
-0.164429 -0.314370
-0.165297 -0.313216
-0.166166 -0.312056
-0.167036 -0.310890
-0.167906 -0.309718
-0.168777 -0.308539
-0.169649 -0.307355
-0.170521 -0.306164
-0.171393 -0.304968
-0.172266 -0.303765
-0.173139 -0.302556
-0.174013 -0.301341
-0.174886 -0.300120
-0.175760 -0.298892
-0.176634 -0.297659
-0.177508 -0.296420
-0.178382 -0.295174
-0.179255 -0.293922
-0.180129 -0.292664
-0.181002 -0.291400
-0.181876 -0.290130
-0.182749 -0.288854
-0.183621 -0.287572
-0.184493 -0.286283
-0.185365 -0.284989
-0.186236 -0.283688
-0.187106 -0.282382
-0.187976 -0.281069
-0.188845 -0.279750
-0.189713 -0.278425
-0.190581 -0.277094
-0.191447 -0.275757
-0.192313 -0.274414
-0.193177 -0.273065
-0.194040 -0.271709
-0.194903 -0.270348
-0.195764 -0.268981
-0.196623 -0.267607
-0.197482 -0.266228
-0.198339 -0.264843
-0.199194 -0.263451
-0.200048 -0.262054
-0.200901 -0.260651
-0.201751 -0.259241
-0.202600 -0.257826
-0.203448 -0.256405
-0.204293 -0.254978
-0.205137 -0.253545
-0.205978 -0.252106
-0.206817 -0.250661
-0.207655 -0.249210
-0.208490 -0.247754
-0.209323 -0.246292
-0.210154 -0.244823
-0.210982 -0.243349
-0.211808 -0.241870
-0.212631 -0.240384
-0.213452 -0.238893
-0.214271 -0.237396
-0.215086 -0.235893
-0.215899 -0.234385
-0.216709 -0.232870
-0.217517 -0.231351
-0.218321 -0.229825
-0.219122 -0.228294
-0.219920 -0.226758
-0.220716 -0.225215
-0.221507 -0.223667
-0.222296 -0.222114
-0.223082 -0.220555
-0.223864 -0.218991
-0.224642 -0.217421
-0.225417 -0.215846
-0.226189 -0.214265
-0.226957 -0.212679
-0.227721 -0.211088
-0.228482 -0.209491
-0.229238 -0.207889
-0.229991 -0.206282
-0.230740 -0.204669
-0.231485 -0.203052
-0.232226 -0.201429
-0.232962 -0.199801
-0.233695 -0.198167
-0.234423 -0.196529
-0.235147 -0.194885
-0.235867 -0.193237
-0.236582 -0.191583
-0.237292 -0.189925
-0.237999 -0.188261
-0.238700 -0.186593
-0.239397 -0.184919
-0.240089 -0.183241
-0.240776 -0.181558
-0.241459 -0.179870
-0.242137 -0.178178
-0.242809 -0.176480
-0.243477 -0.174778
-0.244139 -0.173072
-0.244797 -0.171360
-0.245449 -0.169645
-0.246096 -0.167924
-0.246737 -0.166199
-0.247374 -0.164470
-0.248005 -0.162736
-0.248630 -0.160998
-0.249250 -0.159255
-0.249864 -0.157508
-0.250473 -0.155757
-0.251076 -0.154002
-0.251673 -0.152242
-0.252264 -0.150478
-0.252850 -0.148710
-0.253429 -0.146938
-0.254003 -0.145162
-0.254571 -0.143382
-0.255132 -0.141598
-0.255688 -0.139811
-0.256237 -0.138019
-0.256781 -0.136223
-0.257317 -0.134424
-0.257848 -0.132621
-0.258372 -0.130814
-0.258890 -0.129004
-0.259401 -0.127190
-0.259906 -0.125372
-0.260405 -0.123551
-0.260896 -0.121726
-0.261382 -0.119898
-0.261860 -0.118067
-0.262332 -0.116232
-0.262797 -0.114394
-0.263255 -0.112553
-0.263706 -0.110709
-0.264151 -0.108861
-0.264588 -0.107011
-0.265019 -0.105157
-0.265442 -0.103300
-0.265859 -0.101441
-0.266268 -0.099578
-0.266670 -0.097713
-0.267066 -0.095845
-0.267453 -0.093974
-0.267834 -0.092101
-0.268207 -0.090225
-0.268574 -0.088346
-0.268932 -0.086465
-0.269284 -0.084581
-0.269628 -0.082695
-0.269964 -0.080806
-0.270293 -0.078915
-0.270615 -0.077022
-0.270929 -0.075127
-0.271235 -0.073229
-0.271534 -0.071329
-0.271825 -0.069428
-0.272109 -0.067524
-0.272385 -0.065618
-0.272653 -0.063710
-0.272913 -0.061801
-0.273166 -0.059890
-0.273411 -0.057977
-0.273648 -0.056062
-0.273878 -0.054146
-0.274099 -0.052228
-0.274313 -0.050308
-0.274519 -0.048387
-0.274716 -0.046465
-0.274906 -0.044541
-0.275088 -0.042616
-0.275262 -0.040690
-0.275428 -0.038763
-0.275587 -0.036834
-0.275737 -0.034904
-0.275879 -0.032974
-0.276013 -0.031042
-0.276139 -0.029110
-0.276257 -0.027176
-0.276366 -0.025242
-0.276468 -0.023307
-0.276562 -0.021371
-0.276647 -0.019435
-0.276725 -0.017498
-0.276794 -0.015561
-0.276856 -0.013623
-0.276909 -0.011685
-0.276954 -0.009747
-0.276990 -0.007808
-0.277019 -0.005869
-0.277040 -0.003930
-0.277052 -0.001990
-0.277056 -0.000051
-0.277053 0.001889
-0.277041 0.003828
-0.277020 0.005767
-0.276992 0.007706
-0.276956 0.009645
-0.276911 0.011583
-0.276859 0.013522
-0.276798 0.015459
-0.276729 0.017397
-0.276652 0.019334
-0.276567 0.021270
-0.276473 0.023206
-0.276372 0.025141
-0.276263 0.027075
-0.276145 0.029008
-0.276019 0.030941
-0.275886 0.032872
-0.275744 0.034803
-0.275595 0.036733
-0.275437 0.038661
-0.275271 0.040589
-0.275098 0.042515
-0.274916 0.044440
-0.274727 0.046364
-0.274529 0.048286
-0.274324 0.050207
-0.274111 0.052127
1.078980 -0.048585
1.078531 -0.058294
1.078002 -0.067998
1.077391 -0.077697
1.076699 -0.087391
1.075926 -0.097078
1.075073 -0.106757
1.074140 -0.116429
1.073126 -0.126092
1.072032 -0.135745
1.070859 -0.145388
1.069607 -0.155020
1.068276 -0.164641
1.066866 -0.174249
1.065378 -0.183844
1.063812 -0.193425
1.062168 -0.202992
1.060448 -0.212544
1.058650 -0.222080
1.056777 -0.231600
1.054828 -0.241102
1.052805 -0.250586
1.050706 -0.260052
1.048533 -0.269499
1.046287 -0.278926
1.043968 -0.288332
1.041576 -0.297717
1.039113 -0.307080
1.036579 -0.316421
1.033974 -0.325738
1.031299 -0.335032
1.028555 -0.344301
1.025743 -0.353546
1.022863 -0.362764
1.019916 -0.371957
1.016902 -0.381123
1.013823 -0.390261
1.010680 -0.399371
1.007472 -0.408453
1.004201 -0.417506
1.000868 -0.426528
0.997473 -0.435521
0.994017 -0.444483
0.990502 -0.453413
0.986927 -0.462312
0.983294 -0.471178
0.979605 -0.480011
0.975858 -0.488810
0.972057 -0.497576
0.968200 -0.506307
0.964291 -0.515004
0.960328 -0.523664
0.956314 -0.532289
0.952249 -0.540878
0.948134 -0.549430
0.943971 -0.557944
0.939759 -0.566421
0.935501 -0.574860
0.931197 -0.583260
0.926848 -0.591621
0.922456 -0.599943
0.918020 -0.608225
0.913543 -0.616467
0.909025 -0.624669
0.904468 -0.632830
0.899872 -0.640949
0.895238 -0.649027
0.890568 -0.657063
0.885862 -0.665057
0.881121 -0.673009
0.876348 -0.680917
0.871542 -0.688783
0.866705 -0.696605
0.861838 -0.704383
0.856941 -0.712118
0.852017 -0.719808
0.847066 -0.727454
0.842089 -0.735055
0.837087 -0.742612
0.832062 -0.750123
0.827014 -0.757589
0.821944 -0.765009
0.816854 -0.772384
0.811745 -0.779712
0.806617 -0.786995
0.801472 -0.794231
0.796311 -0.801421
0.791135 -0.808565
0.785944 -0.815662
0.780741 -0.822712
0.775526 -0.829715
0.770300 -0.836671
0.765064 -0.843581
0.759820 -0.850443
0.754568 -0.857257
0.749309 -0.864025
0.744045 -0.870745
0.738776 -0.877418
0.733503 -0.884043
0.728228 -0.890621
0.722951 -0.897151
0.717674 -0.903634
0.712397 -0.910069
0.707122 -0.916457
0.701849 -0.922797
0.696579 -0.929090
0.691314 -0.935336
0.686055 -0.941534
0.680801 -0.947685
0.675555 -0.953788
0.670317 -0.959845
0.665088 -0.965854
0.659869 -0.971816
0.654662 -0.977732
0.649466 -0.983600
0.644282 -0.989422
0.639113 -0.995197
0.633958 -1.000926
0.628818 -1.006609
0.623695 -1.012245
0.618588 -1.017835
0.613500 -1.023380
0.608430 -1.028878
0.603380 -1.034331
0.598351 -1.039739
0.593342 -1.045102
0.588356 -1.050419
0.583392 -1.055692
0.578451 -1.060920
0.573535 -1.066104
0.568644 -1.071244
0.563779 -1.076340
0.558940 -1.081392
0.554128 -1.086401
0.549344 -1.091367
0.544589 -1.096289
0.539863 -1.101169
0.535167 -1.106007
0.530501 -1.110802
0.525866 -1.115556
0.521263 -1.120268
0.516693 -1.124939
0.512155 -1.129569
0.507651 -1.134158
0.503182 -1.138707
0.498746 -1.143215
0.494347 -1.147684
0.489983 -1.152114
0.485655 -1.156504
0.481365 -1.160855
0.477111 -1.165169
0.472896 -1.169444
0.468719 -1.173681
0.464580 -1.177881
0.460481 -1.182043
0.456422 -1.186169
0.452403 -1.190259
0.448425 -1.194313
0.444487 -1.198331
0.440591 -1.202314
0.436737 -1.206262
0.432925 -1.210175
0.429155 -1.214054
0.425428 -1.217900
0.421745 -1.221712
0.418105 -1.225492
0.414509 -1.229238
0.410957 -1.232953
0.407449 -1.236636
0.403986 -1.240287
0.400569 -1.243907
0.397196 -1.247497
0.393869 -1.251057
0.390588 -1.254587
0.387353 -1.258088
0.384164 -1.261560
0.381021 -1.265003
0.377925 -1.268418
0.374876 -1.271806
0.371874 -1.275166
0.368918 -1.278500
0.366010 -1.281807
0.363150 -1.285088
0.360336 -1.288344
0.357571 -1.291574
0.354853 -1.294780
0.352183 -1.297962
0.349561 -1.301119
0.346987 -1.304254
0.344461 -1.307365
0.341983 -1.310454
0.339553 -1.313521
0.337171 -1.316566
0.334838 -1.319590
0.332553 -1.322594
0.330316 -1.325577
0.328127 -1.328539
0.325986 -1.331483
0.323893 -1.334407
0.321849 -1.337313
0.319853 -1.340201
0.317904 -1.343071
0.316004 -1.345923
0.314152 -1.348759
0.312347 -1.351578
0.310590 -1.354381
0.308881 -1.357169
0.307219 -1.359941
0.305604 -1.362699
0.304037 -1.365442
0.302517 -1.368172
0.301044 -1.370888
0.299618 -1.373591
0.298238 -1.376281
0.296905 -1.378959
0.295618 -1.381625
0.294377 -1.384280
0.293182 -1.386924
0.292033 -1.389558
0.290930 -1.392181
0.289871 -1.394795
0.288858 -1.397399
0.287890 -1.399994
0.286966 -1.402581
0.286086 -1.405160
0.285250 -1.407731
0.284459 -1.410294
0.283710 -1.412851
0.283005 -1.415401
0.282343 -1.417945
0.281723 -1.420484
0.281146 -1.423016
0.280611 -1.425544
0.280117 -1.428068
0.279664 -1.430587
0.279253 -1.433102
0.278882 -1.435613
0.278551 -1.438122
0.278261 -1.440627
0.278009 -1.443130
0.277797 -1.445632
0.277624 -1.448131
0.277488 -1.450629
0.277391 -1.453126
0.277331 -1.455622
0.277309 -1.458118
0.277323 -1.460614
0.277373 -1.463110
0.277459 -1.465607
0.277580 -1.468104
0.277736 -1.470603
0.277926 -1.473104
0.278150 -1.475606
0.278408 -1.478110
0.278698 -1.480617
0.279021 -1.483127
0.279376 -1.485640
-0.109584 -1.253676
-0.496653 -1.006849
0.126277 -1.393525
-0.544875 -0.977438
-0.187555 -1.194310
-0.261681 -1.147073
-0.261298 -1.145242
-0.260895 -1.143415
-0.260473 -1.141590
-0.260031 -1.139768
-0.259571 -1.137949
-0.259094 -1.136134
-0.258599 -1.134322
-0.258088 -1.132514
-0.257561 -1.130709
-0.257019 -1.128908
-0.256463 -1.127111
-0.255894 -1.125318
-0.255311 -1.123528
-0.254715 -1.121743
-0.254108 -1.119962
-0.253489 -1.118186
-0.252860 -1.116413
-0.252220 -1.114646
-0.251571 -1.112882
-0.250913 -1.111124
-0.250247 -1.109370
-0.249573 -1.107620
-0.248892 -1.105876
-0.248204 -1.104136
-0.247509 -1.102401
-0.246810 -1.100671
-0.246105 -1.098945
-0.245395 -1.097225
-0.244682 -1.095510
-0.243964 -1.093800
-0.243244 -1.092094
-0.242522 -1.090394
-0.241797 -1.088699
-0.241070 -1.087009
-0.240343 -1.085324
-0.239615 -1.083644
-0.238887 -1.081970
-0.238159 -1.080300
-0.237432 -1.078635
-0.236706 -1.076976
-0.235981 -1.075321
-0.235259 -1.073672
-0.234539 -1.072028
-0.233823 -1.070389
-0.233109 -1.068754
-0.232400 -1.067125
-0.231695 -1.065501
-0.230994 -1.063881
-0.230298 -1.062267
-0.229608 -1.060657
-0.228924 -1.059052
-0.228245 -1.057452
-0.227574 -1.055857
-0.226909 -1.054266
-0.226252 -1.052680
-0.225602 -1.051099
-0.224961 -1.049522
-0.224328 -1.047949
-0.223703 -1.046381
-0.223088 -1.044817
-0.222482 -1.043258
-0.221887 -1.041702
-0.221301 -1.040151
-0.220726 -1.038604
-0.220161 -1.037061
-0.219608 -1.035522
-0.219066 -1.033987
-0.218536 -1.032455
-0.218018 -1.030927
-0.217513 -1.029403
-0.217020 -1.027882
-0.216540 -1.026364
-0.216074 -1.024850
-0.215621 -1.023339
-0.215182 -1.021832
-0.214757 -1.020327
-0.214347 -1.018825
-0.213951 -1.017326
-0.213571 -1.015830
-0.213206 -1.014336
-0.212856 -1.012845
-0.212522 -1.011356
-0.212204 -1.009869
-0.211903 -1.008385
-0.211618 -1.006903
-0.211349 -1.005422
-0.211098 -1.003944
-0.210865 -1.002467
-0.210649 -1.000992
-0.210450 -0.999518
-0.210270 -0.998045
-0.210108 -0.996574
-0.209964 -0.995104
-0.209839 -0.993634
-0.209733 -0.992166
-0.209646 -0.990698
-0.209579 -0.989231
-0.209531 -0.987764
-0.209503 -0.986297
-0.209494 -0.984831
-0.209506 -0.983364
-0.209538 -0.981898
-0.209591 -0.980431
-0.209665 -0.978963
-0.209759 -0.977495
-0.209875 -0.976027
-0.210011 -0.974557
-0.210170 -0.973086
-0.210350 -0.971615
-0.210551 -0.970141
-0.210775 -0.968667
-0.211021 -0.967191
-0.211289 -0.965713
-0.211579 -0.964233
-0.211893 -0.962750
-0.212228 -0.961266
-0.212587 -0.959779
-0.212969 -0.958290
-0.213374 -0.956797
-0.213802 -0.955302
-0.214254 -0.953804
-0.214730 -0.952303
-0.215229 -0.950798
-0.215752 -0.949290
-0.216299 -0.947777
-0.216870 -0.946261
-0.217465 -0.944741
-0.218084 -0.943217
-0.218728 -0.941688
-0.219397 -0.940154
-0.220090 -0.938616
-0.220807 -0.937073
-0.221550 -0.935525
-0.222318 -0.933971
-0.223110 -0.932412
-0.223928 -0.930848
-0.224770 -0.929277
-0.225638 -0.927701
-0.226532 -0.926118
-0.227451 -0.924529
-0.228395 -0.922934
-0.229364 -0.921332
-0.230360 -0.919723
-0.231381 -0.918107
-0.232427 -0.916483
-0.233500 -0.914853
-0.234598 -0.913214
-0.235722 -0.911568
-0.236872 -0.909914
-0.238048 -0.908252
-0.239250 -0.906581
-0.240477 -0.904902
-0.241731 -0.903215
-0.243011 -0.901518
-0.244317 -0.899813
-0.245649 -0.898098
-0.247007 -0.896373
-0.248391 -0.894640
-0.249801 -0.892896
-0.251237 -0.891142
-0.252700 -0.889378
-0.254188 -0.887604
-0.255702 -0.885820
-0.257243 -0.884024
-0.258809 -0.882218
-0.260402 -0.880401
-0.262020 -0.878573
-0.263665 -0.876733
-0.265335 -0.874881
-0.267031 -0.873018
-0.268753 -0.871143
-0.270501 -0.869255
-0.272274 -0.867356
-0.274073 -0.865444
-0.275898 -0.863519
-0.277748 -0.861581
-0.279623 -0.859630
-0.281524 -0.857666
-0.283451 -0.855689
-0.285402 -0.853698
-0.287379 -0.851693
-0.289381 -0.849674
-0.291407 -0.847642
-0.293459 -0.845595
-0.295535 -0.843533
-0.297636 -0.841457
-0.299761 -0.839366
-0.301911 -0.837260
-0.304085 -0.835139
-0.306283 -0.833003
-0.308505 -0.830851
-0.310752 -0.828684
-0.313022 -0.826501
-0.315315 -0.824302
-0.317632 -0.822086
-0.319972 -0.819855
-0.322336 -0.817607
-0.324722 -0.815342
-0.327131 -0.813060
-0.329563 -0.810762
-0.332017 -0.808447
-0.334494 -0.806114
-0.336993 -0.803764
-0.339513 -0.801396
-0.342056 -0.799010
-0.344619 -0.796607
-0.347204 -0.794186
-0.349811 -0.791746
-0.352438 -0.789288
-0.355086 -0.786812
-0.357754 -0.784317
-0.360442 -0.781803
-0.363151 -0.779271
-0.365879 -0.776719
-0.368626 -0.774148
-0.371393 -0.771558
-0.374179 -0.768949
-0.376984 -0.766320
-0.379807 -0.763671
-0.382649 -0.761002
-0.385508 -0.758314
-0.388385 -0.755605
-0.391279 -0.752876
-0.394191 -0.750127
-0.397119 -0.747358
-0.400064 -0.744568
-0.403025 -0.741757
-0.406002 -0.738925
-0.408995 -0.736073
-0.412003 -0.733199
-0.415026 -0.730305
-0.418064 -0.727389
-0.421116 -0.724452
-0.424182 -0.721493
-0.427261 -0.718513
-0.430355 -0.715512
-0.433461 -0.712488
-0.436579 -0.709443
-0.439710 -0.706376
-0.442853 -0.703287
-0.446008 -0.700176
-0.449174 -0.697043
-0.452351 -0.693888
-0.455538 -0.690710
-0.458735 -0.687510
-0.461942 -0.684288
-0.465159 -0.681043
-0.468384 -0.677775
-0.471618 -0.674485
-0.474860 -0.671173
-0.478110 -0.667837
-0.481367 -0.664479
-0.484632 -0.661098
-0.487903 -0.657694
-0.491180 -0.654268
-0.494462 -0.650818
-0.497750 -0.647345
-0.501043 -0.643849
-0.504341 -0.640330
-0.507642 -0.636789
-0.510947 -0.633223
-0.514255 -0.629635
-0.517566 -0.626024
-0.520879 -0.622389
-0.524194 -0.618732
-0.527510 -0.615051
-0.530827 -0.611346
-0.534145 -0.607619
-0.537463 -0.603868
-0.540780 -0.600095
-0.544096 -0.596298
-0.547411 -0.592477
-0.550724 -0.588634
-0.554035 -0.584767
-0.557343 -0.580877
-0.560648 -0.576964
-0.563949 -0.573028
-0.567246 -0.569069
-0.570538 -0.565087
-0.573825 -0.561082
-0.577106 -0.557053
-0.580381 -0.553002
-0.583650 -0.548928
-0.586911 -0.544831
-0.590165 -0.540711
-0.593411 -0.536569
-0.596648 -0.532403
-0.599876 -0.528216
-0.603094 -0.524005
-0.606303 -0.519772
-0.609501 -0.515517
-0.612688 -0.511239
-0.615863 -0.506939
-0.619026 -0.502617
-0.622177 -0.498273
-0.625315 -0.493907
-0.628439 -0.489519
-0.631549 -0.485109
-0.634645 -0.480677
-0.637726 -0.476224
-0.640791 -0.471749
-0.643841 -0.467253
-0.646874 -0.462735
-0.649890 -0.458197
-0.652888 -0.453637
-0.655869 -0.449056
-0.658831 -0.444455
-0.661774 -0.439833
-0.664698 -0.435190
-0.667602 -0.430527
-0.670485 -0.425843
-0.673348 -0.421140
-0.676189 -0.416417
-0.679009 -0.411673
-0.681806 -0.406911
-0.684581 -0.402128
-0.687332 -0.397327
-0.690060 -0.392506
-0.692764 -0.387666
-0.695442 -0.382807
-0.698096 -0.377930
-0.700725 -0.373034
-0.703327 -0.368120
-0.705903 -0.363187
-0.708452 -0.358237
-0.710974 -0.353269
-0.713468 -0.348283
-0.715934 -0.343280
-0.718371 -0.338260
-0.720780 -0.333223
-0.723159 -0.328170
-0.725507 -0.323099
-0.727826 -0.318012
-0.730114 -0.312910
-0.732371 -0.307791
-0.734596 -0.302657
-0.736789 -0.297507
-0.738951 -0.292342
-0.741079 -0.287161
-0.743174 -0.281967
-0.745236 -0.276757
-0.747264 -0.271533
-0.749258 -0.266295
-0.751217 -0.261044
-0.753142 -0.255779
-0.755031 -0.250500
-0.756884 -0.245208
-0.758702 -0.239904
-0.760483 -0.234586
-0.762228 -0.229257
-0.763936 -0.223915
-0.765606 -0.218562
-0.767239 -0.213197
-0.768835 -0.207821
-0.770392 -0.202433
-0.771910 -0.197035
-0.773390 -0.191627
-0.774831 -0.186208
-0.776233 -0.180779
-0.777595 -0.175341
-0.778918 -0.169893
-0.780200 -0.164436
-0.781443 -0.158970
-0.782644 -0.153496
-0.783806 -0.148013
-0.784926 -0.142523
-0.786005 -0.137024
-0.787043 -0.131519
-0.788039 -0.126006
-0.788993 -0.120486
-0.789906 -0.114960
-0.790777 -0.109428
-0.791605 -0.103889
-0.792391 -0.098345
-0.793134 -0.092796
-0.793835 -0.087242
-0.794493 -0.081682
-0.795108 -0.076119
-0.795680 -0.070551
-0.796209 -0.064979
-0.796695 -0.059404
-0.797137 -0.053826
-0.797536 -0.048244
-0.797892 -0.042660
-0.798203 -0.037074
-0.798472 -0.031485
-0.798696 -0.025895
-0.798877 -0.020304
-0.799014 -0.014711
-0.799107 -0.009118
-0.799157 -0.003524
-0.799162 0.002070
-0.799124 0.007664
-0.799042 0.013258
-0.798917 0.018851
-0.798747 0.024443
-0.798534 0.030033
-0.798277 0.035622
-0.797977 0.041209
-0.797633 0.046794
-0.797245 0.052376
-0.796814 0.057955
-0.796340 0.063531
-0.795822 0.069104
-0.795261 0.074672
-0.794657 0.080237
-0.794010 0.085798
-0.793321 0.091353
-0.792588 0.096904
-0.791813 0.102449
-0.790996 0.107989
-0.790136 0.113523
-0.789235 0.119051
-0.788291 0.124572
-0.787305 0.130087
-0.786278 0.135595
-0.785210 0.141095
-0.784101 0.146587
-0.782950 0.152072
-0.781759 0.157549
-0.780527 0.163017
-0.779255 0.168476
-0.777943 0.173926
-0.776591 0.179367
-0.775199 0.184798
-0.773768 0.190220
-0.772299 0.195631
-0.770790 0.201032
-0.769243 0.206422
-0.767657 0.211801
-0.766034 0.217169
-0.764373 0.222526
-0.762675 0.227870
-0.760940 0.233203
-0.759168 0.238523
-0.757360 0.243831
-0.755516 0.249126
-0.753636 0.254408
-0.751721 0.259677
-0.749770 0.264932
-0.747785 0.270174
-0.745766 0.275401
-0.743713 0.280614
-0.741626 0.285813
-0.739507 0.290997
-0.737354 0.296166
-0.735169 0.301320
-0.732952 0.306458
-0.730703 0.311581
-0.728424 0.316688
-0.726113 0.321779
-0.723772 0.326854
-0.721401 0.331912
-0.719000 0.336953
-0.716570 0.341978
-0.714112 0.346985
-0.711625 0.351975
-0.709110 0.356948
-0.706568 0.361903
-0.703999 0.366840
-0.701403 0.371759
-0.698782 0.376659
-0.696134 0.381542
-0.693462 0.386405
-0.690765 0.391250
-0.688043 0.396076
-0.685298 0.400883
-0.682529 0.405670
-0.679738 0.410438
-0.676924 0.415186
-0.674088 0.419915
-0.671231 0.424623
-0.668353 0.429312
-0.665454 0.433980
-0.662535 0.438628
-0.659597 0.443256
-0.656640 0.447863
-0.653664 0.452449
-0.650670 0.457014
-0.647659 0.461558
-0.644630 0.466081
-0.641585 0.470583
-0.638524 0.475063
-0.635447 0.479522
-0.632355 0.483959
-0.629249 0.488375
-0.626128 0.492769
-0.622994 0.497141
-0.619846 0.501491
-0.616686 0.505819
-0.613514 0.510124
-0.610330 0.514408
-0.607135 0.518669
-0.603929 0.522908
-0.600713 0.527124
-0.597487 0.531318
-0.594252 0.535489
-0.591009 0.539637
-0.587757 0.543763
-0.584498 0.547866
-0.581231 0.551946
-0.577957 0.556003
-0.574678 0.560037
-0.571392 0.564048
-0.568101 0.568037
-0.564806 0.572002
-0.561506 0.575944
-0.558202 0.579863
-0.554895 0.583759
-0.551585 0.587631
-0.548272 0.591481
-0.544958 0.595307
-0.541642 0.599110
-0.538325 0.602890
-0.535007 0.606647
-0.531689 0.610380
-0.528372 0.614090
-0.525055 0.617777
-0.521740 0.621441
-0.518426 0.625082
-0.515115 0.628699
-0.511806 0.632293
-0.508500 0.635864
-0.505198 0.639412
-0.501899 0.642937
-0.498605 0.646439
-0.495316 0.649918
-0.492032 0.653373
-0.488753 0.656806
-0.485481 0.660216
-0.482215 0.663603
-0.478956 0.666967
-0.475704 0.670308
-0.472460 0.673627
-0.469224 0.676923
-0.465996 0.680196
-0.462777 0.683447
-0.459568 0.686675
-0.456368 0.689881
-0.453178 0.693064
-0.449998 0.696225
-0.446830 0.699364
-0.443672 0.702481
-0.440526 0.705576
-0.437392 0.708648
-0.434270 0.711699
-0.431160 0.714728
-0.428064 0.717735
-0.424981 0.720721
-0.421911 0.723685
-0.418855 0.726628
-0.415814 0.729549
-0.412787 0.732449
-0.409775 0.735328
-0.406778 0.738186
-0.403797 0.741023
-0.400832 0.743839
-0.397883 0.746635
-0.394950 0.749410
-0.392034 0.752164
-0.389135 0.754898
-0.386254 0.757612
-0.383390 0.760306
-0.380544 0.762980
-0.377716 0.765633
-0.374906 0.768268
-0.372115 0.770882
-0.369344 0.773477
-0.366591 0.776053
-0.363858 0.778610
-0.361144 0.781147
-0.358450 0.783666
-0.355777 0.786165
-0.353124 0.788647
-0.350491 0.791109
-0.347880 0.793554
-0.345289 0.795980
-0.342720 0.798388
-0.340172 0.800778
-0.337645 0.803150
-0.335141 0.805505
-0.332659 0.807842
-0.330199 0.810162
-0.327761 0.812465
-0.325346 0.814751
-0.322953 0.817020
-0.320584 0.819272
-0.318238 0.821508
-0.315915 0.823728
-0.313615 0.825931
-0.311339 0.828118
-0.309087 0.830290
-0.306858 0.832446
-0.304654 0.834586
-0.302473 0.836711
-0.300317 0.838820
-0.298186 0.840915
-0.296078 0.842995
-0.293996 0.845060
-0.291938 0.847111
-0.289905 0.849148
-0.287897 0.851170
-0.285913 0.853178
-0.283955 0.855173
-0.282022 0.857154
-0.280115 0.859121
-0.278233 0.861075
-0.276376 0.863016
-0.274545 0.864945
-0.272739 0.866860
-0.270959 0.868763
-0.269204 0.870654
-0.267476 0.872532
-0.265773 0.874398
-0.264096 0.876253
-0.262445 0.878096
-0.260820 0.879927
-0.259221 0.881747
-0.257647 0.883556
-0.256100 0.885354
-0.254579 0.887142
-0.253084 0.888919
-0.251615 0.890685
-0.250172 0.892441
-0.248755 0.894187
-0.247364 0.895924
-0.245999 0.897651
-0.244660 0.899368
-0.243348 0.901076
-0.242061 0.902775
-0.240801 0.904465
-0.239566 0.906146
-0.238358 0.907819
-0.237175 0.909483
-0.236018 0.911139
-0.234888 0.912787
-0.233783 0.914428
-0.232704 0.916060
-0.231650 0.917686
-0.230623 0.919304
-0.229621 0.920914
-0.228644 0.922518
-0.227693 0.924116
-0.226768 0.925706
-0.225868 0.927290
-0.224994 0.928868
-0.224144 0.930440
-0.223320 0.932006
-0.222521 0.933567
-0.221747 0.935122
-0.220998 0.936671
-0.220274 0.938216
-0.219574 0.939755
-0.218899 0.941290
-0.218249 0.942820
-0.217623 0.944345
-0.217022 0.945867
-0.216445 0.947384
-0.215891 0.948897
-0.215362 0.950406
-0.214857 0.951912
-0.214375 0.953414
-0.213918 0.954913
-0.213483 0.956409
-0.213072 0.957902
-0.212684 0.959392
-0.212319 0.960880
-0.211978 0.962365
-0.211659 0.963848
-0.211362 0.965328
-0.211088 0.966807
-0.210837 0.968283
-0.210607 0.969759
-0.210400 0.971232
-0.210214 0.972704
-0.210050 0.974175
-0.209908 0.975645
-0.209787 0.977114
-0.209687 0.978582
-0.209608 0.980050
-0.209550 0.981517
-0.209513 0.982983
-0.209495 0.984450
-0.209498 0.985916
-0.209521 0.987383
-0.209564 0.988850
-0.209627 0.990317
-0.209709 0.991784
-0.209810 0.993253
-0.209930 0.994722
-0.210069 0.996192
-0.210226 0.997663
-0.210402 0.999135
-0.210595 1.000608
-0.210807 1.002083
-0.211036 1.003560
-0.211283 1.005038
-0.211546 1.006518
-0.211827 1.008000
-0.212124 1.009483
-0.212438 1.010969
-0.212768 1.012458
-0.213113 1.013948
-0.213474 1.015441
-0.213851 1.016937
-0.214243 1.018435
-0.214649 1.019936
-0.215070 1.021440
-0.215506 1.022947
-0.215955 1.024457
-0.216418 1.025971
-0.216894 1.027487
-0.217384 1.029007
-0.217886 1.030531
-0.218400 1.032058
-0.218927 1.033588
-0.219466 1.035123
-0.220016 1.036661
-0.220578 1.038203
-0.221150 1.039749
-0.221733 1.041299
-0.222327 1.042853
-0.222930 1.044412
-0.223543 1.045974
-0.224165 1.047541
-0.224795 1.049113
-0.225435 1.050688
-0.226082 1.052269
-0.226738 1.053854
-0.227400 1.055443
-0.228070 1.057037
-0.228747 1.058636
-0.229430 1.060240
2.556113 -0.115142
2.554404 -0.138139
2.552388 -0.161120
2.550063 -0.184081
2.547432 -0.207020
2.544495 -0.229934
2.541254 -0.252820
2.537710 -0.275676
2.533865 -0.298498
2.529721 -0.321284
2.525279 -0.344032
2.520542 -0.366739
2.515512 -0.389401
2.510191 -0.412017
2.504581 -0.434584
2.498685 -0.457099
2.492506 -0.479559
2.486046 -0.501963
2.479309 -0.524307
2.472297 -0.546590
2.465013 -0.568808
2.457462 -0.590959
2.449645 -0.613041
2.441567 -0.635052
2.433232 -0.656989
2.424642 -0.678849
2.415803 -0.700631
2.406717 -0.722333
2.397389 -0.743952
2.387822 -0.765485
2.378022 -0.786932
2.367992 -0.808289
2.357737 -0.829555
2.347261 -0.850728
2.336569 -0.871805
2.325665 -0.892785
2.314555 -0.913666
2.303242 -0.934446
2.291732 -0.955124
2.280030 -0.975697
2.268141 -0.996164
2.256069 -1.016523
2.243821 -1.036773
2.231400 -1.056911
2.218813 -1.076937
2.206064 -1.096849
2.193159 -1.116646
2.180103 -1.136326
2.166903 -1.155888
2.153562 -1.175330
2.140087 -1.194651
2.126483 -1.213851
2.112756 -1.232928
2.098911 -1.251880
2.084954 -1.270708
2.070891 -1.289409
2.056727 -1.307983
2.042467 -1.326430
2.028119 -1.344748
2.013686 -1.362936
1.999175 -1.380994
1.984592 -1.398921
1.969941 -1.416716
1.955230 -1.434379
1.940463 -1.451910
1.925647 -1.469308
1.910786 -1.486572
1.895887 -1.503702
1.880955 -1.520697
1.865995 -1.537559
1.851014 -1.554285
1.836017 -1.570877
1.821009 -1.587334
1.805996 -1.603655
1.790984 -1.619841
1.775977 -1.635893
1.760982 -1.651809
1.746003 -1.667591
1.731046 -1.683237
1.716117 -1.698749
1.701219 -1.714127
1.686360 -1.729372
1.671543 -1.744482
1.656774 -1.759459
1.642058 -1.774304
1.627400 -1.789017
1.612805 -1.803598
1.598278 -1.818047
1.583823 -1.832367
1.569446 -1.846556
1.555150 -1.860617
1.540942 -1.874549
1.526825 -1.888354
1.512803 -1.902032
1.498882 -1.915585
1.485066 -1.929013
1.471358 -1.942317
1.457764 -1.955497
1.444287 -1.968557
1.430932 -1.981495
1.417702 -1.994314
1.404602 -2.007014
1.391635 -2.019597
1.378806 -2.032064
1.366117 -2.044416
1.353574 -2.056654
1.341178 -2.068781
1.328934 -2.080796
1.316845 -2.092702
1.304915 -2.104500
1.293147 -2.116191
1.281544 -2.127777
1.270109 -2.139259
1.258845 -2.150639
1.247756 -2.161919
1.236843 -2.173100
1.226111 -2.184183
1.215561 -2.195170
1.205197 -2.206063
1.195020 -2.216864
1.185034 -2.227574
1.175240 -2.238195
1.165642 -2.248729
1.156241 -2.259178
1.147040 -2.269542
1.138040 -2.279825
1.129245 -2.290027
1.120654 -2.300152
1.112272 -2.310200
1.104099 -2.320173
1.096137 -2.330074
1.088387 -2.339904
1.080852 -2.349666
1.073533 -2.359360
1.066430 -2.368990
1.059547 -2.378557
1.052883 -2.388063
1.046439 -2.397509
1.040218 -2.406899
1.034220 -2.416234
1.028446 -2.425516
1.022897 -2.434747
1.017574 -2.443929
1.012477 -2.453064
1.007607 -2.462154
1.002965 -2.471201
0.998551 -2.480208
0.994366 -2.489176
0.990410 -2.498107
0.986683 -2.507004
0.983186 -2.515868
0.979918 -2.524702
0.976880 -2.533507
0.974072 -2.542287
0.971494 -2.551041
-1.870846 -1.500285
0.851509 -2.495882
-1.219914 -1.741795
-0.568448 -1.969445
-0.524299 -1.987698
-0.585620 -1.962171
-0.590101 -1.958056
-0.594345 -1.953910
-0.598357 -1.949736
-0.602142 -1.945534
-0.605706 -1.941306
-0.609054 -1.937054
-0.612191 -1.932780
-0.615122 -1.928484
-0.617852 -1.924169
-0.620385 -1.919835
-0.622727 -1.915484
-0.624883 -1.911117
-0.626856 -1.906736
-0.628652 -1.902342
-0.630276 -1.897935
-0.631732 -1.893518
-0.633024 -1.889091
-0.634156 -1.884656
-0.635134 -1.880213
-0.635961 -1.875765
-0.636641 -1.871310
-0.637180 -1.866852
-0.637580 -1.862390
-0.637846 -1.857926
-0.637981 -1.853461
-0.637990 -1.848995
-0.637877 -1.844529
-0.637645 -1.840065
-0.637299 -1.835602
-0.636840 -1.831143
-0.636274 -1.826687
-0.635604 -1.822235
-0.634834 -1.817789
-0.633966 -1.813348
-0.633004 -1.808913
-0.631951 -1.804486
-0.630812 -1.800066
-0.629588 -1.795655
-0.628283 -1.791252
-0.626901 -1.786859
-0.625443 -1.782476
-0.623914 -1.778103
-0.622316 -1.773741
-0.620653 -1.769391
-0.618926 -1.765052
-0.617138 -1.760726
-0.615293 -1.756412
-0.613394 -1.752112
-0.611442 -1.747825
-0.609440 -1.743552
-0.607392 -1.739293
-0.605299 -1.735048
-0.603163 -1.730819
-0.600989 -1.726604
-0.598776 -1.722405
-0.596529 -1.718221
-0.594250 -1.714054
-0.591939 -1.709902
-0.589601 -1.705767
-0.587237 -1.701648
-0.584848 -1.697545
-0.582438 -1.693460
-0.580008 -1.689391
-0.577561 -1.685340
-0.575097 -1.681305
-0.572620 -1.677288
-0.570131 -1.673289
-0.567632 -1.669307
-0.565124 -1.665342
-0.562611 -1.661395
-0.560092 -1.657465
-0.557571 -1.653554
-0.555048 -1.649659
-0.552526 -1.645783
-0.550006 -1.641924
-0.547489 -1.638083
-0.544978 -1.634259
-0.542474 -1.630453
-0.539978 -1.626664
-0.537492 -1.622893
-0.535017 -1.619140
-0.532555 -1.615403
-0.530107 -1.611684
-0.527674 -1.607982
-0.525259 -1.604296
-0.522861 -1.600628
-0.520484 -1.596976
-0.518126 -1.593341
-0.515791 -1.589722
-0.513480 -1.586120
-0.511192 -1.582534
-0.508930 -1.578963
-0.506696 -1.575408
-0.504489 -1.571869
-0.502311 -1.568346
-0.500163 -1.564837
-0.498047 -1.561343
-0.495962 -1.557864
-0.493912 -1.554400
-0.491895 -1.550949
-0.489914 -1.547513
-0.487969 -1.544090
-0.486061 -1.540681
-0.484192 -1.537286
-0.482362 -1.533903
-0.480571 -1.530532
-0.478822 -1.527175
-0.477114 -1.523829
-0.475449 -1.520495
-0.473827 -1.517172
-0.472250 -1.513861
-0.470717 -1.510561
-0.469231 -1.507271
-0.467791 -1.503991
-0.466398 -1.500722
-0.465053 -1.497462
-0.463757 -1.494211
-0.462510 -1.490969
-0.461314 -1.487736
-0.460168 -1.484511
-0.459074 -1.481293
-0.458032 -1.478083
-0.457042 -1.474881
-0.456106 -1.471685
-0.455224 -1.468495
-0.454396 -1.465311
-0.453623 -1.462133
-0.452906 -1.458961
-0.452245 -1.455793
-0.451641 -1.452629
-0.451094 -1.449469
-0.450604 -1.446314
-0.450173 -1.443161
-0.449800 -1.440011
-0.449487 -1.436864
-0.449233 -1.433718
-0.449039 -1.430574
-0.448905 -1.427431
-0.448832 -1.424289
-0.448820 -1.421148
-0.448870 -1.418006
-0.448982 -1.414863
-0.449156 -1.411720
-0.449393 -1.408575
-0.449693 -1.405428
-0.450056 -1.402279
-0.450482 -1.399127
-0.450973 -1.395972
-0.451527 -1.392813
-0.452146 -1.389651
-0.452830 -1.386483
-0.453578 -1.383311
-0.454392 -1.380133
-0.455271 -1.376949
-0.456216 -1.373759
-0.457227 -1.370562
-0.458303 -1.367358
-0.459446 -1.364146
-0.460655 -1.360925
-0.461930 -1.357696
-0.463272 -1.354458
-0.464680 -1.351210
-0.466156 -1.347952
-0.467698 -1.344684
-0.469307 -1.341405
-0.470983 -1.338114
-0.472726 -1.334811
-0.474537 -1.331495
-0.476414 -1.328167
-0.478359 -1.324825
-0.480370 -1.321470
-0.482449 -1.318100
-0.484595 -1.314715
-0.486808 -1.311315
-0.489089 -1.307900
-0.491436 -1.304468
-0.493850 -1.301020
-0.496331 -1.297554
-0.498878 -1.294071
-0.501492 -1.290570
-0.504173 -1.287050
-0.506920 -1.283511
-0.509733 -1.279953
-0.512612 -1.276375
-0.515556 -1.272776
-0.518567 -1.269157
-0.521643 -1.265516
-0.524784 -1.261853
-0.527990 -1.258169
-0.531260 -1.254461
-0.534595 -1.250731
-0.537994 -1.246977
-0.541457 -1.243199
-0.544984 -1.239396
-0.548573 -1.235569
-0.552226 -1.231716
-0.555940 -1.227838
-0.559717 -1.223933
-0.563556 -1.220002
-0.567456 -1.216043
-0.571417 -1.212057
-0.575439 -1.208043
-0.579520 -1.204001
-0.583662 -1.199930
-0.587862 -1.195829
-0.592121 -1.191699
-0.596438 -1.187540
-0.600812 -1.183349
-0.605244 -1.179128
-0.609732 -1.174876
-0.614277 -1.170592
-0.618876 -1.166276
-0.623531 -1.161927
-0.628239 -1.157546
-0.633001 -1.153132
-0.637817 -1.148684
-0.642684 -1.144202
-0.647603 -1.139686
-0.652573 -1.135136
-0.657593 -1.130550
-0.662663 -1.125929
-0.667781 -1.121273
-0.672948 -1.116580
-0.678162 -1.111851
-0.683422 -1.107086
-0.688729 -1.102283
-0.694080 -1.097443
-0.699475 -1.092566
-0.704913 -1.087651
-0.710394 -1.082697
-0.715917 -1.077705
-0.721480 -1.072674
-0.727083 -1.067604
-0.732725 -1.062495
-0.738405 -1.057346
-0.744122 -1.052157
-0.749876 -1.046928
-0.755664 -1.041659
-0.761487 -1.036349
-0.767342 -1.030998
-0.773230 -1.025606
-0.779150 -1.020173
-0.785099 -1.014698
-0.791078 -1.009181
-0.797084 -1.003623
-0.803118 -0.998022
-0.809177 -0.992379
-0.815262 -0.986693
-0.821370 -0.980965
-0.827501 -0.975194
-0.833653 -0.969380
-0.839826 -0.963523
-0.846018 -0.957623
-0.852228 -0.951679
-0.858455 -0.945691
-0.864697 -0.939660
-0.870954 -0.933586
-0.877225 -0.927467
-0.883507 -0.921304
-0.889801 -0.915098
-0.896104 -0.908847
-0.902415 -0.902552
-0.908734 -0.896213
-0.915058 -0.889830
-0.921387 -0.883403
-0.927720 -0.876931
-0.934054 -0.870414
-0.940390 -0.863854
-0.946724 -0.857249
-0.953057 -0.850600
-0.959387 -0.843906
-0.965712 -0.837168
-0.972032 -0.830386
-0.978344 -0.823560
-0.984648 -0.816689
-0.990942 -0.809775
-0.997226 -0.802816
-1.003496 -0.795814
-1.009753 -0.788767
-1.015994 -0.781677
-1.022219 -0.774543
-1.028426 -0.767366
-1.034614 -0.760146
-1.040781 -0.752882
-1.046926 -0.745575
-1.053048 -0.738225
-1.059144 -0.730832
-1.065215 -0.723397
-1.071258 -0.715919
-1.077273 -0.708399
-1.083257 -0.700837
-1.089209 -0.693234
-1.095129 -0.685589
-1.101014 -0.677902
-1.106863 -0.670174
-1.112676 -0.662406
-1.118449 -0.654597
-1.124184 -0.646748
-1.129877 -0.638859
-1.135527 -0.630930
-1.141134 -0.622961
-1.146695 -0.614954
-1.152211 -0.606908
-1.157678 -0.598823
-1.163096 -0.590700
-1.168464 -0.582540
-1.173780 -0.574342
-1.179043 -0.566107
-1.184252 -0.557835
-1.189406 -0.549528
-1.194502 -0.541184
-1.199541 -0.532805
-1.204520 -0.524390
-1.209439 -0.515942
-1.214296 -0.507458
-1.219090 -0.498942
-1.223820 -0.490391
-1.228485 -0.481808
-1.233083 -0.473193
-1.237614 -0.464545
-1.242075 -0.455866
-1.246467 -0.447156
-1.250788 -0.438416
-1.255037 -0.429645
-1.259213 -0.420846
-1.263314 -0.412017
-1.267340 -0.403159
-1.271290 -0.394274
-1.275162 -0.385361
-1.278956 -0.376422
-1.282671 -0.367456
-1.286306 -0.358465
-1.289859 -0.349448
-1.293330 -0.340407
-1.296719 -0.331342
-1.300023 -0.322253
-1.303243 -0.313142
-1.306377 -0.304008
-1.309424 -0.294853
-1.312384 -0.285676
-1.315257 -0.276479
-1.318041 -0.267263
-1.320735 -0.258027
-1.323339 -0.248773
-1.325852 -0.239500
-1.328273 -0.230211
-1.330603 -0.220905
-1.332840 -0.211583
-1.334983 -0.202245
-1.337032 -0.192893
-1.338987 -0.183527
-1.340847 -0.174148
-1.342611 -0.164755
-1.344280 -0.155351
-1.345852 -0.145936
-1.347327 -0.136510
-1.348705 -0.127073
-1.349985 -0.117628
-1.351167 -0.108174
-1.352251 -0.098712
-1.353237 -0.089243
-1.354124 -0.079767
-1.354912 -0.070285
-1.355600 -0.060798
-1.356189 -0.051307
-1.356679 -0.041812
-1.357068 -0.032314
-1.357358 -0.022813
-1.357548 -0.013311
-1.357638 -0.003808
-1.357628 0.005696
-1.357518 0.015199
-1.357309 0.024701
-1.356999 0.034201
-1.356589 0.043699
-1.356080 0.053193
-1.355471 0.062684
-1.354763 0.072169
-1.353956 0.081650
-1.353049 0.091125
-1.352044 0.100592
-1.350940 0.110053
-1.349738 0.119505
-1.348439 0.128949
-1.347041 0.138383
-1.345547 0.147807
-1.343956 0.157221
-1.342268 0.166623
-1.340485 0.176012
-1.338606 0.185389
-1.336632 0.194753
-1.334564 0.204102
-1.332403 0.213436
-1.330147 0.222755
-1.327800 0.232058
-1.325360 0.241344
-1.322829 0.250613
-1.320207 0.259864
-1.317495 0.269096
-1.314693 0.278308
-1.311803 0.287501
-1.308826 0.296673
-1.305761 0.305824
-1.302610 0.314954
-1.299373 0.324061
-1.296052 0.333145
-1.292647 0.342205
-1.289160 0.351242
-1.285590 0.360253
-1.281939 0.369240
-1.278209 0.378200
-1.274399 0.387134
-1.270511 0.396042
-1.266546 0.404921
-1.262505 0.413773
-1.258389 0.422596
-1.254199 0.431390
-1.249935 0.440155
-1.245600 0.448889
-1.241194 0.457593
-1.236719 0.466266
-1.232175 0.474907
-1.227563 0.483516
-1.222886 0.492093
-1.218143 0.500636
-1.213336 0.509147
-1.208467 0.517623
-1.203536 0.526065
-1.198545 0.534472
-1.193494 0.542845
-1.188386 0.551181
-1.183222 0.559482
-1.178002 0.567746
-1.172728 0.575974
-1.167402 0.584164
-1.162024 0.592317
-1.156596 0.600432
-1.151119 0.608509
-1.145594 0.616548
-1.140023 0.624548
-1.134408 0.632508
-1.128749 0.640429
-1.123047 0.648311
-1.117305 0.656152
-1.111524 0.663953
-1.105704 0.671713
-1.099847 0.679433
-1.093955 0.687111
-1.088029 0.694748
-1.082070 0.702343
-1.076080 0.709897
-1.070060 0.717408
-1.064011 0.724877
-1.057935 0.732304
-1.051833 0.739689
-1.045707 0.747030
-1.039557 0.754328
-1.033386 0.761584
-1.027194 0.768796
-1.020984 0.775964
-1.014755 0.783089
-1.008511 0.790171
-1.002251 0.797209
-0.995978 0.804202
-0.989693 0.811152
-0.983397 0.818058
-0.977091 0.824920
-0.970777 0.831737
-0.964456 0.838511
-0.958130 0.845240
-0.951799 0.851924
-0.945466 0.858565
-0.939131 0.865161
-0.932796 0.871713
-0.926461 0.878220
-0.920129 0.884683
-0.913801 0.891102
-0.907478 0.897476
-0.901160 0.903807
-0.894851 0.910093
-0.888549 0.916335
-0.882258 0.922532
-0.875978 0.928686
-0.869710 0.934796
-0.863456 0.940862
-0.857216 0.946884
-0.850993 0.952863
-0.844786 0.958798
-0.838598 0.964690
-0.832429 0.970539
-0.826281 0.976344
-0.820155 0.982107
-0.814051 0.987827
-0.807971 0.993504
-0.801917 0.999138
-0.795889 1.004730
-0.789887 1.010281
-0.783915 1.015789
-0.777971 1.021256
-0.772058 1.026681
-0.766176 1.032064
-0.760327 1.037407
-0.754511 1.042709
-0.748730 1.047970
-0.742983 1.053191
-0.737274 1.058372
-0.731601 1.063513
-0.725967 1.068615
-0.720372 1.073677
-0.714816 1.078700
-0.709302 1.083684
-0.703829 1.088630
-0.698399 1.093538
-0.693013 1.098408
-0.687671 1.103240
-0.682373 1.108036
-0.677122 1.112794
-0.671918 1.117515
-0.666761 1.122201
-0.661652 1.126850
-0.656592 1.131464
-0.651581 1.136043
-0.646622 1.140586
-0.641713 1.145095
-0.636856 1.149570
-0.632051 1.154011
-0.627299 1.158419
-0.622602 1.162794
-0.617958 1.167136
-0.613369 1.171445
-0.608836 1.175723
-0.604359 1.179969
-0.599939 1.184184
-0.595575 1.188368
-0.591270 1.192522
-0.587023 1.196646
-0.582834 1.200741
-0.578705 1.204806
-0.574635 1.208843
-0.570626 1.212851
-0.566677 1.216832
-0.562789 1.220785
-0.558962 1.224711
-0.555197 1.228610
-0.551495 1.232484
-0.547855 1.236332
-0.544278 1.240154
-0.540764 1.243952
-0.537314 1.247725
-0.533927 1.251474
-0.530605 1.255200
-0.527347 1.258903
-0.524154 1.262583
-0.521026 1.266241
-0.517964 1.269877
-0.514966 1.273493
-0.512034 1.277087
-0.509168 1.280661
-0.506369 1.284216
-0.503635 1.287751
-0.500967 1.291267
-0.498367 1.294764
-0.495832 1.298244
-0.493365 1.301706
-0.490964 1.305151
-0.488630 1.308580
-0.486363 1.311992
-0.484164 1.315389
-0.482031 1.318771
-0.479965 1.322138
-0.477967 1.325490
-0.476036 1.328829
-0.474172 1.332155
-0.472375 1.335468
-0.470645 1.338768
-0.468982 1.342057
-0.467386 1.345334
-0.465857 1.348601
-0.464395 1.351856
-0.463000 1.355102
-0.461671 1.358339
-0.460409 1.361566
-0.459214 1.364785
-0.458084 1.367995
-0.457021 1.371198
-0.456023 1.374393
-0.455092 1.377582
-0.454225 1.380765
-0.453425 1.383942
-0.452689 1.387113
-0.452018 1.390279
-0.451412 1.393441
-0.450870 1.396599
-0.450392 1.399754
-0.449978 1.402905
-0.449628 1.406054
-0.449341 1.409200
-0.449117 1.412344
-0.448955 1.415488
-0.448855 1.418630
-0.448818 1.421772
-0.448842 1.424914
-0.448927 1.428056
-0.449072 1.431199
-0.449278 1.434343
-0.449544 1.437489
-0.449870 1.440637
-0.450254 1.443787
-0.450697 1.446940
-0.451198 1.450097
-0.451756 1.453257
-0.452372 1.456422
-0.453044 1.459591
-0.453772 1.462764
-0.454556 1.465944
-0.455395 1.469128
-0.456288 1.472319
-0.457235 1.475516
-0.458235 1.478721
-0.459287 1.481932
-0.460392 1.485151
-0.461548 1.488377
-0.462754 1.491613
-0.464011 1.494856
-0.465316 1.498109
-0.466671 1.501371
-0.468073 1.504642
-0.469522 1.507924
-0.471018 1.511216
-0.472560 1.514518
-0.474146 1.517832
-0.475776 1.521156
-0.477450 1.524493
-0.479166 1.527841
-0.480924 1.531201
-0.482722 1.534574
-0.484560 1.537959
-0.486437 1.541358
-0.488353 1.544769
-0.490305 1.548195
-0.492293 1.551634
-0.494316 1.555087
-0.496374 1.558554
-0.498465 1.562036
-0.500587 1.565533
-0.502741 1.569045
-0.504925 1.572571
-0.507137 1.576114
-0.509378 1.579671
-0.511645 1.583245
-0.513937 1.586834
-0.516253 1.590440
-0.518593 1.594062
-0.520954 1.597700
-0.523336 1.601355
-0.525737 1.605027
-0.528156 1.608716
-0.530592 1.612421
-0.533043 1.616144
-0.535508 1.619884
-0.537985 1.623641
-0.540473 1.627416
-0.542971 1.631208
-0.545477 1.635017
-0.547989 1.638845
-0.550506 1.642689
-0.553027 1.646552
-0.555549 1.650432
-0.558072 1.654329
-0.560593 1.658245
-0.563110 1.662178
-0.565623 1.666128
-0.568129 1.670096
-0.570626 1.674082
-0.573113 1.678085
-0.575588 1.682106
-0.578048 1.686143
-0.580493 1.690198
-0.582919 1.694270
-0.585325 1.698359
-0.587708 1.702465
-0.590068 1.706587
-0.592401 1.710726
-0.594705 1.714880
-0.596978 1.719051
-0.599219 1.723238
-0.601424 1.727440
-0.603591 1.731658
-0.605718 1.735891
-0.607802 1.740138
-0.609842 1.744400
-0.611834 1.748676
-0.613775 1.752965
-0.615664 1.757268
-0.617498 1.761584
-0.619274 1.765913
-0.620988 1.770254
-0.622639 1.774607
-0.624224 1.778971
-0.625739 1.783346
-0.627181 1.787731
-0.628549 1.792126
-0.629838 1.796531
-0.631045 1.800944
-0.632168 1.805365
-0.633202 1.809794
-0.634146 1.814230
-0.634995 1.818672
-0.635746 1.823119
-0.636395 1.827572
-0.636940 1.832029
-0.637376 1.836489
-0.637701 1.840952
-0.637909 1.845416
-0.637999 1.849882
-0.637964 1.854348
-0.637803 1.858813
-0.637511 1.863277
-0.637084 1.867738
-0.636518 1.872196
-0.635808 1.876649
-0.634952 1.881097
-0.633944 1.885538
-0.632780 1.889972
-0.631456 1.894396
-0.629967 1.898812
-0.628309 1.903216
-0.626478 1.907607
-0.624469 1.911986
-0.622277 1.916350
-0.619897 1.920697
-0.617325 1.925028
-0.614556 1.929339
-0.611584 1.933631
-0.608406 1.937901
-0.605016 1.942148
-0.601408 1.946371
-0.597578 1.950567
-0.593520 1.954736
-0.589230 1.958876
-0.584701 1.962985
-0.579929 1.967061
-0.574908 1.971103
-0.569632 1.975110
-0.564096 1.979078
-0.558295 1.983006
0.772766 2.482694
1.353776 2.670736
0.117484 2.220580
1.667708 2.775932
0.794728 2.443833
0.987429 2.505288
0.991202 2.496385
0.995203 2.487446
0.999433 2.478470
1.003893 2.469456
1.008580 2.460400
1.013494 2.451301
1.018636 2.442156
1.024004 2.432964
1.029598 2.423723
1.035416 2.414431
1.041458 2.405085
1.047724 2.395684
1.054211 2.386226
1.060918 2.376708
1.067845 2.367128
1.074991 2.357486
1.082353 2.347778
1.089931 2.338003
1.097723 2.328158
1.105727 2.318243
1.113942 2.308255
1.122366 2.298192
1.130997 2.288052
1.139833 2.277833
1.148873 2.267534
1.158114 2.257153
1.167554 2.246687
1.177191 2.236136
1.187023 2.225497
1.197048 2.214769
1.207262 2.203950
1.217663 2.193038
1.228250 2.182031
1.239018 2.170929
1.249966 2.159728
1.261091 2.148429
1.272389 2.137028
1.283858 2.125525
1.295494 2.113918
1.307295 2.102206
1.319257 2.090387
1.331377 2.078459
1.343651 2.066421
1.356077 2.054273
1.368650 2.042012
1.381367 2.029637
1.394224 2.017147
1.407218 2.004540
1.420344 1.991816
1.433599 1.978974
1.446979 1.966011
1.460480 1.952928
1.474097 1.939722
1.487827 1.926393
1.501665 1.912941
1.515606 1.899363
1.529647 1.885660
1.543783 1.871829
1.558010 1.857871
1.572322 1.843785
1.586715 1.829569
1.601185 1.815224
1.615727 1.800748
1.630335 1.786140
1.645005 1.771401
1.659732 1.756530
1.674512 1.741526
1.689338 1.726389
1.704205 1.711118
1.719110 1.695713
1.734046 1.680174
1.749008 1.664500
1.763991 1.648692
1.778989 1.632748
1.793998 1.616670
1.809011 1.600456
1.824024 1.584108
1.839030 1.567624
1.854025 1.551005
1.869002 1.534251
1.883957 1.517363
1.898884 1.500340
1.913776 1.483183
4.989391 -0.224841
4.984733 -0.269725
4.979237 -0.314563
4.972905 -0.359349
4.965744 -0.404073
4.957757 -0.448730
4.948951 -0.493310
4.939332 -0.537808
4.928907 -0.582216
4.917684 -0.626526
4.905670 -0.670732
4.892875 -0.714826
4.879307 -0.758801
4.864977 -0.802651
4.849895 -0.846369
4.834071 -0.889947
4.817516 -0.933380
4.800244 -0.976660
4.782265 -1.019782
4.763594 -1.062739
4.744242 -1.105525
4.724225 -1.148133
4.703555 -1.190559
4.682248 -1.232795
4.660319 -1.274837
4.637783 -1.316679
4.614656 -1.358316
4.590955 -1.399741
4.566695 -1.440951
4.541894 -1.481940
4.516570 -1.522704
4.490739 -1.563237
4.464420 -1.603536
4.437630 -1.643595
4.410389 -1.683412
4.382715 -1.722981
4.354627 -1.762299
4.326145 -1.801363
4.297287 -1.840169
4.268073 -1.878713
4.238524 -1.916993
4.208658 -1.955006
4.178497 -1.992748
4.148060 -2.030218
4.117369 -2.067412
4.086443 -2.104330
4.055302 -2.140968
4.023969 -2.177324
3.992463 -2.213399
3.960805 -2.249188
3.929016 -2.284693
3.897117 -2.319910
3.865129 -2.354840
3.833073 -2.389482
3.800969 -2.423836
3.768838 -2.457900
3.736701 -2.491675
3.704579 -2.525160
3.672492 -2.558357
3.640461 -2.591265
3.608506 -2.623886
3.576647 -2.656219
3.544906 -2.688266
3.513301 -2.720028
3.481853 -2.751506
3.450582 -2.782701
3.419507 -2.813617
3.388648 -2.844253
3.358023 -2.874613
3.327653 -2.904698
3.297556 -2.934512
3.267751 -2.964055
3.238255 -2.993332
3.209089 -3.022345
3.180269 -3.051097
3.151813 -3.079591
3.123740 -3.107830
3.096066 -3.135819
3.068808 -3.163561
3.041984 -3.191059
3.015609 -3.218318
2.989701 -3.245341
2.964275 -3.272134
2.939347 -3.298700
2.914933 -3.325044
2.891048 -3.351170
2.867706 -3.377084
2.844923 -3.402791
2.822713 -3.428295
2.801090 -3.453601
2.780068 -3.478716
2.759660 -3.503644
2.739879 -3.528392
-0.385839 -2.577699
0.615677 -2.886775
0.608560 -2.924561
-0.642322 -2.531131
0.246568 -2.829032
-0.025178 -2.756918
-0.067326 -2.756594
-0.108343 -2.755978
-0.148241 -2.755080
-0.187034 -2.753906
-0.224735 -2.752464
-0.261358 -2.750762
-0.296917 -2.748807
-0.331427 -2.746607
-0.364903 -2.744170
-0.397360 -2.741501
-0.428812 -2.738609
-0.459277 -2.735500
-0.488768 -2.732181
-0.517302 -2.728660
-0.544896 -2.724941
-0.571564 -2.721033
-0.597322 -2.716942
-0.622188 -2.712673
-0.646177 -2.708233
-0.669306 -2.703628
-0.691589 -2.698865
-0.713045 -2.693948
-0.733688 -2.688884
-0.753536 -2.683678
-0.772603 -2.678336
-0.790906 -2.672864
-0.808461 -2.667265
-0.825284 -2.661547
-0.841391 -2.655713
-0.856797 -2.649769
-0.871517 -2.643719
-0.885567 -2.637569
-0.898963 -2.631323
-0.911719 -2.624985
-0.923850 -2.618560
-0.935372 -2.612053
-0.946298 -2.605467
-0.956644 -2.598806
-0.966423 -2.592075
-0.975650 -2.585277
-0.984339 -2.578417
-0.992503 -2.571498
-1.000157 -2.564523
-1.007313 -2.557497
-1.013985 -2.550422
-1.020186 -2.543302
-1.025928 -2.536140
-1.031225 -2.528940
-1.036089 -2.521704
-1.040532 -2.514436
-1.044566 -2.507138
-1.048202 -2.499813
-1.051454 -2.492464
-1.054332 -2.485093
-1.056847 -2.477704
-1.059011 -2.470298
-1.060834 -2.462879
-1.062327 -2.455447
-1.063501 -2.448007
-1.064366 -2.440559
-1.064932 -2.433106
-1.065209 -2.425651
-1.065206 -2.418194
-1.064934 -2.410739
-1.064401 -2.403286
-1.063617 -2.395838
-1.062591 -2.388396
-1.061331 -2.380962
-1.059847 -2.373538
-1.058147 -2.366124
-1.056238 -2.358724
-1.054130 -2.351338
-1.051829 -2.343967
-1.049345 -2.336612
-1.046684 -2.329276
-1.043854 -2.321959
-1.040862 -2.314663
-1.037716 -2.307387
-1.034422 -2.300135
-1.030987 -2.292906
-1.027419 -2.285701
-1.023723 -2.278522
-1.019906 -2.271370
-1.015974 -2.264244
-1.011933 -2.257146
-1.007790 -2.250077
-1.003549 -2.243037
-0.999218 -2.236028
-0.994801 -2.229049
-0.990304 -2.222101
-0.985733 -2.215184
-0.981091 -2.208301
-0.976386 -2.201449
-0.971621 -2.194631
-0.966801 -2.187847
-0.961932 -2.181096
-0.957018 -2.174380
-0.952063 -2.167698
-0.947071 -2.161051
-0.942048 -2.154439
-0.936998 -2.147862
-0.931924 -2.141321
-0.926830 -2.134815
-0.921721 -2.128346
-0.916600 -2.121911
-0.911471 -2.115513
-0.906338 -2.109151
-0.901205 -2.102824
-0.896074 -2.096534
-0.890949 -2.090279
-0.885834 -2.084061
-0.880732 -2.077878
-0.875645 -2.071730
-0.870578 -2.065619
-0.865533 -2.059542
-0.860512 -2.053501
-0.855520 -2.047495
-0.850558 -2.041524
-0.845630 -2.035587
-0.840738 -2.029685
-0.835884 -2.023817
-0.831072 -2.017982
-0.826304 -2.012182
-0.821581 -2.006414
-0.816907 -2.000679
-0.812284 -1.994977
-0.807714 -1.989307
-0.803199 -1.983669
-0.798742 -1.978062
-0.794344 -1.972487
-0.790007 -1.966941
-0.785734 -1.961426
-0.781526 -1.955941
-0.777385 -1.950485
-0.773314 -1.945057
-0.769313 -1.939658
-0.765385 -1.934287
-0.761532 -1.928943
-0.757754 -1.923625
-0.754054 -1.918334
-0.750432 -1.913068
-0.746892 -1.907828
-0.743434 -1.902612
-0.740059 -1.897419
-0.736769 -1.892251
-0.733565 -1.887104
-0.730450 -1.881980
-0.727423 -1.876878
-0.724486 -1.871796
-0.721641 -1.866735
-0.718888 -1.861693
-0.716229 -1.856670
-0.713665 -1.851666
-0.711197 -1.846679
-0.708826 -1.841709
-0.706554 -1.836755
-0.704380 -1.831817
-0.702306 -1.826893
-0.700333 -1.821984
-0.698462 -1.817088
-0.696693 -1.812205
-0.695028 -1.807335
-0.693468 -1.802475
-0.692012 -1.797626
-0.690662 -1.792786
-0.689419 -1.787956
-0.688283 -1.783134
-0.687255 -1.778320
-0.686336 -1.773512
-0.685526 -1.768711
-0.684825 -1.763915
-0.684235 -1.759123
-0.683755 -1.754335
-0.683387 -1.749550
-0.683131 -1.744768
-0.682987 -1.739986
-0.682956 -1.735206
-0.683038 -1.730425
-0.683233 -1.725643
-0.683542 -1.720859
-0.683965 -1.716073
-0.684503 -1.711283
-0.685155 -1.706490
-0.685922 -1.701691
-0.686804 -1.696886
-0.687802 -1.692075
-0.688915 -1.687257
-0.690144 -1.682430
-0.691488 -1.677595
-0.692949 -1.672749
-0.694525 -1.667893
-0.696218 -1.663026
-0.698026 -1.658146
-0.699950 -1.653253
-0.701990 -1.648346
-0.704146 -1.643425
-0.706418 -1.638488
-0.708806 -1.633535
-0.711309 -1.628564
-0.713927 -1.623576
-0.716661 -1.618569
-0.719509 -1.613543
-0.722472 -1.608496
-0.725550 -1.603428
-0.728742 -1.598338
-0.732048 -1.593225
-0.735467 -1.588089
-0.739000 -1.582928
-0.742645 -1.577743
-0.746402 -1.572531
-0.750271 -1.567293
-0.754252 -1.562027
-0.758343 -1.556733
-0.762545 -1.551410
-0.766857 -1.546057
-0.771278 -1.540674
-0.775807 -1.535259
-0.780444 -1.529812
-0.785189 -1.524332
-0.790040 -1.518819
-0.794997 -1.513272
-0.800059 -1.507689
-0.805225 -1.502071
-0.810495 -1.496416
-0.815867 -1.490723
-0.821342 -1.484993
-0.826917 -1.479224
-0.832592 -1.473416
-0.838367 -1.467568
-0.844239 -1.461679
-0.850208 -1.455748
-0.856274 -1.449776
-0.862434 -1.443760
-0.868689 -1.437701
-0.875036 -1.431598
-0.881475 -1.425451
-0.888004 -1.419257
-0.894622 -1.413018
-0.901329 -1.406733
-0.908122 -1.400400
-0.915001 -1.394019
-0.921964 -1.387589
-0.929010 -1.381111
-0.936137 -1.374583
-0.943345 -1.368005
-0.950631 -1.361376
-0.957994 -1.354696
-0.965433 -1.347964
-0.972946 -1.341180
-0.980532 -1.334342
-0.988189 -1.327452
-0.995916 -1.320508
-1.003710 -1.313509
-1.011571 -1.306456
-1.019497 -1.299347
-1.027485 -1.292182
-1.035535 -1.284962
-1.043644 -1.277685
-1.051810 -1.270351
-1.060033 -1.262959
-1.068310 -1.255510
-1.076639 -1.248003
-1.085019 -1.240437
-1.093446 -1.232813
-1.101921 -1.225129
-1.110440 -1.217386
-1.119002 -1.209582
-1.127605 -1.201719
-1.136246 -1.193796
-1.144924 -1.185812
-1.153637 -1.177767
-1.162382 -1.169661
-1.171157 -1.161493
-1.179961 -1.153265
-1.188792 -1.144974
-1.197646 -1.136621
-1.206522 -1.128207
-1.215419 -1.119730
-1.224332 -1.111191
-1.233261 -1.102589
-1.242203 -1.093925
-1.251156 -1.085199
-1.260118 -1.076409
-1.269086 -1.067557
-1.278058 -1.058642
-1.287032 -1.049664
-1.296005 -1.040623
-1.304975 -1.031520
-1.313940 -1.022354
-1.322898 -1.013125
-1.331846 -1.003833
-1.340781 -0.994479
-1.349702 -0.985062
-1.358605 -0.975583
-1.367489 -0.966042
-1.376352 -0.956438
-1.385190 -0.946773
-1.394002 -0.937046
-1.402784 -0.927257
-1.411535 -0.917407
-1.420253 -0.907496
-1.428934 -0.897524
-1.437576 -0.887491
-1.446178 -0.877398
-1.454735 -0.867244
-1.463247 -0.857031
-1.471711 -0.846759
-1.480124 -0.836428
-1.488485 -0.826037
-1.496789 -0.815589
-1.505036 -0.805082
-1.513223 -0.794518
-1.521347 -0.783897
-1.529406 -0.773220
-1.537398 -0.762486
-1.545320 -0.751696
-1.553171 -0.740852
-1.560947 -0.729952
-1.568647 -0.718999
-1.576268 -0.707991
-1.583808 -0.696931
-1.591265 -0.685818
-1.598636 -0.674653
-1.605919 -0.663437
-1.613113 -0.652171
-1.620215 -0.640854
-1.627222 -0.629488
-1.634133 -0.618073
-1.640946 -0.606610
-1.647658 -0.595100
-1.654268 -0.583543
-1.660773 -0.571941
-1.667172 -0.560293
-1.673462 -0.548601
-1.679641 -0.536865
-1.685709 -0.525086
-1.691662 -0.513265
-1.697498 -0.501403
-1.703217 -0.489500
-1.708817 -0.477558
-1.714295 -0.465577
-1.719649 -0.453558
-1.724879 -0.441502
-1.729982 -0.429410
-1.734958 -0.417283
-1.739803 -0.405121
-1.744518 -0.392926
-1.749099 -0.380698
-1.753547 -0.368439
-1.757859 -0.356149
-1.762034 -0.343829
-1.766071 -0.331481
-1.769968 -0.319104
-1.773724 -0.306701
-1.777339 -0.294273
-1.780810 -0.281819
-1.784137 -0.269342
-1.787319 -0.256841
-1.790354 -0.244320
-1.793242 -0.231777
-1.795982 -0.219214
-1.798573 -0.206633
-1.801013 -0.194035
-1.803303 -0.181420
-1.805441 -0.168789
-1.807427 -0.156144
-1.809260 -0.143485
-1.810940 -0.130815
-1.812466 -0.118133
-1.813837 -0.105440
-1.815053 -0.092739
-1.816114 -0.080030
-1.817020 -0.067314
-1.817769 -0.054592
-1.818362 -0.041866
-1.818799 -0.029135
-1.819079 -0.016403
-1.819202 -0.003669
-1.819169 0.009066
-1.818979 0.021799
-1.818633 0.034531
-1.818130 0.047260
-1.817470 0.059985
-1.816655 0.072704
-1.815684 0.085417
-1.814557 0.098123
-1.813275 0.110821
-1.811838 0.123509
-1.810247 0.136186
-1.808502 0.148852
-1.806604 0.161505
-1.804553 0.174144
-1.802351 0.186768
-1.799997 0.199377
-1.797493 0.211968
-1.794839 0.224541
-1.792036 0.237095
-1.789086 0.249629
-1.785988 0.262142
-1.782745 0.274633
-1.779357 0.287100
-1.775824 0.299543
-1.772150 0.311961
-1.768333 0.324353
-1.764377 0.336718
-1.760281 0.349054
-1.756048 0.361361
-1.751678 0.373638
-1.747174 0.385885
-1.742536 0.398099
-1.737765 0.410280
-1.732865 0.422427
-1.727835 0.434540
-1.722678 0.446616
-1.717395 0.458657
-1.711988 0.470660
-1.706458 0.482624
-1.700808 0.494550
-1.695039 0.506435
-1.689153 0.518280
-1.683151 0.530083
-1.677036 0.541844
-1.670809 0.553561
-1.664473 0.565235
-1.658029 0.576864
-1.651479 0.588447
-1.644826 0.599984
-1.638071 0.611474
-1.631216 0.622917
-1.624264 0.634311
-1.617216 0.645657
-1.610075 0.656952
-1.602843 0.668197
-1.595522 0.679392
-1.588115 0.690534
-1.580622 0.701625
-1.573048 0.712663
-1.565393 0.723648
-1.557660 0.734578
-1.549852 0.745455
-1.541971 0.756276
-1.534019 0.767042
-1.525998 0.777752
-1.517911 0.788406
-1.509760 0.799003
-1.501548 0.809542
-1.493276 0.820024
-1.484948 0.830448
-1.476565 0.840813
-1.468130 0.851120
-1.459646 0.861367
-1.451114 0.871555
-1.442537 0.881683
-1.433918 0.891750
-1.425259 0.901757
-1.416562 0.911704
-1.407830 0.921589
-1.399066 0.931413
-1.390270 0.941176
-1.381447 0.950877
-1.372598 0.960516
-1.363727 0.970093
-1.354834 0.979608
-1.345923 0.989061
-1.336995 0.998451
-1.328055 1.007779
-1.319103 1.017044
-1.310141 1.026246
-1.301174 1.035386
-1.292202 1.044463
-1.283228 1.053477
-1.274255 1.062428
-1.265284 1.071316
-1.256319 1.080142
-1.247361 1.088905
-1.238412 1.097605
-1.229475 1.106243
-1.220552 1.114818
-1.211646 1.123330
-1.202758 1.131781
-1.193891 1.140169
-1.185046 1.148495
-1.176227 1.156760
-1.167434 1.164963
-1.158671 1.173104
-1.149940 1.181184
-1.141242 1.189203
-1.132579 1.197161
-1.123954 1.205059
-1.115368 1.212897
-1.106824 1.220675
-1.098324 1.228393
-1.089869 1.236051
-1.081461 1.243651
-1.073103 1.251192
-1.064796 1.258674
-1.056541 1.266099
-1.048342 1.273466
-1.040200 1.280776
-1.032116 1.288029
-1.024092 1.295226
-1.016130 1.302366
-1.008231 1.309452
-1.000399 1.316482
-0.992633 1.323457
-0.984935 1.330379
-0.977308 1.337247
-0.969753 1.344061
-0.962271 1.350823
-0.954864 1.357533
-0.947533 1.364192
-0.940280 1.370799
-0.933107 1.377356
-0.926014 1.383863
-0.919003 1.390320
-0.912075 1.396729
-0.905232 1.403089
-0.898476 1.409402
-0.891806 1.415668
-0.885226 1.421888
-0.878735 1.428062
-0.872334 1.434190
-0.866026 1.440275
-0.859812 1.446315
-0.853691 1.452312
-0.847667 1.458267
-0.841738 1.464180
-0.835907 1.470051
-0.830175 1.475883
-0.824542 1.481674
-0.819009 1.487426
-0.813578 1.493140
-0.808249 1.498817
-0.803023 1.504456
-0.797901 1.510059
-0.792883 1.515627
-0.787971 1.521160
-0.783165 1.526659
-0.778466 1.532125
-0.773874 1.537558
-0.769391 1.542959
-0.765016 1.548329
-0.760751 1.553669
-0.756596 1.558980
-0.752551 1.564262
-0.748618 1.569516
-0.744796 1.574743
-0.741086 1.579944
-0.737489 1.585118
-0.734004 1.590269
-0.730633 1.595395
-0.727375 1.600498
-0.724232 1.605578
-0.721203 1.610637
-0.718288 1.615675
-0.715488 1.620694
-0.712803 1.625692
-0.710234 1.630673
-0.707780 1.635636
-0.705441 1.640582
-0.703218 1.645512
-0.701111 1.650428
-0.699120 1.655328
-0.697245 1.660216
-0.695486 1.665090
-0.693843 1.669953
-0.692316 1.674804
-0.690904 1.679645
-0.689609 1.684477
-0.688429 1.689300
-0.687365 1.694115
-0.686416 1.698923
-0.685583 1.703725
-0.684864 1.708522
-0.684261 1.713314
-0.683772 1.718102
-0.683397 1.722887
-0.683136 1.727670
-0.682989 1.732451
-0.682955 1.737232
-0.683034 1.742013
-0.683226 1.746794
-0.683530 1.751578
-0.683945 1.756364
-0.684471 1.761154
-0.685108 1.765947
-0.685856 1.770745
-0.686712 1.775549
-0.687678 1.780360
-0.688751 1.785177
-0.689933 1.790002
-0.691221 1.794836
-0.692616 1.799680
-0.694116 1.804533
-0.695721 1.809398
-0.697430 1.814274
-0.699242 1.819162
-0.701157 1.824063
-0.703172 1.828978
-0.705289 1.833908
-0.707505 1.838853
-0.709819 1.843813
-0.712232 1.848790
-0.714740 1.853785
-0.717345 1.858797
-0.720043 1.863828
-0.722835 1.868878
-0.725720 1.873948
-0.728695 1.879038
-0.731759 1.884149
-0.734912 1.889283
-0.738153 1.894438
-0.741479 1.899617
-0.744889 1.904819
-0.748383 1.910046
-0.751957 1.915297
-0.755612 1.920573
-0.759346 1.925876
-0.763156 1.931204
-0.767041 1.936560
-0.771000 1.941943
-0.775031 1.947354
-0.779132 1.952794
-0.783301 1.958262
-0.787537 1.963760
-0.791837 1.969288
-0.796200 1.974846
-0.800624 1.980435
-0.805106 1.986055
-0.809644 1.991706
-0.814237 1.997390
-0.818882 2.003106
-0.823577 2.008854
-0.828319 2.014636
-0.833107 2.020451
-0.837937 2.026300
-0.842807 2.032182
-0.847715 2.038099
-0.852657 2.044050
-0.857632 2.050036
-0.862637 2.056057
-0.867668 2.062113
-0.872723 2.068205
-0.877799 2.074331
-0.882892 2.080494
-0.888001 2.086692
-0.893120 2.092926
-0.898248 2.099196
-0.903380 2.105501
-0.908514 2.111843
-0.913646 2.118221
-0.918772 2.124634
-0.923888 2.131083
-0.928991 2.137568
-0.934077 2.144089
-0.939141 2.150645
-0.944181 2.157237
-0.949191 2.163864
-0.954167 2.170526
-0.959106 2.177222
-0.964002 2.183953
-0.968850 2.190718
-0.973647 2.197517
-0.978388 2.204349
-0.983067 2.211214
-0.987679 2.218112
-0.992220 2.225041
-0.996683 2.232003
-1.001065 2.238995
-1.005358 2.246017
-1.009558 2.253070
-1.013658 2.260151
-1.017654 2.267261
-1.021538 2.274398
-1.025304 2.281562
-1.028947 2.288752
-1.032460 2.295967
-1.035836 2.303206
-1.039068 2.310468
-1.042149 2.317753
-1.045073 2.325058
-1.047833 2.332383
-1.050420 2.339727
-1.052827 2.347089
-1.055047 2.354466
-1.057072 2.361859
-1.058893 2.369265
-1.060503 2.376683
-1.061893 2.384111
-1.063055 2.391549
-1.063980 2.398994
-1.064658 2.406444
-1.065082 2.413898
-1.065241 2.421354
-1.065126 2.428811
-1.064728 2.436266
-1.064037 2.443716
-1.063042 2.451161
-1.061734 2.458598
-1.060102 2.466025
-1.058136 2.473439
-1.055825 2.480838
-1.053157 2.488220
-1.050122 2.495581
-1.046709 2.502920
-1.042905 2.510234
-1.038699 2.517520
-1.034080 2.524775
-1.029034 2.531996
-1.023550 2.539181
-1.017614 2.546325
-1.011215 2.553426
-1.004340 2.560481
-0.996975 2.567486
-0.989106 2.574437
-0.980721 2.581332
-0.971806 2.588166
-0.962346 2.594936
-0.952329 2.601638
-0.941739 2.608267
-0.930562 2.614821
-0.918784 2.621294
-0.906390 2.627682
-0.893364 2.633982
-0.879693 2.640188
-0.865361 2.646296
-0.850352 2.652301
-0.834651 2.658199
-0.818243 2.663985
-0.801111 2.669653
-0.783241 2.675199
-0.764616 2.680617
-0.745220 2.685901
-0.725037 2.691048
-0.704052 2.696050
-0.682247 2.700903
-0.659607 2.705600
-0.636116 2.710135
-0.611757 2.714503
-0.586515 2.718698
-0.560373 2.722712
-0.533315 2.726541
-0.505325 2.730177
-0.476386 2.733613
-0.446485 2.736844
-0.415603 2.739862
-0.383727 2.742660
-0.350840 2.745231
-0.316928 2.747569
-0.281975 2.749666
-0.245967 2.751514
-0.208889 2.753107
-0.170727 2.754436
-0.131467 2.755495
-0.091096 2.756274
-0.049601 2.756767
-0.006970 2.756966
0.036811 2.756862
0.081752 2.756448
0.127865 2.755715
0.175160 2.754655
0.223647 2.753260
5.262771 4.314741
0.003780 2.613689
4.228879 3.931283
2.626367 3.380759
2.771107 3.398927
2.854545 3.391998
2.877566 3.366204
2.901139 3.340200
2.925250 3.313982
2.949884 3.287544
2.975025 3.260882
3.000657 3.233992
3.026764 3.206869
3.053331 3.179509
3.080341 3.151908
3.107778 3.124062
3.135623 3.095967
3.163861 3.067619
3.192473 3.039016
3.221442 3.010154
3.250751 2.981029
3.280380 2.951639
3.310311 2.921981
3.340527 2.892053
3.371007 2.861851
3.401734 2.831374
3.432687 2.800619
3.463848 2.769585
3.495197 2.738269
3.526714 2.706671
3.558380 2.674788
3.590174 2.642619
3.622076 2.610164
3.654066 2.577422
3.686124 2.544391
3.718229 2.511071
3.750361 2.477463
3.782498 2.443565
3.814621 2.409378
3.846708 2.374902
3.878739 2.340137
3.910693 2.305085
3.942548 2.269745
3.974285 2.234119
4.005882 2.198208
4.037318 2.162014
4.068573 2.125537
4.099626 2.088780
4.130456 2.051745
4.161043 2.014433
4.191366 1.976847
4.221405 1.938989
4.251140 1.900862
4.280551 1.862469
4.309617 1.823813
4.338319 1.784897
4.366638 1.745725
4.394554 1.706299
4.422047 1.666624
4.449100 1.626704
4.475694 1.586542
4.501809 1.546143
4.527429 1.505511
4.552534 1.464650
4.577109 1.423567
4.601135 1.382264
4.624596 1.340748
4.647475 1.299023
4.669757 1.257095
4.691425 1.214969
4.712465 1.172651
4.732861 1.130147
4.752599 1.087462
4.771665 1.044602
4.790045 1.001574
4.807727 0.958383
4.824697 0.915037
4.840944 0.871541
4.856457 0.827902
4.871222 0.784127
4.885232 0.740222
4.898474 0.696195
4.910940 0.652052
4.922620 0.607801
4.933507 0.563447
4.943592 0.519000
4.952868 0.474465
4.961328 0.429851
4.968967 0.385164
4.975778 0.340412
4.981757 0.295602
4.986899 0.250743
4.991201 0.205841
4.994659 0.160904
4.997272 0.115939
4.999036 0.070955
4.999951 0.025959
5.000017 -0.019041
4.999232 -0.064039
4.997598 -0.109025
4.995116 -0.153993
4.991788 -0.198934
4.987615 -0.243842
4.982602 -0.288709
4.976751 -0.333527
4.970068 -0.378288
4.962556 -0.422985
4.954222 -0.467612
4.945071 -0.512159
4.935110 -0.556620
4.924346 -0.600989
4.912787 -0.645256
4.900441 -0.689416
4.887317 -0.733462
4.873426 -0.777386
4.858775 -0.821181
4.843377 -0.864841
4.827242 -0.908360
4.810382 -0.951730
4.792809 -0.994945
4.774535 -1.037998
4.755574 -1.080884
4.735938 -1.123596
4.715642 -1.166129
4.694701 -1.208476
4.673128 -1.250632
4.650940 -1.292591
4.628151 -1.334347
4.604779 -1.375896
4.580838 -1.417231
4.556347 -1.458349
4.531322 -1.499244
4.505780 -1.539911
4.479740 -1.580346
4.453219 -1.620545
