1.000000 12.000000
1.098302 11.811102
1.193219 11.604814
1.284775 11.381745
1.373006 11.142495
1.457953 10.887660
1.539666 10.617826
1.618200 10.333571
1.693615 10.035461
1.765974 9.724053
1.835343 9.399890
1.901790 9.063505
1.965385 8.715417
2.026197 8.356133
2.084297 7.986148
2.139754 7.605945
2.192636 7.215991
2.243011 6.816746
2.290944 6.408654
2.336498 5.992149
2.379735 5.567654
2.420713 5.135580
2.459489 4.696329
2.496114 4.250293
2.530640 3.797854
2.563113 3.339386
5.000000 -10.002681
5.000000 -10.012681
5.000000 -10.022681
5.000000 -10.032681
5.000000 -10.042681
5.000000 -10.052681
5.000000 -10.062681
5.000000 -10.072681
5.000000 -10.082681
5.000000 -10.092681
5.000000 -10.102681
5.000000 -10.112681
5.000000 -10.122681
5.000000 -10.132681
5.000000 -10.142681
5.000000 -10.152681
5.000000 -10.162681
5.000000 -10.172681
5.000000 -10.182681
5.000000 -10.192681
5.000000 -10.202681
5.000000 -10.212681
5.000000 -10.222681
5.000000 -10.232681
5.000000 -10.242681
5.000000 -10.252681
-7.000000 -2.450019
-7.000000 -2.310019
-7.000000 -2.170019
-7.000000 -2.030019
-7.000000 -1.890019
-7.000000 -1.750019
-7.000000 -1.610019
-7.000000 -1.470019
-7.000000 -1.330019
-7.000000 -1.190019
-7.000000 -1.050019
-7.000000 -0.910019
-7.000000 -0.770019
-7.000000 -0.630019
-7.000000 -0.490019
-7.000000 -0.350019
-7.000000 -0.210019
-7.000000 -0.070019
-7.000000 0.070121
-7.000000 0.210121
-7.000000 0.350121
-7.000000 0.490121
-7.000000 0.630121
-7.000000 0.770121
-7.000000 0.910121
-7.000000 1.050121
-7.000000 1.190121
-7.000000 1.330121
-7.000000 1.470121
-7.000000 1.610121
-7.000000 1.750121
-7.000000 1.890121
-7.000000 2.030121
-7.000000 2.170121
-7.000000 2.310121
-7.000000 2.450121
3.285258 25.832201
3.373853 25.232791
3.456694 24.617959
3.534241 23.988699
3.606920 23.345924
3.675126 22.690476
3.739225 22.023125
3.799556 21.344581
3.856434 20.655492
3.910149 19.956454
3.960973 19.248012
4.009155 18.530663
4.054928 17.804861
4.098510 17.071020
4.140102 16.329516
4.179892 15.580691
4.218057 14.824853
4.254763 14.062278
4.290165 13.293216
4.324410 12.517888
4.357638 11.736490
4.389981 10.949192
4.421566 10.156142
4.452515 9.357466
4.482947 8.553268
4.512974 7.743629
4.542710 6.928614
4.572265 6.108265
4.601748 5.282603
4.631269 4.451633
4.660938 3.615337
5.000000 -10.002692
5.000000 -10.012692
5.000000 -10.022692
5.000000 -10.032692
5.000000 -10.042692
5.000000 -10.052692
5.000000 -10.062692
5.000000 -10.072692
5.000000 -10.082692
5.000000 -10.092692
5.000000 -10.102692
5.000000 -10.112692
5.000000 -10.122692
5.000000 -10.132692
5.000000 -10.142692
5.000000 -10.152692
5.000000 -10.162692
5.000000 -10.172692
5.000000 -10.182692
5.000000 -10.192692
5.000000 -10.202692
5.000000 -10.212692
5.000000 -10.222692
5.000000 -10.232692
5.000000 -10.242692
5.000000 -10.252692
5.000000 -10.262692
5.000000 -10.272692
5.000000 -10.282692
5.000000 -10.292692
5.000000 -10.302692
5.000000 -10.312692
5.000000 -10.322692
5.000000 -10.332692
5.000000 -10.342692
5.000000 -10.352692
5.000000 -10.362692
5.000000 -10.372692
5.000000 -10.382692
5.000000 -10.392692
5.000000 -10.402692
5.000000 -10.412692
5.000000 -10.422692
5.000000 -10.432692
5.000000 -10.442692
5.000000 -10.452692
-7.000000 -4.509930
-7.000000 -4.369930
-7.000000 -4.229930
-7.000000 -4.089930
-7.000000 -3.949930
-7.000000 -3.809930
-7.000000 -3.669930
-7.000000 -3.529930
-7.000000 -3.389930
-7.000000 -3.249930
-7.000000 -3.109930
-7.000000 -2.969930
-7.000000 -2.829930
-7.000000 -2.689930
-7.000000 -2.549930
-7.000000 -2.409930
-7.000000 -2.269930
-7.000000 -2.129930
-7.000000 -1.989930
-7.000000 -1.849930
-7.000000 -1.709930
-7.000000 -1.569930
-7.000000 -1.429930
-7.000000 -1.289930
-7.000000 -1.149930
-7.000000 -1.009930
-7.000000 -0.869930
-7.000000 -0.729930
-7.000000 -0.589930
-7.000000 -0.449930
-7.000000 -0.309930
-7.000000 -0.169930
-7.000000 -0.029930
-7.000000 0.110210
-7.000000 0.250210
-7.000000 0.390210
-7.000000 0.530210
-7.000000 0.670210
-7.000000 0.810210
-7.000000 0.950210
-7.000000 1.090210
-7.000000 1.230210
-7.000000 1.370210
-7.000000 1.510210
-7.000000 1.650210
-7.000000 1.790210
-7.000000 1.930210
-7.000000 2.070210
-7.000000 2.210210
-7.000000 2.350210
-7.000000 2.490210
-7.000000 2.630210
-7.000000 2.770210
-7.000000 2.910210
-7.000000 3.050210
-7.000000 3.190210
-7.000000 3.330210
-7.000000 3.470210
-7.000000 3.610210
-7.000000 3.750210
-7.000000 3.890210
-7.000000 4.030210
-7.000000 4.170210
-7.000000 4.310210
-7.000000 4.450210
10.439395 44.051457
9.961414 42.216372
9.544220 40.461705
9.178873 38.777345
8.858000 37.154645
8.575479 35.586166
8.326205 34.065479
8.105893 32.586996
7.910934 31.145838
7.738274 29.737723
7.585320 28.358877
7.449861 27.005958
7.330009 25.675991
7.224148 24.366316
7.130893 23.074542
7.049053 21.798510
6.977608 20.536260
6.915681 19.286001
6.862525 18.046088
6.817500 16.815004
6.780065 15.591333
5.000000 -10.100000
5.000000 -10.110000
5.000000 -10.120000
5.000000 -10.130000
5.000000 -10.140000
5.000000 -10.150000
5.000000 -10.160000
5.000000 -10.170000
5.000000 -10.180000
5.000000 -10.190000
5.000000 -10.200000
5.000000 -10.210000
5.000000 -10.220000
5.000000 -10.230000
5.000000 -10.240000
5.000000 -10.250000
5.000000 -10.260000
5.000000 -10.270000
5.000000 -10.280000
5.000000 -10.290000
-7.000000 -2.906879
-7.000000 -2.766879
-7.000000 -2.626879
-7.000000 -2.486879
-7.000000 -2.346879
-7.000000 -2.206879
-7.000000 -2.066879
-7.000000 -1.926879
-7.000000 -1.786879
-7.000000 -1.646879
-7.000000 -1.506879
-7.000000 -1.366879
-7.000000 -1.226879
-7.000000 -1.086879
-7.000000 -0.946879
-7.000000 -0.806879
-7.000000 -0.666879
-7.000000 -0.526879
-7.000000 -0.386879
-7.000000 -0.246879
-7.000000 -0.106879
-7.000000 0.033261
-7.000000 0.173261
-7.000000 0.313261
-7.000000 0.453261
-7.000000 0.593261
-7.000000 0.733261
-7.000000 0.873261
-7.000000 1.013261
-7.000000 1.153261
-7.000000 1.293261
-7.000000 1.433261
-7.000000 1.573261
-7.000000 1.713261
-7.000000 1.853261
-7.000000 1.993261
-7.000000 2.133261
-7.000000 2.273261
-7.000000 2.413261
-7.000000 2.553261
-7.000000 2.693261
-7.000000 2.833261
4.389423 29.591986
4.424824 28.798670
4.458123 27.999175
4.489550 27.193858
4.519313 26.383037
4.547603 25.566994
4.574594 24.745978
4.600445 23.920208
4.625302 23.089877
4.649300 22.255151
4.672565 21.416173
4.695213 20.573065
4.717353 19.725927
4.739089 18.874842
4.760516 18.019874
4.781728 17.161069
4.802814 16.298459
4.823859 15.432059
4.844947 14.561867
4.866161 13.687870
4.887581 12.810037
4.909289 11.928324
4.931367 11.042671
4.953898 10.153004
4.976966 9.259235
5.000659 8.361259
5.025067 7.458955
5.050285 6.552187
5.076413 5.640798
5.103556 4.724617
5.131826 3.803450
5.000000 -10.001334
5.000000 -10.011334
5.000000 -10.021334
5.000000 -10.031334
5.000000 -10.041334
5.000000 -10.051334
5.000000 -10.061334
5.000000 -10.071334
5.000000 -10.081334
5.000000 -10.091334
5.000000 -10.101334
5.000000 -10.111334
5.000000 -10.121334
5.000000 -10.131334
5.000000 -10.141334
5.000000 -10.151334
5.000000 -10.161334
5.000000 -10.171334
5.000000 -10.181334
5.000000 -10.191334
5.000000 -10.201334
5.000000 -10.211334
5.000000 -10.221334
5.000000 -10.231334
5.000000 -10.241334
5.000000 -10.251334
5.000000 -10.261334
5.000000 -10.271334
5.000000 -10.281334
5.000000 -10.291334
5.000000 -10.301334
5.000000 -10.311334
5.000000 -10.321334
5.000000 -10.331334
5.000000 -10.341334
5.000000 -10.351334
5.000000 -10.361334
5.000000 -10.371334
5.000000 -10.381334
5.000000 -10.391334
5.000000 -10.401334
5.000000 -10.411334
5.000000 -10.421334
5.000000 -10.431334
5.000000 -10.441334
5.000000 -10.451334
5.000000 -10.461334
5.000000 -10.471334
5.000000 -10.481334
5.000000 -10.491334
5.000000 -10.501334
-7.000000 -4.915682
-7.000000 -4.775682
-7.000000 -4.635682
-7.000000 -4.495682
-7.000000 -4.355682
-7.000000 -4.215682
-7.000000 -4.075682
-7.000000 -3.935682
-7.000000 -3.795682
-7.000000 -3.655682
-7.000000 -3.515682
-7.000000 -3.375682
-7.000000 -3.235682
-7.000000 -3.095682
-7.000000 -2.955682
-7.000000 -2.815682
-7.000000 -2.675682
-7.000000 -2.535682
-7.000000 -2.395682
-7.000000 -2.255682
-7.000000 -2.115682
-7.000000 -1.975682
-7.000000 -1.835682
-7.000000 -1.695682
-7.000000 -1.555682
-7.000000 -1.415682
-7.000000 -1.275682
-7.000000 -1.135682
-7.000000 -0.995682
-7.000000 -0.855682
-7.000000 -0.715682
-7.000000 -0.575682
-7.000000 -0.435682
-7.000000 -0.295682
-7.000000 -0.155682
-7.000000 -0.015682
-7.000000 0.124458
-7.000000 0.264458
-7.000000 0.404458
-7.000000 0.544458
-7.000000 0.684458
-7.000000 0.824458
-7.000000 0.964458
-7.000000 1.104458
-7.000000 1.244458
-7.000000 1.384458
-7.000000 1.524458
-7.000000 1.664458
-7.000000 1.804458
-7.000000 1.944458
-7.000000 2.084458
-7.000000 2.224458
-7.000000 2.364458
-7.000000 2.504458
-7.000000 2.644458
-7.000000 2.784458
-7.000000 2.924458
-7.000000 3.064458
-7.000000 3.204458
-7.000000 3.344458
-7.000000 3.484458
-7.000000 3.624458
-7.000000 3.764458
-7.000000 3.904458
-7.000000 4.044458
-7.000000 4.184458
-7.000000 4.324458
-7.000000 4.464458
-7.000000 4.604458
-7.000000 4.744458
-7.000000 4.884458
-7.000000 5.024458
11.957386 46.178088
11.319669 44.084546
10.767201 42.097898
10.286634 40.204044
9.867112 38.391051
9.499740 36.648758
9.177182 34.968459
8.893350 33.342651
8.643166 31.764835
8.422374 30.229349
8.227388 28.731234
8.055178 27.266124
7.903176 25.830158
7.769196 24.419900
7.651378 23.032278
7.548134 21.664530
7.458108 20.314157
7.380147 18.978887
7.313267 17.656640
7.256635 16.345497
7.209548 15.043679
7.171422 13.749522
7.141775 12.461458
7.120219 11.177998
7.106452 9.897712
7.100253 8.619221
7.101476 7.341176
7.110047 6.062249
7.125964 4.781118
7.149294 3.496457
5.000000 -10.006159
5.000000 -10.016159
5.000000 -10.026159
5.000000 -10.036159
5.000000 -10.046159
-7.000000 -2.000000
-7.000000 -1.860000
-7.000000 -1.720000
-7.000000 -1.580000
-7.000000 -1.440000
-7.000000 -1.300000
-7.000000 -1.160000
-7.000000 -1.020000
-7.000000 -0.880000
-7.000000 -0.740000
-7.000000 -0.600000
-7.000000 -0.460000
-7.000000 -0.320000
-7.000000 -0.180000
-7.000000 -0.040000
-7.000000 0.100140
-7.000000 0.240140
-7.000000 0.380140
-7.000000 0.520140
-7.000000 0.660140
-7.000000 0.800140
-7.000000 0.940140
-7.000000 1.080140
-7.000000 1.220140
-7.000000 1.360140
-7.000000 1.500140
-7.000000 1.640140
-7.000000 1.780140
-7.000000 1.920140
-7.000000 2.060140
-7.000000 2.200140
-7.000000 2.340140
-7.000000 2.480140
-7.000000 2.620140
-7.000000 2.760140
-7.000000 2.900140
-7.000000 3.040140
-7.000000 3.180140
-7.000000 3.320140
-7.000000 3.460140
-7.000000 3.600140
-7.000000 3.740140
-7.000000 3.880140
-7.000000 4.020140
-7.000000 4.160140
-7.000000 4.300140
-7.000000 4.440140
-7.000000 4.580140
-7.000000 4.720140
-7.000000 4.860140
-7.000000 5.000140
-7.000000 5.140140
-7.000000 5.280140
-7.000000 5.420140
-7.000000 5.560140
-7.000000 5.700140
-7.000000 5.840140
-7.000000 5.980140
-7.000000 6.120140
-7.000000 6.260140
-7.000000 6.400140
-7.000000 6.540140
-7.000000 6.680140
22.349382 62.940068
20.219203 59.115147
18.459099 55.639004
16.991146 52.452380
15.756783 49.508203
14.711340 46.768623
13.820288 44.202872
13.056616 41.785688
12.398966 39.496138
11.830289 37.316729
11.336856 35.232724
10.907522 33.231619
10.533182 31.302720
10.206348 29.436825
9.920829 27.625958
9.671485 25.863158
9.454032 24.142311
9.264886 22.458009
9.101052 20.805435
8.960017 19.180264
8.839684 17.578587
8.738303 15.996841
8.654427 14.431748
8.586871 12.880268
8.534681 11.339553
8.497111 9.806906
8.473601 8.279750
8.463768 6.755590
8.467393 5.231986
8.484418 3.706524
5.000000 -10.005394
5.000000 -10.015394
5.000000 -10.025394
5.000000 -10.035394
5.000000 -10.045394
5.000000 -10.055394
5.000000 -10.065394
5.000000 -10.075394
5.000000 -10.085394
5.000000 -10.095394
5.000000 -10.105394
5.000000 -10.115394
5.000000 -10.125394
5.000000 -10.135394
5.000000 -10.145394
5.000000 -10.155394
5.000000 -10.165394
5.000000 -10.175394
5.000000 -10.185394
5.000000 -10.195394
5.000000 -10.205394
5.000000 -10.215394
5.000000 -10.225394
5.000000 -10.235394
5.000000 -10.245394
5.000000 -10.255394
5.000000 -10.265394
5.000000 -10.275394
5.000000 -10.285394
5.000000 -10.295394
5.000000 -10.305394
5.000000 -10.315394
5.000000 -10.325394
5.000000 -10.335394
5.000000 -10.345394
5.000000 -10.355394
5.000000 -10.365394
5.000000 -10.375394
5.000000 -10.385394
5.000000 -10.395394
5.000000 -10.405394
5.000000 -10.415394
5.000000 -10.425394
5.000000 -10.435394
5.000000 -10.445394
5.000000 -10.455394
5.000000 -10.465394
5.000000 -10.475394
5.000000 -10.485394
5.000000 -10.495394
5.000000 -10.505394
5.000000 -10.515394
5.000000 -10.525394
5.000000 -10.535394
5.000000 -10.545394
5.000000 -10.555394
5.000000 -10.565394
5.000000 -10.575394
5.000000 -10.585394
5.000000 -10.595394
5.000000 -10.605394
5.000000 -10.615394
5.000000 -10.625394
5.000000 -10.635394
5.000000 -10.645394
5.000000 -10.655394
5.000000 -10.665394
5.000000 -10.675394
5.000000 -10.685394
5.000000 -10.695394
5.000000 -10.705394
5.000000 -10.715394
5.000000 -10.725394
5.000000 -10.735394
5.000000 -10.745394
5.000000 -10.755394
5.000000 -10.765394
5.000000 -10.775394
5.000000 -10.785394
5.000000 -10.795394
5.000000 -10.805394
5.000000 -10.815394
-7.000000 -8.037708
-7.000000 -7.897708
-7.000000 -7.757708
-7.000000 -7.617708
-7.000000 -7.477708
-7.000000 -7.337708
-7.000000 -7.197708
-7.000000 -7.057708
-7.000000 -6.917708
-7.000000 -6.777708
-7.000000 -6.637708
-7.000000 -6.497708
-7.000000 -6.357708
-7.000000 -6.217708
-7.000000 -6.077708
-7.000000 -5.937708
-7.000000 -5.797708
-7.000000 -5.657708
-7.000000 -5.517708
-7.000000 -5.377708
-7.000000 -5.237708
-7.000000 -5.097708
-7.000000 -4.957708
-7.000000 -4.817708
-7.000000 -4.677708
-7.000000 -4.537708
-7.000000 -4.397708
-7.000000 -4.257708
-7.000000 -4.117708
-7.000000 -3.977708
-7.000000 -3.837708
-7.000000 -3.697708
-7.000000 -3.557708
-7.000000 -3.417708
-7.000000 -3.277708
-7.000000 -3.137708
-7.000000 -2.997708
-7.000000 -2.857708
-7.000000 -2.717708
-7.000000 -2.577708
-7.000000 -2.437708
-7.000000 -2.297708
-7.000000 -2.157708
-7.000000 -2.017708
-7.000000 -1.877708
-7.000000 -1.737708
-7.000000 -1.597708
-7.000000 -1.457708
-7.000000 -1.317708
-7.000000 -1.177708
-7.000000 -1.037708
-7.000000 -0.897708
-7.000000 -0.757708
-7.000000 -0.617708
-7.000000 -0.477708
-7.000000 -0.337708
-7.000000 -0.197708
-7.000000 -0.057708
-7.000000 0.082432
-7.000000 0.222432
-7.000000 0.362432
-7.000000 0.502432
-7.000000 0.642432
-7.000000 0.782432
-7.000000 0.922432
-7.000000 1.062432
-7.000000 1.202432
-7.000000 1.342432
-7.000000 1.482432
-7.000000 1.622432
-7.000000 1.762432
-7.000000 1.902432
-7.000000 2.042432
-7.000000 2.182432
-7.000000 2.322432
-7.000000 2.462432
13.000000 48.000000
12.239332 45.730185
11.583844 43.587538
11.016376 41.554727
10.523100 39.617197
10.092786 37.762637
9.716242 35.980571
9.385899 34.262021
9.095482 32.599254
8.839764 30.985567
8.614367 29.415121
8.415611 27.882798
8.240388 26.384090
8.086069 24.915005
7.950420 23.471985
7.831545 22.051847
7.727827 20.651720
7.637894 19.269003
7.560579 17.901322
7.494896 16.546497
7.440013 15.202512
7.395239 13.867486
7.360003 12.539654
7.333844 11.217341
7.316402 9.898947
7.307413 8.582929
7.306697 7.267782
7.314158 5.952028
7.329784 4.634196
7.353641 3.312812
5.000000 -10.007653
5.000000 -10.017653
5.000000 -10.027653
5.000000 -10.037653
5.000000 -10.047653
5.000000 -10.057653
5.000000 -10.067653
5.000000 -10.077653
5.000000 -10.087653
5.000000 -10.097653
5.000000 -10.107653
5.000000 -10.117653
5.000000 -10.127653
5.000000 -10.137653
5.000000 -10.147653
5.000000 -10.157653
5.000000 -10.167653
5.000000 -10.177653
5.000000 -10.187653
5.000000 -10.197653
5.000000 -10.207653
5.000000 -10.217653
5.000000 -10.227653
5.000000 -10.237653
5.000000 -10.247653
5.000000 -10.257653
5.000000 -10.267653
5.000000 -10.277653
5.000000 -10.287653
5.000000 -10.297653
5.000000 -10.307653
5.000000 -10.317653
5.000000 -10.327653
5.000000 -10.337653
5.000000 -10.347653
5.000000 -10.357653
5.000000 -10.367653
5.000000 -10.377653
5.000000 -10.387653
5.000000 -10.397653
5.000000 -10.407653
5.000000 -10.417653
5.000000 -10.427653
5.000000 -10.437653
5.000000 -10.447653
5.000000 -10.457653
5.000000 -10.467653
5.000000 -10.477653
5.000000 -10.487653
5.000000 -10.497653
5.000000 -10.507653
5.000000 -10.517653
5.000000 -10.527653
5.000000 -10.537653
5.000000 -10.547653
5.000000 -10.557653
5.000000 -10.567653
5.000000 -10.577653
5.000000 -10.587653
5.000000 -10.597653
5.000000 -10.607653
5.000000 -10.617653
5.000000 -10.627653
5.000000 -10.637653
5.000000 -10.647653
5.000000 -10.657653
5.000000 -10.667653
5.000000 -10.677653
5.000000 -10.687653
5.000000 -10.697653
5.000000 -10.707653
-7.000000 -7.012280
-7.000000 -6.872280
-7.000000 -6.732280
-7.000000 -6.592280
-7.000000 -6.452280
-7.000000 -6.312280
-7.000000 -6.172280
-7.000000 -6.032280
-7.000000 -5.892280
-7.000000 -5.752280
-7.000000 -5.612280
-7.000000 -5.472280
-7.000000 -5.332280
-7.000000 -5.192280
-7.000000 -5.052280
-7.000000 -4.912280
-7.000000 -4.772280
-7.000000 -4.632280
-7.000000 -4.492280
-7.000000 -4.352280
-7.000000 -4.212280
-7.000000 -4.072280
-7.000000 -3.932280
-7.000000 -3.792280
-7.000000 -3.652280
-7.000000 -3.512280
-7.000000 -3.372280
-7.000000 -3.232280
-7.000000 -3.092280
-7.000000 -2.952280
-7.000000 -2.812280
-7.000000 -2.672280
-7.000000 -2.532280
-7.000000 -2.392280
-7.000000 -2.252280
-7.000000 -2.112280
-7.000000 -1.972280
-7.000000 -1.832280
-7.000000 -1.692280
-7.000000 -1.552280
-7.000000 -1.412280
-7.000000 -1.272280
-7.000000 -1.132280
-7.000000 -0.992280
-7.000000 -0.852280
-7.000000 -0.712280
-7.000000 -0.572280
-7.000000 -0.432280
-7.000000 -0.292280
-7.000000 -0.152280
-7.000000 -0.012280
-7.000000 0.127860
-7.000000 0.267860
-7.000000 0.407860
-7.000000 0.547860
-7.000000 0.687860
-7.000000 0.827860
-7.000000 0.967860
-7.000000 1.107860
-7.000000 1.247860
-7.000000 1.387860
-7.000000 1.527860
-7.000000 1.667860
-7.000000 1.807860
-7.000000 1.947860
-7.000000 2.087860
-7.000000 2.227860
-7.000000 2.367860
-7.000000 2.507860
-7.000000 2.647860
-7.000000 2.787860
-7.000000 2.927860
-7.000000 3.067860
-7.000000 3.207860
-7.000000 3.347860
-7.000000 3.487860
-7.000000 3.627860
-7.000000 3.767860
-7.000000 3.907860
-7.000000 4.047860
-7.000000 4.187860
-7.000000 4.327860
-7.000000 4.467860
-7.000000 4.607860
-7.000000 4.747860
-7.000000 4.887860
-7.000000 5.027860
-7.000000 5.167860
-7.000000 5.307860
-7.000000 5.447860
-7.000000 5.587860
-7.000000 5.727860
-7.000000 5.867860
-7.000000 6.007860
-7.000000 6.147860
-7.000000 6.287860
-7.000000 6.427860
-7.000000 6.567860
-7.000000 6.707860
-7.000000 6.847860
-7.000000 6.987860
24.864409 66.348092
22.303347 62.110905
20.207518 58.291049
18.474279 54.814495
17.027661 51.623148
15.810499 48.670797
14.779135 45.920240
13.899789 43.341202
13.146012 40.908793
12.496878 38.602367
11.935668 36.404648
11.448915 34.301064
11.025683 32.279231
10.657038 30.328546
10.335630 28.439866
10.055388 26.605252
9.811274 24.817760
9.599092 23.071278
9.415343 21.360382
9.257104 19.680225
9.121938 18.026442
9.007818 16.395066
8.913066 14.782466
8.836310 13.185283
8.776442 11.600381
8.732594 10.024803
8.704111 8.455726
8.690534 6.890429
8.691593 5.326256
8.707196 3.760583
5.000000 -10.005168
5.000000 -10.015168
5.000000 -10.025168
5.000000 -10.035168
5.000000 -10.045168
5.000000 -10.055168
5.000000 -10.065168
5.000000 -10.075168
5.000000 -10.085168
5.000000 -10.095168
5.000000 -10.105168
5.000000 -10.115168
5.000000 -10.125168
5.000000 -10.135168
5.000000 -10.145168
5.000000 -10.155168
5.000000 -10.165168
5.000000 -10.175168
5.000000 -10.185168
-7.000000 -5.000000
-7.000000 -4.860000
-7.000000 -4.720000
-7.000000 -4.580000
-7.000000 -4.440000
-7.000000 -4.300000
-7.000000 -4.160000
-7.000000 -4.020000
-7.000000 -3.880000
-7.000000 -3.740000
-7.000000 -3.600000
-7.000000 -3.460000
-7.000000 -3.320000
-7.000000 -3.180000
-7.000000 -3.040000
-7.000000 -2.900000
-7.000000 -2.760000
-7.000000 -2.620000
-7.000000 -2.480000
-7.000000 -2.340000
-7.000000 -2.200000
-7.000000 -2.060000
-7.000000 -1.920000
-7.000000 -1.780000
-7.000000 -1.640000
-7.000000 -1.500000
-7.000000 -1.360000
-7.000000 -1.220000
-7.000000 -1.080000
-7.000000 -0.940000
-7.000000 -0.800000
-7.000000 -0.660000
-7.000000 -0.520000
-7.000000 -0.380000
-7.000000 -0.240000
-7.000000 -0.100000
-7.000000 0.040140
-7.000000 0.180140
-7.000000 0.320140
-7.000000 0.460140
-7.000000 0.600140
-7.000000 0.740140
-7.000000 0.880140
-7.000000 1.020140
-7.000000 1.160140
-7.000000 1.300140
-7.000000 1.440140
-7.000000 1.580140
-7.000000 1.720140
-7.000000 1.860140
-7.000000 2.000140
-7.000000 2.140140
-7.000000 2.280140
-7.000000 2.420140
-7.000000 2.560140
-7.000000 2.700140
-7.000000 2.840140
-7.000000 2.980140
-7.000000 3.120140
-7.000000 3.260140
-7.000000 3.400140
-7.000000 3.540140
-7.000000 3.680140
-7.000000 3.820140
-7.000000 3.960140
-7.000000 4.100140
-7.000000 4.240140
-7.000000 4.380140
-7.000000 4.520140
-7.000000 4.660140
-7.000000 4.800140
-7.000000 4.940140
-7.000000 5.080140
-7.000000 5.220140
-7.000000 5.360140
-7.000000 5.500140
-7.000000 5.640140
-7.000000 5.780140
-7.000000 5.920140
-7.000000 6.060140
-7.000000 6.200140
-7.000000 6.340140
-7.000000 6.480140
-7.000000 6.620140
-7.000000 6.760140
-7.000000 6.900140
-7.000000 7.040140
-7.000000 7.180140
-7.000000 7.320140
-7.000000 7.460140
-7.000000 7.600140
-7.000000 7.740140
-7.000000 7.880140
-7.000000 8.020140
-7.000000 8.160140
29.991782 71.992626
26.522434 66.918030
23.732282 62.403930
21.459571 58.343450
19.587791 54.654490
18.031350 51.272968
16.726262 48.148153
15.623951 45.239369
14.687034 42.513623
13.886382 39.943873
13.199056 37.507735
12.606809 35.186515
12.095001 32.964463
11.651798 30.828203
11.267567 28.766281
10.934423 26.768816
10.645883 24.827215
10.396595 22.933945
10.182134 21.082353
9.998837 19.266509
9.843678 17.481084
9.714166 15.721247
9.608266 13.982569
9.524338 12.260953
9.461088 10.552567
9.417530 8.853781
9.392959 7.161117
9.386934 5.471203
9.399262 3.780720
5.000000 -10.005407
5.000000 -10.015407
5.000000 -10.025407
5.000000 -10.035407
5.000000 -10.045407
5.000000 -10.055407
5.000000 -10.065407
5.000000 -10.075407
5.000000 -10.085407
5.000000 -10.095407
5.000000 -10.105407
5.000000 -10.115407
5.000000 -10.125407
5.000000 -10.135407
5.000000 -10.145407
5.000000 -10.155407
5.000000 -10.165407
5.000000 -10.175407
5.000000 -10.185407
5.000000 -10.195407
5.000000 -10.205407
5.000000 -10.215407
5.000000 -10.225407
5.000000 -10.235407
5.000000 -10.245407
5.000000 -10.255407
5.000000 -10.265407
5.000000 -10.275407
5.000000 -10.285407
5.000000 -10.295407
5.000000 -10.305407
5.000000 -10.315407
5.000000 -10.325407
5.000000 -10.335407
5.000000 -10.345407
5.000000 -10.355407
5.000000 -10.365407
5.000000 -10.375407
5.000000 -10.385407
5.000000 -10.395407
5.000000 -10.405407
5.000000 -10.415407
5.000000 -10.425407
5.000000 -10.435407
5.000000 -10.445407
5.000000 -10.455407
5.000000 -10.465407
5.000000 -10.475407
5.000000 -10.485407
5.000000 -10.495407
5.000000 -10.505407
5.000000 -10.515407
5.000000 -10.525407
5.000000 -10.535407
5.000000 -10.545407
5.000000 -10.555407
5.000000 -10.565407
5.000000 -10.575407
5.000000 -10.585407
5.000000 -10.595407
5.000000 -10.605407
5.000000 -10.615407
5.000000 -10.625407
5.000000 -10.635407
5.000000 -10.645407
5.000000 -10.655407
5.000000 -10.665407
5.000000 -10.675407
5.000000 -10.685407
5.000000 -10.695407
5.000000 -10.705407
5.000000 -10.715407
5.000000 -10.725407
5.000000 -10.735407
5.000000 -10.745407
5.000000 -10.755407
5.000000 -10.765407
5.000000 -10.775407
5.000000 -10.785407
5.000000 -10.795407
5.000000 -10.805407
5.000000 -10.815407
5.000000 -10.825407
5.000000 -10.835407
5.000000 -10.845407
5.000000 -10.855407
5.000000 -10.865407
5.000000 -10.875407
5.000000 -10.885407
5.000000 -10.895407
-7.000000 -8.938391
-7.000000 -8.798391
-7.000000 -8.658391
-7.000000 -8.518391
-7.000000 -8.378391
-7.000000 -8.238391
-7.000000 -8.098391
-7.000000 -7.958391
-7.000000 -7.818391
-7.000000 -7.678391
-7.000000 -7.538391
-7.000000 -7.398391
-7.000000 -7.258391
-7.000000 -7.118391
-7.000000 -6.978391
-7.000000 -6.838391
-7.000000 -6.698391
-7.000000 -6.558391
-7.000000 -6.418391
-7.000000 -6.278391
-7.000000 -6.138391
-7.000000 -5.998391
-7.000000 -5.858391
-7.000000 -5.718391
-7.000000 -5.578391
-7.000000 -5.438391
-7.000000 -5.298391
-7.000000 -5.158391
-7.000000 -5.018391
-7.000000 -4.878391
-7.000000 -4.738391
-7.000000 -4.598391
-7.000000 -4.458391
-7.000000 -4.318391
-7.000000 -4.178391
-7.000000 -4.038391
-7.000000 -3.898391
-7.000000 -3.000000
-7.000000 -2.860000
-7.000000 -2.720000
-7.000000 -2.580000
-7.000000 -2.440000
-7.000000 -2.300000
-7.000000 -2.160000
-7.000000 -2.020000
-7.000000 -1.880000
-7.000000 -1.740000
-7.000000 -1.600000
-7.000000 -1.460000
-7.000000 -1.320000
-7.000000 -1.180000
-7.000000 -1.040000
-7.000000 -0.900000
-7.000000 -0.760000
-7.000000 -0.620000
-7.000000 -0.480000
-7.000000 -0.340000
-7.000000 -0.200000
-7.000000 -0.060000
-7.000000 0.080140
-7.000000 0.220140
-7.000000 0.360140
-7.000000 0.500140
-7.000000 0.640140
-7.000000 0.780140
-7.000000 0.920140
-7.000000 1.060140
-7.000000 1.200140
-7.000000 1.340140
-7.000000 1.480140
-7.000000 1.620140
-7.000000 1.760140
-7.000000 1.900140
-7.000000 2.040140
-7.000000 2.180140
-7.000000 2.320140
-7.000000 2.460140
-7.000000 2.600140
-7.000000 2.740140
-7.000000 2.880140
-7.000000 3.020140
-7.000000 3.160140
-7.000000 3.300140
-7.000000 3.440140
-7.000000 3.580140
-7.000000 3.720140
-7.000000 3.860140
-7.000000 4.000140
-7.000000 4.140140
-7.000000 4.280140
-7.000000 4.420140
-7.000000 4.560140
-7.000000 4.700140
11.302298 45.514265
10.731497 43.532444
10.235518 41.646443
9.802919 39.843859
9.424343 38.114154
9.092082 36.448319
8.799751 34.838610
8.542028 33.278334
8.314455 31.761673
8.113282 30.283547
7.935338 28.839498
7.777936 27.425594
7.638789 26.038347
7.515947 24.674652
7.407744 23.331728
7.312755 22.007072
7.229759 20.698417
7.157712 19.403702
7.095724 18.121037
7.043035 16.848684
6.999005 15.585025
6.963094 14.328555
6.934856 13.077852
6.913927 11.831568
6.900022 10.588416
6.892923 9.347152
6.892479 8.106565
6.898605 6.865466
6.911273 5.622675
6.930520 4.377013
6.956441 3.127287
5.000000 -10.008998
5.000000 -10.018998
5.000000 -10.028998
5.000000 -10.038998
5.000000 -10.048998
5.000000 -10.058998
5.000000 -10.068998
5.000000 -10.078998
5.000000 -10.088998
5.000000 -10.098998
5.000000 -10.108998
5.000000 -10.118998
5.000000 -10.128998
5.000000 -10.138998
5.000000 -10.148998
5.000000 -10.158998
5.000000 -10.168998
5.000000 -10.178998
5.000000 -10.188998
5.000000 -10.198998
5.000000 -10.208998
5.000000 -10.218998
5.000000 -10.228998
5.000000 -10.238998
5.000000 -10.248998
5.000000 -10.258998
5.000000 -10.268998
5.000000 -10.278998
5.000000 -10.288998
5.000000 -10.298998
5.000000 -10.308998
5.000000 -10.318998
5.000000 -10.328998
5.000000 -10.338998
5.000000 -10.348998
5.000000 -10.358998
5.000000 -10.368998
5.000000 -10.378998
5.000000 -10.388998
5.000000 -10.398998
5.000000 -10.408998
5.000000 -10.418998
5.000000 -10.428998
5.000000 -10.438998
5.000000 -10.448998
5.000000 -10.458998
5.000000 -10.468998
5.000000 -10.478998
5.000000 -10.488998
5.000000 -10.498998
5.000000 -10.508998
5.000000 -10.518998
5.000000 -10.528998
5.000000 -10.538998
5.000000 -10.548998
5.000000 -10.558998
5.000000 -10.568998
5.000000 -10.578998
5.000000 -10.588998
5.000000 -10.598998
5.000000 -10.608998
5.000000 -10.618998
5.000000 -10.628998
5.000000 -10.638998
5.000000 -10.648998
5.000000 -10.658998
5.000000 -10.668998
-7.000000 -6.653237
-7.000000 -6.513237
-7.000000 -6.373237
-7.000000 -6.233237
-7.000000 -6.093237
-7.000000 -5.953237
-7.000000 -5.813237
-7.000000 -5.673237
-7.000000 -5.533237
-7.000000 -5.393237
-7.000000 -5.253237
-7.000000 -5.113237
-7.000000 -4.973237
-7.000000 -4.833237
-7.000000 -4.693237
-7.000000 -4.553237
-7.000000 -4.413237
-7.000000 -4.273237
-7.000000 -4.133237
-7.000000 -3.993237
-7.000000 -3.853237
-7.000000 -3.713237
-7.000000 -3.573237
-7.000000 -3.433237
-7.000000 -3.293237
-7.000000 -3.153237
-7.000000 -3.013237
-7.000000 -2.873237
-7.000000 -2.733237
-7.000000 -2.593237
-7.000000 -2.453237
-7.000000 -2.313237
-7.000000 -2.173237
-7.000000 -2.033237
-7.000000 -1.893237
-7.000000 -1.753237
-7.000000 -1.613237
-7.000000 -1.473237
-7.000000 -1.333237
-7.000000 -1.193237
-7.000000 -1.053237
-7.000000 -0.913237
-7.000000 -0.773237
-7.000000 -0.633237
-7.000000 -0.493237
-7.000000 -0.353237
-7.000000 -0.213237
-7.000000 -0.073237
-7.000000 0.066903
-7.000000 0.206903
-7.000000 0.346903
-7.000000 0.486903
-7.000000 0.626903
-7.000000 0.766903
-7.000000 0.906903
-7.000000 1.046903
-7.000000 1.186903
-7.000000 1.326903
-7.000000 1.466903
-7.000000 1.606903
-7.000000 1.746903
-7.000000 1.886903
-7.000000 2.026903
-7.000000 2.166903
-7.000000 2.306903
-7.000000 2.446903
-7.000000 2.586903
-7.000000 2.726903
-7.000000 2.866903
-7.000000 3.006903
-7.000000 3.146903
-7.000000 3.286903
-7.000000 3.426903
-7.000000 3.566903
-7.000000 3.706903
-7.000000 3.846903
-7.000000 3.986903
-7.000000 4.126903
-7.000000 4.266903
-7.000000 4.406903
-7.000000 4.546903
-7.000000 4.686903
-7.000000 4.826903
-7.000000 4.966903
-7.000000 5.106903
-7.000000 5.246903
-7.000000 5.386903
-7.000000 5.526903
-7.000000 5.666903
-7.000000 5.806903
-7.000000 5.946903
-7.000000 6.086903
-7.000000 6.226903
-7.000000 6.366903
-7.000000 6.506903
-7.000000 6.646903
21.778663 62.069010
2.000000 12.000000
2.078220 11.632907
2.152960 11.252050
2.224339 10.858043
2.292476 10.451482
2.357486 10.032940
2.419483 9.602968
2.478578 9.162100
2.534879 8.710848
2.588490 8.249705
2.639511 7.779147
2.688039 7.299630
2.734167 6.811596
2.777982 6.315469
2.819569 5.811657
2.859007 5.300553
2.896372 4.782538
2.931735 4.257979
2.965162 3.727230
2.996715 3.190634
5.000000 -10.006478
5.000000 -10.016478
5.000000 -10.026478
5.000000 -10.036478
5.000000 -10.046478
5.000000 -10.056478
5.000000 -10.066478
5.000000 -10.076478
5.000000 -10.086478
5.000000 -10.096478
5.000000 -10.106478
5.000000 -10.116478
5.000000 -10.126478
5.000000 -10.136478
5.000000 -10.146478
5.000000 -10.156478
5.000000 -10.166478
5.000000 -10.176478
5.000000 -10.186478
5.000000 -10.196478
5.000000 -10.206478
5.000000 -10.216478
5.000000 -10.226478
5.000000 -10.236478
5.000000 -10.246478
5.000000 -10.256478
5.000000 -10.266478
5.000000 -10.276478
5.000000 -10.286478
-7.000000 -2.962013
-7.000000 -2.822013
-7.000000 -2.682013
-7.000000 -2.542013
-7.000000 -2.402013
-7.000000 -2.262013
-7.000000 -2.122013
-7.000000 -1.982013
-7.000000 -1.842013
-7.000000 -1.702013
-7.000000 -1.562013
-7.000000 -1.422013
-7.000000 -1.282013
-7.000000 -1.142013
-7.000000 -1.002013
-7.000000 -0.862013
-7.000000 -0.722013
-7.000000 -0.582013
-7.000000 -0.442013
-7.000000 -0.302013
-7.000000 -0.162013
-7.000000 -0.022013
-7.000000 0.118127
-7.000000 0.258127
-7.000000 0.398127
-7.000000 0.538127
-7.000000 0.678127
-7.000000 0.818127
-7.000000 0.958127
-7.000000 1.098127
-7.000000 1.238127
-7.000000 1.378127
-7.000000 1.518127
-7.000000 1.658127
-7.000000 1.798127
-7.000000 1.938127
-7.000000 2.078127
-7.000000 2.218127
-7.000000 2.358127
-7.000000 2.498127
-7.000000 2.638127
-7.000000 2.778127
-7.000000 2.918127
4.417458 29.146633
4.451211 28.348422
4.483030 27.544313
4.513130 26.734635
4.541707 25.919678
4.568938 25.099701
4.594988 24.274931
4.620005 23.445567
4.644127 22.611783
4.667483 21.773727
4.690191 20.931528
4.712361 20.085291
4.734099 19.235104
4.755502 18.381035
4.776663 17.523138
4.797673 16.661446
4.818618 15.795979
4.839581 14.926742
4.860644 14.053724
4.881890 13.176899
4.903398 12.296228
4.925250 11.411655
4.947528 10.523112
4.970315 9.630515
4.993697 8.733763
5.017764 7.832743
5.042608 6.927322
5.068326 6.017352
5.095021 5.102666
5.122803 4.183079
5.151787 3.258385
5.000000 -10.007226
5.000000 -10.017226
5.000000 -10.027226
5.000000 -10.037226
5.000000 -10.047226
5.000000 -10.057226
5.000000 -10.067226
5.000000 -10.077226
5.000000 -10.087226
5.000000 -10.097226
5.000000 -10.107226
5.000000 -10.117226
5.000000 -10.127226
5.000000 -10.137226
5.000000 -10.147226
5.000000 -10.157226
5.000000 -10.167226
5.000000 -10.177226
5.000000 -10.187226
5.000000 -10.197226
5.000000 -10.207226
5.000000 -10.217226
5.000000 -10.227226
5.000000 -10.237226
5.000000 -10.247226
5.000000 -10.257226
5.000000 -10.267226
5.000000 -10.277226
5.000000 -10.287226
5.000000 -10.297226
5.000000 -10.307226
5.000000 -10.317226
5.000000 -10.327226
5.000000 -10.337226
5.000000 -10.347226
5.000000 -10.357226
5.000000 -10.367226
5.000000 -10.377226
5.000000 -10.387226
5.000000 -10.397226
5.000000 -10.407226
5.000000 -10.417226
5.000000 -10.427226
5.000000 -10.437226
5.000000 -10.447226
5.000000 -10.457226
5.000000 -10.467226
5.000000 -10.477226
5.000000 -10.487226
5.000000 -10.497226
-7.000000 -4.979423
-7.000000 -4.839423
-7.000000 -4.699423
-7.000000 -4.559423
-7.000000 -4.419423
-7.000000 -4.279423
-7.000000 -4.139423
-7.000000 -3.999423
-7.000000 -3.859423
-7.000000 -3.719423
-7.000000 -3.579423
-7.000000 -3.439423
-7.000000 -3.299423
-7.000000 -3.159423
-7.000000 -3.019423
-7.000000 -2.879423
-7.000000 -2.739423
-7.000000 -2.599423
-7.000000 -2.459423
-7.000000 -2.319423
-7.000000 -2.179423
-7.000000 -2.039423
-7.000000 -1.899423
-7.000000 -1.759423
-7.000000 -1.619423
-7.000000 -1.479423
-7.000000 -1.339423
-7.000000 -1.199423
-7.000000 -1.059423
-7.000000 -0.919423
-7.000000 -0.779423
-7.000000 -0.639423
-7.000000 -0.499423
-7.000000 -0.359423
-7.000000 -0.219423
-7.000000 -0.079423
-7.000000 0.060717
-7.000000 0.200717
-7.000000 0.340717
-7.000000 0.480717
-7.000000 0.620717
-7.000000 0.760717
-7.000000 0.900717
-7.000000 1.040717
-7.000000 1.180717
-7.000000 1.320717
-7.000000 1.460717
-7.000000 1.600717
-7.000000 1.740717
-7.000000 1.880717
-7.000000 2.020717
-7.000000 2.160717
-7.000000 2.300717
-7.000000 2.440717
-7.000000 2.580717
-7.000000 2.720717
-7.000000 2.860717
-7.000000 3.000717
-7.000000 3.140717
-7.000000 3.280717
-7.000000 3.420717
-7.000000 3.560717
-7.000000 3.700717
-7.000000 3.840717
-7.000000 3.980717
-7.000000 4.120717
-7.000000 4.260717
-7.000000 4.400717
-7.000000 4.540717
-7.000000 4.680717
-7.000000 4.820717
-7.000000 4.960717
12.306227 47.234424
11.621111 45.082484
11.028866 43.045259
10.514690 41.107413
10.066584 39.256011
9.674754 37.480070
