0.320000 -0.000000
0.319853 -0.014398
0.319412 -0.028782
0.318678 -0.043140
0.317654 -0.057459
0.316343 -0.071725
0.314748 -0.085926
0.312874 -0.100048
0.310727 -0.114080
0.308313 -0.128010
0.305639 -0.141824
0.302712 -0.155513
0.299542 -0.169065
0.296137 -0.182469
0.292506 -0.195714
0.288660 -0.208791
0.284609 -0.221690
0.280365 -0.234403
0.275938 -0.246920
0.271341 -0.259235
0.266586 -0.271339
0.261685 -0.283225
0.256651 -0.294888
0.251496 -0.306322
0.246233 -0.317521
0.240874 -0.328481
0.235434 -0.339199
0.229923 -0.349669
0.224356 -0.359891
0.218744 -0.369861
0.213100 -0.379577
0.207436 -0.389040
0.201763 -0.398247
0.196094 -0.407198
0.190440 -0.415895
0.184810 -0.424338
0.179217 -0.432529
0.173670 -0.440468
0.168178 -0.448160
0.162751 -0.455605
0.157399 -0.462809
0.152128 -0.469773
0.146947 -0.476501
0.141864 -0.482999
0.136885 -0.489271
0.132017 -0.495321
0.127266 -0.501154
0.122637 -0.506776
0.118135 -0.512193
0.113764 -0.517410
0.109529 -0.522434
0.105434 -0.527270
0.101480 -0.531925
0.097672 -0.536406
0.094010 -0.540718
0.090498 -0.544869
0.087135 -0.548865
0.083924 -0.552713
0.080864 -0.556420
0.077956 -0.559993
0.075199 -0.563439
0.072594 -0.566763
0.070138 -0.569974
0.067832 -0.573078
0.065672 -0.576081
0.063659 -0.578991
0.061788 -0.581813
0.060059 -0.584554
0.058468 -0.587220
0.057012 -0.589818
0.055688 -0.592353
0.054493 -0.594832
0.053423 -0.597259
0.052475 -0.599642
0.051643 -0.601984
0.050925 -0.604291
0.050314 -0.606569
0.049808 -0.608821
0.049400 -0.611053
0.049086 -0.613269
0.048861 -0.615472
0.048719 -0.617667
0.048654 -0.619858
0.048661 -0.622047
0.048734 -0.624239
0.048867 -0.626434
0.049052 -0.628637
0.049284 -0.630850
0.049556 -0.633073
-0.049630 -0.493390
-0.049312 -0.491658
-0.048982 -0.489938
-0.048646 -0.488229
-0.048309 -0.486533
-0.047976 -0.484848
-0.047653 -0.483174
-0.047344 -0.481512
-0.047054 -0.479860
-0.046787 -0.478218
-0.046549 -0.476584
-0.046343 -0.474959
-0.046175 -0.473340
-0.046047 -0.471726
-0.045964 -0.470116
-0.045930 -0.468508
-0.045949 -0.466901
-0.046024 -0.465291
-0.046159 -0.463678
-0.046357 -0.462059
-0.046622 -0.460432
-0.046957 -0.458795
-0.047365 -0.457145
-0.047850 -0.455478
-0.048413 -0.453794
-0.049057 -0.452089
-0.049786 -0.450359
-0.050602 -0.448603
-0.051507 -0.446816
-0.052503 -0.444996
-0.053593 -0.443140
-0.054779 -0.441243
-0.056062 -0.439304
-0.057443 -0.437318
-0.058926 -0.435282
-0.060510 -0.433192
-0.062198 -0.431045
-0.063989 -0.428837
-0.065886 -0.426564
-0.067888 -0.424224
-0.069997 -0.421811
-0.072212 -0.419323
-0.074533 -0.416755
-0.076962 -0.414104
-0.079496 -0.411366
-0.082136 -0.408538
-0.084881 -0.405616
-0.087729 -0.402595
-0.090680 -0.399473
-0.093733 -0.396246
-0.096884 -0.392911
-0.100133 -0.389463
-0.103477 -0.385900
-0.106914 -0.382219
-0.110441 -0.378415
-0.114054 -0.374487
-0.117751 -0.370431
-0.121527 -0.366244
-0.125380 -0.361923
-0.129304 -0.357466
-0.133296 -0.352871
-0.137351 -0.348135
-0.141463 -0.343256
-0.145628 -0.338232
-0.149841 -0.333061
-0.154094 -0.327742
-0.158383 -0.322274
-0.162702 -0.316655
-0.167043 -0.310885
-0.171400 -0.304962
-0.175767 -0.298886
-0.180136 -0.292658
-0.184500 -0.286277
-0.188852 -0.279743
-0.193184 -0.273058
-0.197489 -0.266221
-0.201759 -0.259234
-0.205985 -0.252098
-0.210161 -0.244815
-0.214278 -0.237387
-0.218328 -0.229817
-0.222303 -0.222105
-0.226196 -0.214256
-0.229998 -0.206273
-0.233702 -0.198158
-0.237299 -0.189915
-0.240783 -0.181548
-0.244146 -0.173061
-0.247380 -0.164459
-0.250479 -0.155746
-0.253436 -0.146927
-0.256243 -0.138008
-0.258896 -0.128992
-0.261387 -0.119887
-0.263712 -0.110697
-0.265864 -0.101429
-0.267839 -0.092089
-0.269632 -0.082682
-0.271240 -0.073217
-0.272657 -0.063698
-0.273882 -0.054133
-0.274910 -0.044528
-0.275740 -0.034891
-0.276370 -0.025229
-0.276797 -0.015548
-0.277022 -0.005856
-0.277043 0.003841
-0.276861 0.013535
-0.276475 0.023219
-0.275887 0.032886
-0.275099 0.042529
-0.274111 0.052141
1.080000 -0.000000
1.078980 -0.048585
1.075926 -0.097078
1.070859 -0.145388
1.063812 -0.193425
1.054828 -0.241102
1.043968 -0.288332
1.031299 -0.335032
1.016902 -0.381123
1.000868 -0.426528
0.983294 -0.471178
0.964291 -0.515004
0.943971 -0.557944
0.922456 -0.599943
0.899872 -0.640949
0.876348 -0.680917
0.852017 -0.719808
0.827014 -0.757589
0.801472 -0.794231
0.775526 -0.829715
0.749309 -0.864025
0.722951 -0.897151
0.696579 -0.929090
0.670317 -0.959845
0.644282 -0.989422
0.618588 -1.017835
0.593342 -1.045102
0.568644 -1.071244
0.544589 -1.096289
0.521263 -1.120268
0.498746 -1.143215
0.477111 -1.165169
0.456422 -1.186169
0.436737 -1.206262
0.418105 -1.225492
0.400569 -1.243907
0.384164 -1.261560
0.368918 -1.278500
0.354853 -1.294780
0.341983 -1.310454
0.330316 -1.325577
0.319853 -1.340201
0.310590 -1.354381
0.302517 -1.368172
0.295618 -1.381625
0.289871 -1.394795
0.285250 -1.407731
0.281723 -1.420484
0.279253 -1.433102
0.277797 -1.445632
0.277309 -1.458118
0.277736 -1.470603
0.279021 -1.483127
-0.262388 -1.150749
-0.260479 -1.141597
-0.258093 -1.132521
-0.255315 -1.123535
-0.252224 -1.114653
-0.248895 -1.105882
-0.245399 -1.097232
-0.241800 -1.088706
-0.238162 -1.080306
-0.234542 -1.072034
-0.230997 -1.063888
-0.227577 -1.055863
-0.224330 -1.047955
-0.221304 -1.040157
-0.218539 -1.032461
-0.216077 -1.024856
-0.213955 -1.017331
-0.212208 -1.009875
-0.210869 -1.002472
-0.209969 -0.995109
-0.209536 -0.987769
-0.209597 -0.980435
-0.210177 -0.973091
-0.211296 -0.965717
-0.212977 -0.958294
-0.215238 -0.950802
-0.218094 -0.943220
-0.221561 -0.935528
-0.225650 -0.927704
-0.230372 -0.919725
-0.235736 -0.911570
-0.241746 -0.903216
-0.248407 -0.894640
-0.255719 -0.885820
-0.263682 -0.876732
-0.272293 -0.867355
-0.281544 -0.857664
-0.291428 -0.847639
-0.301933 -0.837257
-0.313045 -0.826497
-0.324746 -0.815337
-0.337018 -0.803758
-0.349837 -0.791739
-0.363178 -0.779263
-0.377013 -0.766311
-0.391309 -0.752867
-0.406033 -0.738915
-0.421147 -0.724440
-0.436612 -0.709430
-0.452384 -0.693874
-0.468418 -0.677760
-0.484666 -0.661082
-0.501078 -0.643832
-0.517601 -0.626005
-0.534181 -0.607599
-0.550761 -0.588612
-0.567282 -0.569046
-0.583686 -0.548904
-0.599913 -0.528190
-0.615900 -0.506913
-0.631586 -0.485081
-0.646910 -0.462706
-0.661810 -0.439802
-0.676225 -0.416385
-0.690095 -0.392473
-0.703362 -0.368085
-0.715968 -0.343245
-0.727859 -0.317976
-0.738982 -0.292304
-0.749289 -0.266257
-0.758731 -0.239864
-0.767268 -0.213156
-0.774858 -0.186166
-0.781468 -0.158928
-0.787066 -0.131475
-0.791627 -0.103845
-0.795129 -0.076074
-0.797555 -0.048199
-0.798894 -0.020257
-0.799140 0.007711
-0.798291 0.035670
-0.796351 0.063579
-0.793330 0.091401
-0.789242 0.119100
-0.784106 0.146636
-0.777947 0.173975
-0.770792 0.201081
-0.762675 0.227919
-0.753634 0.254457
-0.743710 0.280663
-0.732947 0.306507
-0.721394 0.331960
-0.709102 0.356996
-0.696125 0.381590
-0.682518 0.405718
-0.668340 0.429359
-0.653651 0.452495
-0.638509 0.475110
-0.622978 0.497187
-0.607118 0.518714
-0.590991 0.539682
-0.574660 0.560081
-0.558183 0.579906
-0.541622 0.599153
-0.525036 0.617820
-0.508480 0.635906
-0.492012 0.653414
-0.475684 0.670348
-0.459547 0.686714
-0.443652 0.702519
-0.428044 0.717773
-0.412767 0.732486
-0.397864 0.746671
-0.383371 0.760342
-0.369325 0.773512
-0.355759 0.786200
-0.342703 0.798422
-0.330182 0.810195
-0.318222 0.821541
-0.306844 0.832478
-0.296065 0.843027
-0.285901 0.853210
-0.276364 0.863047
-0.267465 0.872562
-0.259211 0.881777
-0.251607 0.890715
-0.244653 0.899398
-0.238352 0.907848
-0.232699 0.916090
-0.227690 0.924145
-0.223318 0.932035
-0.219573 0.939784
-0.216445 0.947413
-0.213919 0.954942
-0.211980 0.962394
-0.210611 0.969788
-0.209792 0.977143
-0.209501 0.984479
-0.209716 0.991814
-0.210410 0.999165
-0.211555 1.006548
-0.213123 1.013979
-0.215081 1.021471
-0.217395 1.029039
-0.220029 1.036693
-0.222943 1.044444
-0.226096 1.052301
-0.229444 1.060273
2.560000 -0.000000
2.556113 -0.115142
2.544495 -0.229934
2.525279 -0.344032
2.498685 -0.457099
2.465013 -0.568808
2.424642 -0.678849
2.378022 -0.786932
2.325665 -0.892785
2.268141 -0.996164
2.206064 -1.096849
2.140087 -1.194651
2.070891 -1.289409
1.999175 -1.380994
1.925647 -1.469308
1.851014 -1.554285
1.775977 -1.635893
1.701219 -1.714127
1.627400 -1.789017
1.555150 -1.860617
1.485066 -1.929013
1.417702 -1.994314
1.353574 -2.056654
1.293147 -2.116191
1.236843 -2.173100
1.185034 -2.227574
1.138040 -2.279825
1.096137 -2.330074
1.059547 -2.378557
1.028446 -2.425516
1.002965 -2.471201
0.983186 -2.515868
-0.559537 -1.982256
-0.585681 -1.962196
-0.605761 -1.941329
-0.620433 -1.919856
-0.630319 -1.897954
-0.635998 -1.875782
-0.638014 -1.853477
-0.636869 -1.831158
-0.633028 -1.808928
-0.626922 -1.786873
-0.618944 -1.765065
-0.609456 -1.743564
-0.598790 -1.722417
-0.587248 -1.701659
-0.575107 -1.681317
-0.562619 -1.661406
-0.550013 -1.641935
-0.537499 -1.622904
-0.525265 -1.604306
-0.513486 -1.586130
-0.502318 -1.568355
-0.491902 -1.550959
-0.482370 -1.533912
-0.473836 -1.517181
-0.466408 -1.500730
-0.460180 -1.484519
-0.455237 -1.468503
-0.451656 -1.452636
-0.449504 -1.436870
-0.448839 -1.421154
-0.449714 -1.405433
-0.452170 -1.389655
-0.456243 -1.373763
-0.461959 -1.357699
-0.469339 -1.341406
-0.478394 -1.324826
-0.489127 -1.307899
-0.501533 -1.290567
-0.515601 -1.272772
-0.531308 -1.254456
-0.548624 -1.235562
-0.567510 -1.216034
-0.587919 -1.195818
-0.609793 -1.174863
-0.633065 -1.153117
-0.657660 -1.130533
-0.683492 -1.107066
-0.710467 -1.082675
-0.738481 -1.057321
-0.767420 -1.030970
-0.797164 -1.003592
-0.827583 -0.975161
-0.858539 -0.945655
-0.889887 -0.915059
-0.921475 -0.883360
-0.953146 -0.850555
-0.984738 -0.816641
-1.016084 -0.781626
-1.047016 -0.745520
-1.077362 -0.708341
-1.106952 -0.670113
-1.135616 -0.630866
-1.163183 -0.590633
-1.189491 -0.549457
-1.214379 -0.507385
-1.237695 -0.464469
-1.259291 -0.420767
-1.279032 -0.376341
-1.296790 -0.331258
-1.312452 -0.285590
-1.325916 -0.239412
-1.337092 -0.192802
-1.345907 -0.145843
-1.352302 -0.098617
-1.356235 -0.051210
-1.357679 -0.003710
-1.356624 0.043798
-1.353079 0.091225
-1.347066 0.138485
-1.338625 0.185491
-1.327813 0.232161
-1.314702 0.278411
-1.299377 0.324164
-1.281938 0.369343
-1.262499 0.413876
-1.241183 0.457696
-1.218127 0.500739
-1.193475 0.542946
-1.167378 0.584265
-1.139996 0.624648
-1.111493 0.664052
-1.082037 0.702441
-1.051797 0.739785
-1.020945 0.776060
-0.989652 0.811246
-0.958088 0.845332
-0.926418 0.878311
-0.894807 0.910182
-0.863411 0.940950
-0.832385 0.970625
-0.801873 0.999223
-0.772015 1.026764
-0.742941 1.053273
-0.714775 1.078781
-0.687631 1.103320
-0.661614 1.126928
-0.636820 1.149647
-0.613336 1.171521
-0.591239 1.192597
-0.570598 1.212924
-0.551470 1.232556
-0.533906 1.251546
-0.517946 1.269948
-0.503621 1.287821
-0.490954 1.305221
-0.479959 1.322207
-0.470642 1.338838
-0.463002 1.355172
-0.457026 1.371267
-0.452699 1.387183
-0.449992 1.402975
-0.448873 1.418701
-0.449301 1.434414
-0.451224 1.450169
-0.454586 1.466017
-0.459321 1.482006
-0.465354 1.498184
-0.472601 1.514595
-0.480969 1.531280
-0.490353 1.548275
-0.500638 1.565615
-0.511698 1.583329
-0.523392 1.601441
-0.535566 1.619972
-0.548048 1.638934
-0.560653 1.658336
-0.573174 1.678179
-0.585385 1.698455
-0.597038 1.719149
-0.607860 1.740238
-0.617553 1.761686
-0.625790 1.783450
-0.632214 1.805471
-0.636435 1.827679
-0.638031 1.849990
-0.636541 1.872305
-0.631468 1.894507
-0.622277 1.916460
-0.608392 1.938011
-0.589199 1.958985
-0.564046 1.979186
0.980738 2.523017
0.999616 2.478480
1.024206 2.432966
1.054433 2.386217
1.090173 2.337984
1.131260 2.288021
1.177475 2.236094
1.228554 2.181976
1.284182 2.125456
1.343994 2.066337
1.407579 2.004439
1.474476 1.939605
1.544178 1.871695
1.616135 1.800595
1.689758 1.726217
1.764421 1.648501
1.839469 1.567414
1.914220 1.482953
0.040000 -0.000000
0.039995 -0.001800
0.039980 -0.003599
0.039955 -0.005398
0.039920 -0.007195
0.039875 -0.008991
0.039820 -0.010784
0.039756 -0.012574
0.039681 -0.014362
0.039597 -0.016145
0.039503 -0.017925
0.039400 -0.019701
0.039287 -0.021471
0.039164 -0.023236
0.039032 -0.024996
0.038891 -0.026749
0.038741 -0.028496
0.038582 -0.030236
0.038413 -0.031968
0.038236 -0.033693
0.038051 -0.035409
0.037856 -0.037117
0.037654 -0.038816
0.037443 -0.040506
0.037224 -0.042186
0.036997 -0.043856
0.036763 -0.045516
0.036521 -0.047164
0.036271 -0.048802
0.036014 -0.050429
0.035751 -0.052043
0.035480 -0.053646
0.035203 -0.055237
0.034919 -0.056814
0.034629 -0.058379
0.034333 -0.059931
0.034031 -0.061469
0.033723 -0.062993
0.033410 -0.064504
0.033092 -0.066000
0.032768 -0.067482
0.032440 -0.068949
0.032107 -0.070402
0.031770 -0.071839
0.031428 -0.073261
0.031083 -0.074667
0.030734 -0.076058
0.030381 -0.077433
0.030025 -0.078793
0.029666 -0.080136
0.029304 -0.081463
0.028940 -0.082773
0.028573 -0.084067
0.028204 -0.085345
0.027833 -0.086605
0.027460 -0.087849
0.027085 -0.089077
0.026709 -0.090287
0.026332 -0.091481
0.025954 -0.092657
0.025575 -0.093816
0.025195 -0.094959
0.024816 -0.096084
0.024436 -0.097192
0.024056 -0.098283
0.023676 -0.099357
0.023297 -0.100414
0.022918 -0.101454
0.022540 -0.102477
0.022163 -0.103482
0.021787 -0.104471
0.021412 -0.105443
0.021039 -0.106398
0.020667 -0.107337
0.020297 -0.108258
0.019929 -0.109164
0.019564 -0.110052
0.019200 -0.110924
0.018839 -0.111780
0.018480 -0.112620
0.018123 -0.113443
0.017770 -0.114251
0.017419 -0.115043
0.017072 -0.115819
0.016727 -0.116579
0.016386 -0.117324
0.016048 -0.118054
0.015714 -0.118769
0.015383 -0.119468
0.015056 -0.120153
0.014732 -0.120823
0.014412 -0.121479
0.014096 -0.122121
0.013785 -0.122748
0.013477 -0.123361
0.013173 -0.123961
0.012873 -0.124547
0.012578 -0.125119
0.012287 -0.125679
0.012001 -0.126225
0.011718 -0.126759
0.011441 -0.127280
0.011168 -0.127789
0.010899 -0.128285
0.010635 -0.128770
0.010375 -0.129242
0.010120 -0.129704
0.009870 -0.130153
0.009625 -0.130592
0.009384 -0.131020
0.009148 -0.131437
0.008916 -0.131843
0.008690 -0.132239
0.008468 -0.132625
0.008251 -0.133001
0.008038 -0.133368
0.007831 -0.133725
0.007628 -0.134073
0.007430 -0.134411
0.007236 -0.134741
0.007047 -0.135063
0.006863 -0.135376
0.006684 -0.135681
0.006509 -0.135977
0.006339 -0.136266
0.006173 -0.136548
0.006012 -0.136822
0.005856 -0.137089
0.005703 -0.137349
0.005556 -0.137602
0.005413 -0.137849
0.005274 -0.138090
0.005139 -0.138324
0.005009 -0.138552
0.004883 -0.138775
0.004762 -0.138992
0.004644 -0.139203
0.004531 -0.139410
0.004421 -0.139611
0.004316 -0.139808
0.004214 -0.140000
0.004117 -0.140187
0.004023 -0.140370
0.003933 -0.140549
0.003847 -0.140724
0.003764 -0.140896
0.003685 -0.141063
0.003610 -0.141227
0.003538 -0.141388
0.003469 -0.141546
0.003404 -0.141700
0.003342 -0.141852
0.003283 -0.142001
0.003227 -0.142148
0.003175 -0.142292
0.003125 -0.142433
0.003078 -0.142573
0.003034 -0.142711
0.002993 -0.142846
0.002955 -0.142980
0.002919 -0.143112
0.002885 -0.143243
0.002855 -0.143372
0.002826 -0.143500
0.002800 -0.143626
0.002776 -0.143752
0.002754 -0.143876
0.002735 -0.144000
0.002717 -0.144122
0.002701 -0.144244
0.002687 -0.144365
0.002675 -0.144486
0.002664 -0.144606
0.002655 -0.144726
0.002648 -0.144845
0.002642 -0.144964
0.002637 -0.145083
0.002633 -0.145201
0.002631 -0.145320
0.002629 -0.145438
0.002629 -0.145557
0.002629 -0.145675
0.002631 -0.145793
0.002633 -0.145912
0.002635 -0.146030
0.002638 -0.146149
0.002642 -0.146268
0.002646 -0.146387
0.002650 -0.146506
-0.002652 -0.113998
-0.002648 -0.113906
-0.002644 -0.113813
-0.002639 -0.113720
-0.002635 -0.113628
-0.002632 -0.113536
-0.002628 -0.113444
-0.002625 -0.113352
-0.002622 -0.113260
-0.002620 -0.113168
-0.002618 -0.113077
-0.002617 -0.112985
5.000000 -0.000000
4.989391 -0.224841
4.957757 -0.448730
4.905670 -0.670732
4.834071 -0.889947
4.744242 -1.105525
4.637783 -1.316679
4.516570 -1.522704
4.382715 -1.722981
4.238524 -1.916993
4.086443 -2.104330
3.929016 -2.284693
3.768838 -2.457900
3.608506 -2.623886
3.450582 -2.782701
3.297556 -2.934512
3.151813 -3.079591
3.015609 -3.218318
2.891048 -3.351170
2.780068 -3.478716
0.107862 -2.756136
-0.108631 -2.756039
-0.297177 -2.748858
-0.459510 -2.735542
-0.597530 -2.716976
-0.713228 -2.693975
-0.808622 -2.667287
-0.885706 -2.637585
-0.946418 -2.605478
-0.992605 -2.571506
-1.026014 -2.536145
-1.048274 -2.499815
-1.060892 -2.462878
-1.065256 -2.425648
-1.062628 -2.388392
-1.054158 -2.351333
-1.040883 -2.314657
-1.023737 -2.278516
-1.003558 -2.243031
-0.981096 -2.208293
-0.957019 -2.174373
-0.931922 -2.141314
-0.906335 -2.109144
-0.880727 -2.077871
-0.855515 -2.047488
-0.831067 -2.017976
-0.807709 -1.989301
-0.785730 -1.961420
-0.765383 -1.934281
-0.746892 -1.907822
-0.730452 -1.881974
-0.716234 -1.856664
-0.704388 -1.831810
-0.695040 -1.807328
-0.688299 -1.783127
-0.684254 -1.759115
-0.682980 -1.735197
-0.684531 -1.711274
-0.688948 -1.687246
-0.696255 -1.663014
-0.706461 -1.638475
-0.719557 -1.613528
-0.735520 -1.588072
-0.754310 -1.562008
-0.775870 -1.535238
-0.800127 -1.507666
-0.826990 -1.479199
-0.856352 -1.449748
-0.888087 -1.419227
-0.922052 -1.387555
-0.958086 -1.354659
-0.996012 -1.320467
-1.035635 -1.284918
-1.076743 -1.247955
-1.119110 -1.209531
-1.162492 -1.169606
-1.206635 -1.128148
-1.251271 -1.085136
-1.296121 -1.040557
-1.340898 -0.994408
-1.385307 -0.946698
-1.429051 -0.897444
-1.471827 -0.846676
-1.513337 -0.794431
-1.553283 -0.740760
-1.591374 -0.685723
-1.627329 -0.629389
-1.660876 -0.571838
-1.691760 -0.513159
-1.719742 -0.453449
-1.744605 -0.392813
-1.766152 -0.331365
-1.784212 -0.269223
-1.798641 -0.206513
-1.809321 -0.143362
-1.816168 -0.079905
-1.819125 -0.016276
-1.818168 0.047388
-1.813305 0.110950
-1.804575 0.174274
-1.792050 0.237226
-1.775831 0.299675
-1.756047 0.361493
-1.732856 0.422558
-1.706442 0.482755
-1.677013 0.541974
-1.644796 0.600113
-1.610040 0.657080
-1.573007 0.712790
-1.533973 0.767167
-1.493226 0.820148
-1.451060 0.871676
-1.407773 0.921709
-1.363666 0.970211
-1.319040 1.017159
-1.274191 1.062541
-1.229411 1.106354
-1.184981 1.148604
-1.141177 1.189310
-1.098260 1.228497
-1.056480 1.266201
-1.016070 1.302466
-0.977251 1.337345
-0.940226 1.370895
-0.905182 1.403184
-0.872289 1.434283
-0.841697 1.464271
-0.813541 1.493230
-0.787940 1.521248
-0.764990 1.548417
-0.744776 1.574830
-0.727362 1.600584
-0.712796 1.625778
-0.701111 1.650513
-0.692322 1.674890
-0.686429 1.699009
-0.683417 1.722973
-0.683253 1.746882
-0.685889 1.770834
-0.691262 1.794926
-0.699289 1.819253
-0.709873 1.843906
-0.722896 1.868973
-0.738219 1.894536
-0.755685 1.920673
-0.775109 1.947456
-0.796284 1.974951
-0.818970 2.003214
-0.842899 2.032293
-0.867764 2.062228
-0.893218 2.093044
-0.918871 2.124755
-0.944281 2.157362
-0.968949 2.190846
-0.992316 2.225173
-1.013751 2.260286
-1.032546 2.296105
-1.047910 2.332524
-1.058960 2.369408
-1.064711 2.406590
-1.064072 2.443864
-1.055839 2.480986
-1.038689 2.517668
-1.011176 2.553574
-0.971733 2.588312
-0.918671 2.621436
-0.850194 2.652439
-0.764407 2.680748
-0.659341 2.705722
-0.532985 2.726653
-0.383326 2.742759
-0.208411 2.753191
-0.006408 2.757032
0.224298 2.753305
2.832673 3.417389
2.950515 3.287318
3.081017 3.151652
3.222157 3.009867
3.371756 2.861531
3.527490 2.706317
3.686920 2.544002
3.847517 2.374476
4.006695 2.197746
4.161852 2.013934
4.310413 1.823279
4.449875 1.626134
4.577852 1.422962
4.692130 1.214333
4.790703 1.000906
4.871826 0.783431
4.934050 0.562726
4.976256 0.339667
4.997679 0.115175
4.997933 -0.109806
4.977011 -0.334322
4.935295 -0.557425
4.873537 -0.778197
4.792849 -0.995759
4.694673 -1.209291
4.580748 -1.418044
4.453072 -1.621352
