-0.500000 -0.900000 0.000000 -4.900000
-0.490975 -0.904955 -0.048999 -4.899657
-0.481901 -0.909819 -0.097991 -4.898628
-0.472779 -0.914593 -0.146969 -4.896914
-0.463610 -0.919275 -0.195927 -4.894515
-0.454394 -0.923865 -0.244857 -4.891431
-0.445133 -0.928362 -0.293753 -4.887665
-0.435827 -0.932767 -0.342608 -4.883217
-0.426478 -0.937079 -0.391415 -4.878089
-0.417086 -0.941297 -0.440168 -4.872283
-0.407652 -0.945420 -0.488859 -4.865800
-0.398178 -0.949450 -0.537481 -4.858643
-0.388663 -0.953384 -0.586029 -4.850815
-0.379110 -0.957223 -0.634496 -4.842318
-0.369519 -0.960966 -0.682873 -4.833155
-0.359891 -0.964613 -0.731156 -4.823329
-0.350227 -0.968164 -0.779338 -4.812845
-0.340528 -0.971617 -0.827411 -4.801704
-0.330795 -0.974974 -0.875370 -4.789912
-0.321029 -0.978233 -0.923207 -4.777472
-0.311231 -0.981395 -0.970917 -4.764389
-0.301402 -0.984458 -1.018493 -4.750667
-0.291542 -0.987423 -1.065928 -4.736311
-0.281653 -0.990289 -1.113217 -4.721325
-0.271737 -0.993055 -1.160353 -4.705716
-0.261793 -0.995723 -1.207329 -4.689488
-0.251822 -0.998291 -1.254140 -4.672647
-0.241827 -1.000760 -1.300780 -4.655198
-0.231808 -1.003128 -1.347242 -4.637148
-0.221765 -1.005396 -1.393521 -4.618503
-0.211700 -1.007563 -1.439610 -4.599269
-0.201614 -1.009630 -1.485505 -4.579453
-0.191508 -1.011595 -1.531198 -4.559061
-0.181382 -1.013460 -1.576684 -4.538100
-0.171239 -1.015223 -1.621958 -4.516578
-0.161078 -1.016884 -1.667014 -4.494501
-0.150902 -1.018444 -1.711846 -4.471877
-0.140710 -1.019902 -1.756449 -4.448713
-0.130504 -1.021258 -1.800818 -4.425018
-0.120285 -1.022512 -1.844948 -4.400799
-0.110054 -1.023664 -1.888833 -4.376064
-0.099812 -1.024713 -1.932467 -4.350822
-0.089560 -1.025660 -1.975847 -4.325080
-0.079299 -1.026505 -2.018967 -4.298848
-0.069030 -1.027246 -2.061823 -4.272133
-0.058755 -1.027885 -2.104409 -4.244945
-0.048473 -1.028421 -2.146720 -4.217293
-0.038186 -1.028855 -2.188753 -4.189185
-0.027896 -1.029185 -2.230502 -4.160630
-0.017603 -1.029413 -2.271964 -4.131638
-0.007308 -1.029537 -2.313134 -4.102218
0.002987 -1.029559 -2.354007 -4.072380
0.013283 -1.029477 -2.394580 -4.042133
0.023576 -1.029293 -2.434848 -4.011487
0.033868 -1.029006 -2.474808 -3.980451
0.044156 -1.028616 -2.514456 -3.949035
0.054440 -1.028123 -2.553788 -3.917249
0.064718 -1.027527 -2.592800 -3.885104
0.074990 -1.026828 -2.631489 -3.852608
0.085255 -1.026027 -2.669851 -3.819773
0.095510 -1.025123 -2.707883 -3.786608
0.105757 -1.024117 -2.745582 -3.753124
0.115992 -1.023008 -2.782945 -3.719331
0.126217 -1.021797 -2.819968 -3.685239
0.136428 -1.020484 -2.856648 -3.650859
0.146626 -1.019069 -2.892984 -3.616200
0.156809 -1.017551 -2.928971 -3.581274
0.166977 -1.015932 -2.964609 -3.546092
0.177127 -1.014212 -2.999892 -3.510662
0.187260 -1.012390 -3.034821 -3.474997
0.197375 -1.010467 -3.069392 -3.439106
0.207469 -1.008443 -3.103602 -3.403000
0.217543 -1.006317 -3.137451 -3.366689
0.227595 -1.004092 -3.170935 -3.330185
0.237625 -1.001766 -3.204054 -3.293498
0.247630 -0.999339 -3.236805 -3.256638
0.257611 -0.996813 -3.269186 -3.219616
0.267566 -0.994187 -3.301197 -3.182442
0.277495 -0.991462 -3.332835 -3.145127
0.287395 -0.988637 -3.364099 -3.107681
0.297267 -0.985714 -3.394988 -3.070115
0.307109 -0.982692 -3.425501 -3.032440
0.316921 -0.979572 -3.455636 -2.994665
0.326700 -0.976354 -3.485394 -2.956802
0.336447 -0.973038 -3.514772 -2.918859
0.346161 -0.969625 -3.543771 -2.880849
0.355840 -0.966115 -3.572389 -2.842780
0.365483 -0.962508 -3.600626 -2.804663
0.375089 -0.958805 -3.628482 -2.766509
0.384659 -0.955007 -3.655956 -2.728327
0.394189 -0.951112 -3.683048 -2.690127
0.403680 -0.947123 -3.709759 -2.651920
0.413131 -0.943039 -3.736087 -2.613714
0.422541 -0.938861 -3.762033 -2.575521
0.431908 -0.934588 -3.787597 -2.537349
0.441242 -0.930218 -3.811942 1.656988
0.450522 -0.925759 -3.795198 1.691765
0.459757 -0.921208 -3.778106 1.726839
0.468946 -0.916564 -3.760661 1.762205
0.478088 -0.911829 -3.742860 1.797858
0.487182 -0.907003 -3.724702 1.833792
0.496227 -0.902086 -3.706184 1.870002
0.505223 -0.897078 -3.687302 1.906481
0.514169 -0.891981 -3.668053 1.943224
0.523063 -0.886795 -3.648436 1.980223
0.531904 -0.881520 -3.628448 2.017474
0.540693 -0.876157 -3.608086 2.054968
0.549427 -0.870707 -3.587348 2.092700
0.558106 -0.865169 -3.566231 2.130662
0.566730 -0.859545 -3.544734 2.168848
0.575297 -0.853834 -3.522853 2.207250
0.583807 -0.848039 -3.500588 2.245860
0.592258 -0.842159 -3.477936 2.284672
0.600649 -0.836194 -3.454894 2.323677
0.608981 -0.830146 -3.431461 2.362867
0.617252 -0.824014 -3.407636 2.402235
0.625461 -0.817801 -3.383416 2.441773
0.633608 -0.811505 -3.358800 2.481471
0.641691 -0.805129 -3.333786 2.521321
0.649710 -0.798672 -3.308373 2.561316
0.657664 -0.792135 -3.282559 2.601445
0.665553 -0.785519 -3.256344 2.641700
0.673374 -0.778824 -3.229725 2.682072
0.681129 -0.772052 -3.202702 2.722552
0.688815 -0.765202 -3.175274 2.763129
0.696433 -0.758275 -3.147439 2.803796
0.703980 -0.751273 -3.119198 2.844541
0.711458 -0.744196 -3.090548 2.885355
0.718864 -0.737044 -3.061490 2.926228
0.726198 -0.729819 -3.032023 2.967150
0.733460 -0.722521 -3.002147 3.008111
0.740649 -0.715150 -2.971861 3.049100
0.747763 -0.707708 -2.941165 3.090107
0.754803 -0.700195 -2.910059 3.131122
0.761767 -0.692612 -2.878543 3.172133
0.768655 -0.684960 -2.846616 3.213130
0.775466 -0.677239 -2.814280 3.254101
0.782199 -0.669451 -2.781534 3.295036
0.788854 -0.661596 -2.748380 3.335924
0.795431 -0.653674 -2.714816 3.376753
0.801928 -0.645687 -2.680845 3.417512
0.808344 -0.637636 -2.646466 3.458190
0.814680 -0.629521 -2.611681 3.498774
0.820935 -0.621343 -2.576491 3.539254
0.827107 -0.613102 -2.540897 3.579618
0.833196 -0.604801 -2.504899 3.619853
0.839203 -0.596439 -2.468500 3.659949
0.845125 -0.588017 -2.431701 3.699892
0.850963 -0.579536 -2.394503 3.739672
0.856715 -0.570998 -2.356908 3.779276
0.862383 -0.562402 -2.318918 3.818692
0.867963 -0.553751 -2.280535 3.857908
0.873457 -0.545043 -2.241760 3.896912
0.878864 -0.536282 -2.202597 3.935691
0.884183 -0.527466 -2.163047 3.974234
0.889413 -0.518598 -2.123113 4.012528
0.894555 -0.509678 -2.082798 4.050561
0.899607 -0.500708 -2.042103 4.088320
0.904569 -0.491687 -2.001032 4.125794
0.909440 -0.482616 -1.959588 4.162970
0.914221 -0.473498 -1.917774 4.199835
0.918910 -0.464332 -1.875592 4.236378
0.923507 -0.455120 -1.833047 4.272586
0.928012 -0.445863 -1.790142 4.308447
0.932424 -0.436560 -1.746880 4.343948
0.936743 -0.427214 -1.703264 4.379078
0.940968 -0.417826 -1.659299 4.413825
0.945100 -0.408395 -1.614989 4.448175
0.949136 -0.398924 -1.570337 4.482118
0.953078 -0.389413 -1.525348 4.515642
0.956924 -0.379863 -1.480026 4.548733
0.960675 -0.370275 -1.434375 4.581381
0.964330 -0.360650 -1.388400 4.613574
0.967888 -0.350988 -1.342105 4.645299
0.971349 -0.341292 -1.295495 4.676546
0.974714 -0.331562 -1.248576 4.707303
0.977981 -0.321798 -1.201351 4.737558
0.981150 -0.312002 -1.153826 4.767300
0.984220 -0.302176 -1.106007 4.796519
0.987193 -0.292318 -1.057898 4.825202
0.990067 -0.282432 -1.009504 4.853339
0.992842 -0.272517 -0.960833 4.880919
0.995517 -0.262576 -0.911888 4.907932
0.998093 -0.252607 -0.862676 4.934366
1.000569 -0.242614 -0.813203 4.960212
1.002945 -0.232596 -0.763474 4.985459
1.005221 -0.222555 -0.713495 5.010098
1.007396 -0.212492 -0.663274 5.034118
1.009471 -0.202408 -0.612815 5.057509
1.011444 -0.192303 -0.562126 5.080263
1.013317 -0.182179 -0.511212 5.102369
1.015088 -0.172037 -0.460081 5.123819
1.016757 -0.161878 -0.408738 5.144604
1.018325 -0.151702 -0.357191 5.164714
1.019791 -0.141512 -0.305446 5.184142
1.021155 -0.131307 -0.253510 5.202879
1.022417 -0.121089 -0.201391 5.220917
1.023577 -0.110859 -0.149094 5.238247
1.024635 -0.100618 -0.096628 5.254863
1.025590 -0.090367 -0.043999 5.270757
1.026442 -0.080106 0.008785 5.285922
1.027192 -0.069838 0.061717 5.300350
1.027839 -0.059563 0.114789 5.314036
1.028383 -0.049282 0.167995 5.326972
1.028824 -0.038995 0.221326 5.339152
1.029163 -0.028705 0.274775 5.350571
1.029398 -0.018413 0.328335 5.361223
1.029531 -0.008118 0.381997 5.371102
1.029561 0.002178 0.435754 5.380204
1.029487 0.012473 0.489599 5.388523
1.029311 0.022767 0.543522 5.396055
1.029032 0.033059 0.597517 5.402795
1.028650 0.043347 0.651576 5.408741
1.028165 0.053632 0.705689 5.413887
1.027577 0.063910 0.759851 5.418231
1.026887 0.074183 0.814051 5.421769
1.026094 0.084448 0.868283 5.424498
1.025198 0.094704 0.922539 5.426417
1.024200 0.104951 0.976809 5.427523
1.023099 0.115188 1.031086 5.427813
1.021896 0.125413 1.085362 5.427287
1.020591 0.135626 1.139629 5.425942
1.019184 0.145824 1.193879 5.423779
1.017674 0.156009 1.248102 5.420796
1.016063 0.166178 1.302292 5.416993
1.014351 0.176330 1.356439 5.412369
1.012537 0.186464 1.410536 5.406926
1.010622 0.196580 1.464575 5.400663
1.008605 0.206676 1.518547 5.393582
1.006488 0.216752 1.572444 5.385684
1.004270 0.226806 1.626258 5.376969
1.001952 0.236837 1.679981 5.367441
0.999534 0.246845 1.733604 5.357100
0.997015 0.256827 1.787120 5.345950
0.994397 0.266785 1.840520 5.333994
0.991680 0.276715 1.893797 5.321233
0.988863 0.286618 1.946942 5.307672
0.985948 0.296492 1.999948 5.293314
0.982933 0.306336 2.052806 5.278164
0.979821 0.316150 2.105509 5.262225
0.976610 0.325933 2.158048 5.245502
0.973302 0.335682 2.210416 5.228000
0.969897 0.345398 2.262605 5.209724
0.966395 0.355080 2.314608 5.190680
0.962795 0.364726 2.366416 5.170872
0.959100 0.374335 2.418023 5.150309
0.955309 0.383907 2.469420 5.128994
0.951422 0.393441 2.520600 5.106936
0.947440 0.402936 2.571556 5.084142
0.943364 0.412390 2.622281 5.060617
0.939193 0.421803 2.672766 5.036370
0.934928 0.431173 2.723006 5.011409
0.930569 0.440501 2.772992 4.985741
0.926118 0.449784 2.822718 4.959374
0.921574 0.459023 2.872177 4.932318
0.916937 0.468215 2.921362 4.904581
0.912210 0.477361 2.970267 4.876171
0.907390 0.486459 3.018883 4.847098
0.902480 0.495509 3.067206 4.817372
0.897480 0.504509 3.115229 4.787002
0.892390 0.513458 3.162944 4.755999
0.887211 0.522356 3.210347 4.724372
0.881944 0.531202 3.257430 4.692131
0.876587 0.539995 3.304187 4.659288
0.871144 0.548734 3.350613 4.625852
0.865613 0.557417 3.396702 4.591836
0.859996 0.566045 3.442448 4.557250
0.854292 0.574617 3.487846 4.522106
0.848504 0.583131 3.532889 4.486415
0.842630 0.591587 3.577572 4.450189
0.836672 0.599983 3.621891 4.413440
0.830630 0.608320 3.665839 4.376180
0.824506 0.616596 3.709413 4.338422
0.818299 0.624810 3.752606 4.300177
0.812010 0.632961 3.795415 4.261458
0.805640 0.641050 3.837834 4.222279
0.799189 0.649074 3.879859 4.182651
0.792658 0.657033 3.921485 4.142588
0.786049 0.664927 3.962709 4.102103
0.779360 0.672754 4.003526 4.061209
0.772594 0.680514 4.043932 4.019920
0.765750 0.688206 4.083923 3.978249
0.758830 0.695829 4.123496 3.936209
0.751834 0.703382 4.162646 3.893815
0.744762 0.710865 4.201371 3.851080
0.737617 0.718277 4.239667 3.808017
0.730397 0.725617 4.277530 3.764641
0.723105 0.732885 4.314958 3.720965
0.715740 0.740079 4.351948 3.677005
0.708303 0.747199 4.388498 3.632773
0.700796 0.754245 4.424603 3.588284
0.693219 0.761215 4.460262 3.543552
0.685572 0.768109 4.495473 3.498591
0.677857 0.774926 4.530233 3.453416
0.670074 0.781666 4.564541 3.408041
0.662224 0.788327 4.598394 3.362479
0.654299 0.794917 4.586476 -2.535787
0.646318 0.801420 4.560887 -2.582060
0.638271 0.807843 4.534834 -2.628486
0.630161 0.814185 4.508317 -2.675054
0.621988 0.820446 4.481333 -2.721752
0.613752 0.826624 4.453881 -2.768567
0.605456 0.832721 4.425961 -2.815488
0.597098 0.838733 4.397571 -2.862502
0.588681 0.844662 4.368711 -2.909596
0.580205 0.850507 4.339379 -2.956758
0.571671 0.856266 4.309576 -3.003975
0.563080 0.861940 4.279300 -3.051234
0.554433 0.867528 4.248551 -3.098523
0.545730 0.873028 4.217329 -3.145827
0.536973 0.878442 4.185634 -3.193134
0.528161 0.883768 4.153466 -3.240431
0.519298 0.889005 4.120826 -3.287704
0.510382 0.894154 4.087712 -3.334939
0.501415 0.899213 4.054127 -3.382124
0.492398 0.904182 4.020070 -3.429244
0.483331 0.909060 3.985542 -3.476285
0.474217 0.913848 3.950545 -3.523234
0.465055 0.918545 3.915078 -3.570077
0.455846 0.923149 3.879144 -3.616800
0.446592 0.927661 3.842743 -3.663389
0.437293 0.932081 3.805876 -3.709829
0.427951 0.936407 3.768547 -3.756108
0.418565 0.940640 3.730755 -3.802210
0.409138 0.944778 3.692503 -3.848122
0.399670 0.948822 3.653793 -3.893828
0.390162 0.952771 3.614627 -3.939316
0.380615 0.956625 3.575007 -3.984571
0.371030 0.960384 3.534937 -4.029578
0.361408 0.964046 3.494417 -4.074324
0.351749 0.967612 3.453451 -4.118794
0.342056 0.971081 3.412042 -4.162973
0.332328 0.974453 3.370192 -4.206848
0.322567 0.977727 3.327906 -4.250405
0.312774 0.980904 3.285186 -4.293629
0.302949 0.983983 3.242035 -4.336506
0.293095 0.986963 3.198457 -4.379022
0.283210 0.989844 3.154455 -4.421164
0.273298 0.992627 3.110035 -4.462916
0.263358 0.995310 3.065198 -4.504265
0.253392 0.997894 3.019951 -4.545198
0.243401 1.000378 2.974296 -4.585700
0.233385 1.002762 2.928238 -4.625759
0.223346 1.005046 2.881782 -4.665359
0.213284 1.007229 2.834933 -4.704488
0.203202 1.009311 2.787694 -4.743133
0.193098 1.011293 2.740072 -4.781280
0.182976 1.013173 2.692070 -4.818916
0.172835 1.014952 2.643695 -4.856027
0.162677 1.016630 2.594951 -4.892602
0.152503 1.018206 2.545845 -4.928627
0.142314 1.019680 2.496381 -4.964089
0.132110 1.021052 2.446565 -4.998977
0.121893 1.022322 2.396403 -5.033277
0.111664 1.023490 2.345901 -5.066979
0.101423 1.024555 2.295066 -5.100069
0.091173 1.025518 2.243902 -5.132535
0.080913 1.026379 2.192417 -5.164368
0.070646 1.027136 2.140617 -5.195554
0.060371 1.027791 2.088508 -5.226082
0.050090 1.028344 2.036097 -5.255943
0.039804 1.028793 1.983392 -5.285124
0.029515 1.029140 1.930397 -5.313615
0.019222 1.029384 1.877122 -5.341407
0.008927 1.029524 1.823572 -5.368488
-0.001368 1.029562 1.769754 -5.394848
-0.011664 1.029497 1.715677 -5.420480
-0.021958 1.029329 1.661347 -5.445371
-0.032250 1.029058 1.606772 -5.469515
-0.042539 1.028684 1.551959 -5.492901
-0.052823 1.028207 1.496917 -5.515521
-0.063102 1.027627 1.441652 -5.537366
-0.073375 1.026945 1.386172 -5.558429
-0.083641 1.026160 1.330486 -5.578702
-0.093898 1.025272 1.274600 -5.598177
-0.104146 1.024282 1.218525 -5.616846
-0.114383 1.023189 1.162266 -5.634704
-0.124609 1.021994 1.105833 -5.651742
-0.134823 1.020697 1.049234 -5.667955
-0.145023 1.019298 0.992477 -5.683337
-0.155209 1.017797 0.935570 -5.697882
-0.165379 1.016194 0.878522 -5.711584
-0.175532 1.014489 0.821341 -5.724438
-0.185668 1.012683 0.764036 -5.736439
-0.195785 1.010776 0.706615 -5.747583
-0.205883 1.008768 0.649087 -5.757866
-0.215960 1.006658 0.591461 -5.767283
-0.226016 1.004448 0.533745 -5.775832
-0.236049 1.002138 0.475947 -5.783508
-0.246059 0.999728 0.418077 -5.790309
-0.256043 0.997217 0.360144 -5.796233
-0.266003 0.994607 0.302156 -5.801276
-0.275935 0.991897 0.244121 -5.805438
-0.285840 0.989088 0.186050 -5.808716
-0.295717 0.986180 0.127950 -5.811109
-0.305563 0.983174 0.069831 -5.812617
-0.315380 0.980069 0.011701 -5.813239
-0.325164 0.976866 -0.046431 -5.812974
-0.334917 0.973566 -0.104556 -5.811823
-0.344635 0.970168 -0.162665 -5.809786
-0.354320 0.966673 -0.220749 -5.806864
-0.363969 0.963082 -0.278799 -5.803057
-0.373581 0.959394 -0.336807 -5.798369
-0.383156 0.955610 -0.394763 -5.792799
-0.392693 0.951731 -0.452660 -5.786351
-0.402190 0.947757 -0.510487 -5.779027
-0.411648 0.943687 -0.568237 -5.770829
-0.421064 0.939524 -0.625901 -5.761761
-0.430438 0.935266 -0.683470 -5.751827
-0.439769 0.930915 -0.740935 -5.741029
-0.449056 0.926471 -0.798288 -5.729372
-0.458298 0.921934 -0.855519 -5.716860
-0.467494 0.917305 -0.912622 -5.703499
-0.476644 0.912585 -0.969587 -5.689293
-0.485746 0.907773 -1.026405 -5.674248
-0.494799 0.902870 -1.083069 -5.658368
-0.503803 0.897877 -1.139570 -5.641661
-0.512756 0.892794 -1.195899 -5.624133
-0.521658 0.887622 -1.252050 -5.605789
-0.530508 0.882361 -1.308012 -5.586638
-0.539305 0.877012 -1.363780 -5.566686
-0.548048 0.871575 -1.419343 -5.545940
-0.556737 0.866051 -1.474696 -5.524408
-0.565369 0.860440 -1.529829 -5.502099
-0.573945 0.854744 -1.584735 -5.479020
-0.582464 0.848962 -1.639407 -5.455181
-0.590924 0.843095 -1.693836 -5.430589
-0.599325 0.837143 -1.748016 -5.405255
-0.607667 0.831108 -1.801939 -5.379186
-0.615947 0.824990 -1.855597 -5.352394
-0.624166 0.818790 -1.908984 -5.324887
-0.632323 0.812507 -1.962093 -5.296677
-0.640416 0.806143 -2.014916 -5.267772
-0.648445 0.799699 -2.067446 -5.238184
-0.656410 0.793175 -2.119677 -5.207923
-0.664309 0.786571 -2.171602 -5.177000
-0.672141 0.779889 -2.223215 -5.145426
-0.679906 0.773129 -2.274509 -5.113214
-0.687603 0.766291 -2.325477 -5.080373
-0.695232 0.759377 -2.376114 -5.046917
-0.702790 0.752387 -2.426413 -5.012856
-0.710279 0.745321 -2.476369 -4.978203
-0.717697 0.738181 -2.525976 -4.942971
-0.725042 0.730967 -2.575227 -4.907171
-0.732316 0.723681 -2.624117 -4.870816
-0.739516 0.716321 -2.672641 -4.833919
-0.746642 0.708891 -2.720794 -4.796492
-0.753693 0.701389 -2.768569 -4.758550
-0.760669 0.693817 -2.815963 -4.720104
-0.767570 0.686176 -2.862970 -4.681168
-0.774393 0.678466 -2.909585 -4.641756
-0.781139 0.670688 -2.955803 -4.601880
-0.787806 0.662843 -3.001621 -4.561555
-0.794395 0.654932 -3.047033 -4.520794
-0.800905 0.646956 -3.092035 -4.479610
-0.807334 0.638914 -3.136624 -4.438019
-0.813683 0.630809 -3.180794 -4.396032
-0.819950 0.622641 -3.224543 -4.353665
-0.826135 0.614410 -3.267867 -4.310932
-0.832238 0.606119 -3.310761 -4.267846
-0.838258 0.597766 -3.353222 -4.224421
-0.844193 0.589354 -3.395248 -4.180673
-0.850044 0.580882 -3.436835 -4.136614
-0.855811 0.572353 -3.477979 -4.092259
-0.861491 0.563766 -3.518679 -4.047623
-0.867086 0.555124 -3.558931 -4.002719
-0.872594 0.546425 -3.598733 -3.957563
-0.878014 0.537672 -3.638081 -3.912167
-0.883347 0.528865 -3.676975 -3.866546
-0.888591 0.520005 -3.715412 -3.820716
-0.893747 0.511094 -3.753389 -3.774688
-0.898813 0.502131 -3.790905 -3.728479
-0.903789 0.493118 -3.827958 -3.682102
-0.908675 0.484055 -3.864546 -3.635571
-0.913470 0.474944 -3.900669 -3.588901
-0.918174 0.465786 -3.936324 -3.542104
-0.922786 0.456581 -3.971511 -3.495196
-0.927305 0.447331 -4.006228 -3.448190
-0.931732 0.438035 -4.040474 -3.401101
-0.936066 0.428696 -4.074249 -3.353940
-0.940306 0.419314 -4.107553 -3.306724
-0.944452 0.409891 -4.140384 -3.259465
-0.948504 0.400426 -4.172742 -3.212176
-0.952460 0.390921 -4.204627 -3.164871
-0.956322 0.381377 -4.236039 -3.117564
-0.960088 0.371795 -4.266978 -3.070268
-0.963758 0.362175 -4.297445 -3.022995
-0.967331 0.352520 -4.327438 -2.975759
-0.970808 0.342829 -4.356960 -2.928574
-0.974188 0.333104 -4.386010 -2.881451
-0.977470 0.323346 -4.414589 -2.834403
-0.980655 0.313555 -4.442698 -2.787443
-0.983741 0.303733 -4.470339 -2.740584
-0.986729 0.293880 -4.497511 -2.693838
-0.989619 0.283999 -4.524216 -2.647216
-0.992409 0.274088 -4.550455 -2.600731
-0.995100 0.264151 -4.576231 -2.554395
-0.997692 0.254187 -4.601544 -2.508220
-1.000186 0.244187 -4.583242 2.789934
-1.002578 0.234173 -4.555154 2.827752
-1.004870 0.224136 -4.526687 2.865497
-0.700000 1.000000 0.000000 -4.900000
-0.709965 0.992950 -0.048999 -4.899657
-0.719859 0.985801 -0.097991 -4.898628
-0.729681 0.978553 -0.146969 -4.896914
-0.739429 0.971208 -0.195927 -4.894515
-0.749104 0.963765 -0.244857 -4.891431
-0.758704 0.956226 -0.293753 -4.887665
-0.768229 0.948591 -0.342608 -4.883217
-0.777676 0.940861 -0.391415 -4.878089
-0.787045 0.933038 -0.440168 -4.872283
-0.796336 0.925121 -0.488859 -4.865800
-0.805548 0.917111 -0.537481 -4.858643
-0.814678 0.909010 -0.586029 -4.850815
-0.823727 0.900818 -0.634496 -4.842318
-0.832694 0.892536 -0.682873 -4.833155
-0.841578 0.884164 -0.731156 -4.823329
-0.850377 0.875705 -0.779338 -4.812845
-0.859092 0.867157 -0.827411 -4.801704
-0.867720 0.858523 -0.875370 -4.789912
-0.876262 0.849803 -0.923207 -4.777472
-0.884716 0.840998 -0.970917 -4.764389
-0.893082 0.832109 -1.018493 -4.750667
-0.901358 0.823137 -1.065928 -4.736311
-0.909544 0.814082 -1.113217 -4.721325
-0.917639 0.804946 -1.160353 -4.705716
-0.925643 0.795730 -1.207329 -4.689488
-0.933554 0.786434 -1.254140 -4.672647
-0.941371 0.777059 -1.300780 -4.655198
-0.949094 0.767606 -1.347242 -4.637148
-0.956723 0.758077 -1.393521 -4.618503
-0.964256 0.748472 -1.439610 -4.599269
-0.971692 0.738793 -1.485505 -4.579453
-0.979031 0.729039 -1.531198 -4.559061
-0.986273 0.719212 -1.576684 -4.538100
-0.993415 0.709314 -1.621958 -4.516578
-1.000459 0.699344 -1.667014 -4.494501
-1.007402 0.689305 -1.711846 -4.471877
-1.014245 0.679197 -1.756449 -4.448713
-1.020986 0.669020 -1.800818 -4.425018
-1.027625 0.658777 -1.844948 -4.400799
-1.034161 0.648468 -1.888833 -4.376064
-1.040594 0.638094 -1.932467 -4.350822
-1.046923 0.627657 -1.975847 -4.325080
-1.053147 0.617156 -2.018967 -4.298848
-1.059266 0.606594 -2.061823 -4.272133
-1.065279 0.595971 -2.104409 -4.244945
-1.071185 0.585289 -2.146720 -4.217293
-1.076984 0.574548 -2.188753 -4.189185
-1.082676 0.563749 -2.230502 -4.160630
-1.088259 0.552895 -2.271964 -4.131638
-1.093733 0.541985 -2.313134 -4.102218
-1.099098 0.531020 -2.354007 -4.072380
-1.104354 0.520003 -2.394580 -4.042133
-1.109498 0.508934 -2.434848 -4.011487
-1.114532 0.497813 -2.474808 -3.980451
-1.119454 0.486643 -2.514456 -3.949035
-1.124265 0.475425 -2.553788 -3.917249
-1.128963 0.464159 -2.592800 -3.885104
-1.133548 0.452846 -2.631489 -3.852608
-1.138019 0.441488 -2.669851 -3.819773
-1.142377 0.430086 -2.707883 -3.786608
-1.146621 0.418641 -2.745582 -3.753124
-1.150750 0.407154 -2.782945 -3.719331
-1.154764 0.395626 -2.819968 -3.685239
-1.158662 0.384059 -2.856648 -3.650859
-1.162445 0.372453 -2.892984 -3.616200
-1.166111 0.360810 -2.928971 -3.581274
-1.169661 0.349131 -2.964609 -3.546092
-1.173094 0.337418 -2.999892 -3.510662
-1.176409 0.325670 -3.034821 -3.474997
-1.179607 0.313890 -3.069392 -3.439106
-1.182687 0.302078 -3.103602 -3.403000
-1.185649 0.290236 -3.137451 -3.366689
-1.188492 0.278366 -3.170935 -3.330185
-1.191216 0.266467 -3.204054 -3.293498
-1.193821 0.254542 -3.236805 -3.256638
-1.196307 0.242591 -3.269186 -3.219616
-1.198673 0.230616 -3.301197 -3.182442
-1.200919 0.218618 -3.332835 -3.145127
-1.203045 0.206598 -3.364099 -3.107681
-1.205051 0.194557 -3.394988 -3.070115
-1.206936 0.182497 -3.425501 -3.032440
-1.208701 0.170419 -3.455636 -2.994665
-1.210344 0.158324 -3.485394 -2.956802
-1.211867 0.146213 -3.514772 -2.918859
-1.213269 0.134087 -3.543771 -2.880849
-1.214549 0.121948 -3.572389 -2.842780
-1.215708 0.109796 -3.600626 -2.804663
-1.216745 0.097634 -3.628482 -2.766509
-1.217660 0.085462 -3.655956 -2.728327
-1.218454 0.073281 -3.683048 -2.690127
-1.219126 0.061093 -3.709759 -2.651920
-1.219676 0.048899 -3.736087 -2.613714
-1.220104 0.036700 -3.762033 -2.575521
-1.220410 0.024497 -3.787597 -2.537349
-1.220594 0.012280 -3.811764 2.513127
-1.220656 0.000074 -3.786503 2.539046
-1.220595 -0.012133 -3.760983 2.564842
-1.220413 -0.024338 -3.735207 2.590507
-1.220109 -0.036541 -3.709174 2.616038
-1.219682 -0.048740 -3.682886 2.641429
-1.219134 -0.060934 -3.656346 2.666675
-1.218463 -0.073122 -3.629553 2.691770
-1.217671 -0.085303 -3.602511 2.716710
-1.216757 -0.097475 -3.575220 2.741490
-1.215722 -0.109637 -3.547682 2.766103
-1.214565 -0.121789 -3.519898 2.790546
-1.213286 -0.133928 -3.491871 2.814814
-1.211886 -0.146054 -3.463602 2.838901
-1.210365 -0.158166 -3.435094 2.862802
-1.208723 -0.170261 -3.406347 2.886513
-1.206960 -0.182340 -3.377364 2.910029
-1.205076 -0.194400 -3.348147 2.933344
-1.203072 -0.206441 -3.318698 2.956455
-1.200947 -0.218461 -3.289019 2.979356
-1.198703 -0.230459 -3.259112 3.002043
-1.196338 -0.242435 -3.228979 3.024511
-1.193854 -0.254386 -3.198622 3.046756
-1.191251 -0.266311 -3.168044 3.068773
-1.188528 -0.278210 -3.137247 3.090557
-1.185687 -0.290081 -3.106234 3.112105
-1.182727 -0.301924 -3.075006 3.133412
-1.179648 -0.313736 -3.043566 3.154473
-1.176452 -0.325516 -3.011917 3.175285
-1.173138 -0.337264 -2.980062 3.195843
-1.169707 -0.348979 -2.948001 3.216143
-1.166159 -0.360658 -2.915740 3.236181
-1.162494 -0.372301 -2.883279 3.255954
-1.158713 -0.383907 -2.850621 3.275456
-1.154816 -0.395475 -2.817771 3.294685
-1.150803 -0.407003 -2.784729 3.313636
-1.146676 -0.418491 -2.751499 3.332306
-1.142434 -0.429937 -2.718084 3.350691
-1.138077 -0.441339 -2.684486 3.368787
-1.133607 -0.452698 -2.650709 3.386592
-1.129023 -0.464011 -2.616755 3.404101
-1.124327 -0.475278 -2.582628 3.421311
-1.119518 -0.486497 -2.548330 3.438219
-1.114597 -0.497668 -2.513864 3.454822
-1.109565 -0.508789 -2.479234 3.471116
-1.104422 -0.519859 -2.444443 3.487099
-1.099168 -0.530877 -2.409494 3.502768
-1.093804 -0.541842 -2.374389 3.518119
-1.088331 -0.552752 -2.339132 3.533149
-1.082749 -0.563608 -2.303727 3.547857
-1.077059 -0.574407 -2.268176 3.562239
-1.071261 -0.585149 -2.232483 3.576292
-1.065356 -0.595832 -2.196651 3.590015
-1.059345 -0.606456 -2.160684 3.603405
-1.053227 -0.617019 -2.124584 3.616459
-1.047005 -0.627520 -2.088356 3.629176
-1.040677 -0.637958 -2.052002 3.641552
-1.034246 -0.648333 -2.015526 3.653586
-1.027711 -0.658643 -1.978931 3.665277
-1.021073 -0.668887 -1.942222 3.676621
-1.014333 -0.679064 -1.905400 3.687618
-1.007492 -0.689173 -1.868470 3.698265
-1.000550 -0.699213 -1.831436 3.708561
-0.993508 -0.709184 -1.794300 3.718504
-0.986367 -0.719083 -1.757067 3.728093
-0.979127 -0.728911 -1.719740 3.737327
-0.971789 -0.738665 -1.682322 3.746203
-0.964354 -0.748346 -1.644817 3.754722
-0.956822 -0.757952 -1.607229 3.762881
-0.949195 -0.767482 -1.569560 3.770681
-0.941473 -0.776936 -1.531816 3.778119
-0.933656 -0.786312 -1.493999 3.785195
-0.925747 -0.795609 -1.456113 3.791908
-0.917744 -0.804826 -1.418162 3.798258
-0.909650 -0.813963 -1.380150 3.804244
-0.901465 -0.823019 -1.342079 3.809866
-0.893190 -0.831992 -1.303953 3.815123
-0.884826 -0.840882 -1.265777 3.820014
-0.876373 -0.849688 -1.227554 3.824541
-0.867832 -0.858410 -1.189288 3.828702
-0.859205 -0.867045 -1.150982 3.832497
-0.850492 -0.875593 -1.112639 3.835927
-0.841693 -0.884054 -1.074264 3.838992
-0.832811 -0.892427 -1.035861 3.841691
-0.823845 -0.900710 -0.997432 3.844026
-0.814797 -0.908904 -0.958981 3.845996
-0.805667 -0.917006 -0.920513 3.847603
-0.796457 -0.925017 -0.882030 3.848846
-0.787167 -0.932935 -0.843537 3.849726
-0.777799 -0.940760 -0.805037 3.850245
-0.768353 -0.948491 -0.766534 3.850403
-0.758829 -0.956127 -0.728030 3.850200
-0.749230 -0.963667 -0.689531 3.849639
-0.739556 -0.971111 -0.651039 3.848719
-0.729808 -0.978458 -0.612558 3.847442
-0.719988 -0.985707 -0.574091 3.845810
-0.710095 -0.992857 -0.535642 3.843824
-0.700131 -0.999908 -0.497216 3.841484
-0.690097 -1.006860 -0.458814 3.838794
-0.679994 -1.013710 -0.420441 3.835753
-0.669823 -1.020459 -0.382100 3.832364
-0.659585 -1.027106 -0.343795 3.828629
-0.649281 -1.033651 -0.305529 3.824549
-0.638912 -1.040092 -0.267305 3.820126
-0.628480 -1.046429 -0.229127 3.815362
-0.617984 -1.052661 -0.190999 3.810260
-0.607427 -1.058788 -0.152923 3.804820
-0.596809 -1.064810 -0.114904 3.799046
-0.586131 -1.070724 -0.076943 3.792940
-0.575395 -1.076532 -0.039046 3.786504
-0.564601 -1.082232 -0.001214 3.779739
-0.553750 -1.087824 0.036548 3.772650
-0.542845 -1.093307 0.074238 3.765237
-0.531885 -1.098681 0.111852 3.757504
-0.520871 -1.103944 0.149387 3.749454
-0.509806 -1.109098 0.186840 3.741089
-0.498690 -1.114140 0.224207 3.732411
-0.487524 -1.119071 0.261487 3.723424
-0.476309 -1.123891 0.298675 3.714130
-0.465046 -1.128597 0.335768 3.704533
-0.453737 -1.133191 0.372764 3.694635
-0.442383 -1.137672 0.409660 3.684439
-0.430984 -1.142039 0.446452 3.673948
-0.419542 -1.146292 0.483138 3.663166
-0.408059 -1.150430 0.519715 3.652096
-0.396534 -1.154453 0.556179 3.640740
-0.384970 -1.158360 0.592528 3.629103
-0.373367 -1.162152 0.628760 3.617187
-0.361727 -1.165827 0.664871 3.604995
-0.350051 -1.169386 0.700859 3.592532
-0.338340 -1.172828 0.736721 3.579801
-0.326595 -1.176153 0.772454 3.566804
-0.314817 -1.179360 0.808056 3.553547
-0.303008 -1.182449 0.843524 3.540031
-0.291169 -1.185420 0.878856 3.526261
-0.279300 -1.188272 0.914049 3.512241
-0.267404 -1.191006 0.949100 3.497973
-0.255480 -1.193620 0.984007 3.483463
-0.243532 -1.196116 1.018768 3.468712
-0.231558 -1.198491 1.053381 3.453726
-0.219562 -1.200747 1.087842 3.438508
-0.207544 -1.202882 1.122150 3.423062
-0.195505 -1.204897 1.156303 3.407391
-0.183446 -1.206792 1.190297 3.391499
-0.171370 -1.208566 1.224132 3.375391
-0.159275 -1.210220 1.257804 3.359070
-0.147166 -1.211752 1.291313 3.342540
-0.135041 -1.213163 1.324655 3.325806
-0.122903 -1.214453 1.357828 3.308870
-0.110752 -1.215621 1.390831 3.291737
-0.098591 -1.216668 1.423662 3.274410
-0.086419 -1.217593 1.456319 3.256895
-0.074239 -1.218396 1.488799 3.239195
-0.062052 -1.219077 1.521102 3.221313
-0.049858 -1.219637 1.553225 3.203254
-0.037659 -1.220074 1.585167 3.185022
-0.025457 -1.220390 1.616925 3.166621
-0.013252 -1.220584 1.648499 3.148055
-0.001046 -1.220655 1.679886 3.129328
0.011161 -1.220605 1.711085 3.110444
0.023366 -1.220432 1.742094 3.091406
0.035569 -1.220137 1.772912 3.072220
0.047768 -1.219721 1.803538 3.052889
0.059963 -1.219182 1.833969 3.033417
0.072152 -1.218521 1.864206 3.013808
0.084333 -1.217739 1.894245 2.994066
0.096506 -1.216835 1.924087 2.974195
0.108669 -1.215809 1.953729 2.954200
0.120822 -1.214661 1.983170 2.934083
0.132962 -1.213392 2.012410 2.913850
0.145089 -1.212002 2.041447 2.893503
0.157202 -1.210491 2.070280 2.873048
0.169299 -1.208858 2.098907 2.852488
0.181378 -1.207105 2.127329 2.831826
0.193440 -1.205231 2.155544 2.811068
0.205483 -1.203236 2.183550 2.790216
0.217505 -1.201121 2.211348 2.769274
0.229505 -1.198886 2.238935 2.748247
0.241482 -1.196531 2.266312 2.727139
0.253435 -1.194056 2.293478 2.705952
0.265363 -1.191462 2.320431 2.684692
0.277264 -1.188749 2.347171 2.663361
0.289137 -1.185917 2.373698 2.641964
0.300982 -1.182967 2.400011 2.620504
0.312796 -1.179898 2.426108 2.598985
0.324579 -1.176711 2.451990 2.577410
0.336330 -1.173406 2.477656 2.555784
0.348047 -1.169984 2.503106 2.534110
0.359729 -1.166445 2.528338 2.512391
0.371376 -1.162790 2.553353 2.490631
0.382985 -1.159018 2.578151 2.468834
0.394555 -1.155130 2.602730 2.447004
0.406087 -1.151127 2.627091 2.425143
0.417578 -1.147009 2.651233 2.403255
0.429027 -1.142776 2.675156 2.381344
0.440433 -1.138428 2.698859 2.359412
0.451795 -1.133967 2.722344 2.337465
0.463112 -1.129393 2.745609 2.315503
0.474382 -1.124705 2.768654 2.293532
0.485605 -1.119905 2.791479 2.271555
0.496780 -1.114993 2.814085 2.249574
0.507905 -1.109970 2.836471 2.227592
0.518979 -1.104835 2.858637 2.205614
0.530001 -1.099590 2.880583 2.183641
0.540971 -1.094235 2.902310 2.161678
0.551886 -1.088771 2.923817 2.139727
0.562746 -1.083198 2.945104 2.117792
0.573549 -1.077516 2.966172 2.095874
0.584296 -1.071727 2.987022 2.073978
0.594983 -1.065831 3.007652 2.052106
0.605612 -1.059828 3.028064 2.030261
0.616180 -1.053719 3.048257 2.008447
0.626686 -1.047504 3.068233 1.986664
0.637129 -1.041185 3.087991 1.964918
0.647509 -1.034762 3.107531 1.943209
0.657824 -1.028235 3.126855 1.921542
0.668074 -1.021605 3.145962 1.899918
0.678256 -1.014874 3.164854 1.878340
0.688371 -1.008041 3.183529 1.856811
0.698416 -1.001107 3.201990 1.835333
0.708392 -0.994073 3.220236 1.813910
0.718298 -0.986939 3.238268 1.792542
0.728131 -0.979707 3.256087 1.771234
0.737891 -0.972377 3.273693 1.749987
0.747578 -0.964949 3.291087 1.728803
0.757190 -0.957425 3.308270 1.707685
0.766726 -0.949806 3.325241 1.686635
0.776186 -0.942091 3.342003 1.665656
0.785577 -0.934274 3.345989 -2.510192
0.794880 -0.926372 3.320720 -2.543705
0.804104 -0.918377 3.295115 -2.577182
0.813248 -0.910290 3.269176 -2.610614
0.822310 -0.902112 3.242903 -2.643993
0.831290 -0.893844 3.216297 -2.677311
0.840186 -0.885487 3.189357 -2.710558
0.848999 -0.877041 3.162086 -2.743727
0.857727 -0.868507 3.134483 -2.776808
0.866369 -0.859887 3.106550 -2.809793
0.874924 -0.851180 3.078287 -2.842674
0.883392 -0.842388 3.049697 -2.875440
0.891772 -0.833512 3.020779 -2.908084
0.900062 -0.824553 2.991535 -2.940597
0.908263 -0.815512 2.961967 -2.972971
0.916372 -0.806388 2.932077 -3.005195
0.924390 -0.797184 2.901864 -3.037262
0.932316 -0.787901 2.871332 -3.069162
0.940148 -0.778538 2.840481 -3.100888
0.947886 -0.769098 2.809315 -3.132429
0.955530 -0.759581 2.777834 -3.163778
0.963077 -0.749988 2.746040 -3.194924
0.970529 -0.740320 2.713936 -3.225861
0.977884 -0.730578 2.681523 -3.256579
0.985140 -0.720762 2.648805 -3.287068
0.992299 -0.710875 2.615783 -3.317321
0.999358 -0.700917 2.582459 -3.347329
1.006317 -0.690888 2.548837 -3.377083
1.013175 -0.680791 2.514919 -3.406574
1.019932 -0.670625 2.480706 -3.435794
1.026587 -0.660392 2.446204 -3.464734
1.033140 -0.650094 2.411413 -3.493387
1.039589 -0.639730 2.376337 -3.521742
1.045934 -0.629302 2.340979 -3.549793
1.052175 -0.618812 2.305342 -3.577530
1.058310 -0.608259 2.269429 -3.604945
1.064340 -0.597646 2.233244 -3.632031
1.070263 -0.586973 2.196790 -3.658778
1.076079 -0.576241 2.160070 -3.685180
1.081788 -0.565451 2.123087 -3.711227
1.087388 -0.554606 2.085846 -3.736912
1.092880 -0.543704 2.048350 -3.762228
1.098262 -0.532748 2.010603 -3.787166
1.103534 -0.521739 1.972608 -3.811718
1.108697 -0.510678 1.934370 -3.835878
1.113748 -0.499566 1.895892 -3.859637
1.118688 -0.488403 1.857179 -3.882989
1.123516 -0.477192 1.818234 -3.905926
1.128231 -0.465933 1.779062 -3.928441
1.132834 -0.454628 1.739666 -3.950526
1.137324 -0.443277 1.700053 -3.972176
1.141700 -0.431882 1.660224 -3.993382
1.145961 -0.420444 1.620186 -4.014140
1.150108 -0.408963 1.579943 -4.034441
1.154140 -0.397442 1.539499 -4.054279
1.158057 -0.385881 1.498859 -4.073648
1.161858 -0.374281 1.458028 -4.092543
1.165543 -0.362644 1.417010 -4.110956
1.169111 -0.350971 1.375810 -4.128883
1.172562 -0.339262 1.334434 -4.146316
1.175896 -0.327520 1.292886 -4.163251
1.179112 -0.315745 1.251171 -4.179683
1.182211 -0.303938 1.209294 -4.195605
1.185191 -0.292101 1.167260 -4.211013
1.188052 -0.280234 1.125075 -4.225902
1.190795 -0.268340 1.082744 -4.240267
1.193419 -0.256419 1.040272 -4.254103
1.195924 -0.244472 0.997664 -4.267405
1.198309 -0.232501 0.954925 -4.280170
1.200574 -0.220506 0.912062 -4.292394
1.202719 -0.208490 0.869079 -4.304071
1.204743 -0.196452 0.825982 -4.315199
1.206648 -0.184395 0.782777 -4.325773
1.208431 -0.172320 0.739469 -4.335791
1.210094 -0.160227 0.696063 -4.345249
1.211636 -0.148118 0.652566 -4.354144
1.213056 -0.135995 0.608982 -4.362472
1.214356 -0.123858 0.565318 -4.370232
1.215533 -0.111708 0.521579 -4.377420
1.216590 -0.099547 0.477772 -4.384034
1.217524 -0.087377 0.433901 -4.390073
1.218337 -0.075197 0.389972 -4.395533
1.219028 -0.063010 0.345992 -4.400414
1.219597 -0.050817 0.301966 -4.404714
1.220045 -0.038619 0.257900 -4.408430
1.220370 -0.026417 0.213799 -4.411563
1.220573 -0.014212 0.169670 -4.414110
1.220654 -0.002006 0.125519 -4.416071
1.220613 0.010201 0.081351 -4.417446
1.220450 0.022406 0.037172 -4.418234
1.220165 0.034609 -0.007012 -4.418435
1.219758 0.046809 -0.051195 -4.418048
1.219229 0.059004 -0.095371 -4.417074
1.218578 0.071193 -0.139534 -4.415512
1.217805 0.083375 -0.183679 -4.413365
1.216910 0.095549 -0.227800 -4.410632
1.215894 0.107713 -0.271890 -4.407314
1.214756 0.119867 -0.315944 -4.403412
1.213497 0.132008 -0.359956 -4.398928
1.212116 0.144136 -0.403921 -4.393863
1.210614 0.156250 -0.447832 -4.388219
1.208991 0.168348 -0.491683 -4.381997
1.207247 0.180429 -0.535470 -4.375200
1.205382 0.192492 -0.579185 -4.367831
1.203397 0.204536 -0.622824 -4.359890
1.201292 0.216560 -0.666381 -4.351382
1.199066 0.228562 -0.709850 -4.342308
1.196721 0.240541 -0.753225 -4.332672
1.194255 0.252496 -0.796502 -4.322477
1.191671 0.264426 -0.839673 -4.311727
1.188967 0.276329 -0.882734 -4.300424
1.186144 0.288205 -0.925680 -4.288573
1.183203 0.300051 -0.968504 -4.276177
1.180143 0.311868 -1.011202 -4.263241
1.176966 0.323654 -1.053767 -4.249769
1.173670 0.335407 -1.096195 -4.235764
1.170258 0.347127 -1.138481 -4.221233
1.166728 0.358812 -1.180618 -4.206179
1.163082 0.370461 -1.222602 -4.190607
1.159319 0.382073 -1.264428 -4.174522
1.155440 0.393647 -1.306091 -4.157931
1.151446 0.405182 -1.347585 -4.140836
1.147337 0.416676 -1.388906 -4.123246
1.143113 0.428128 -1.430049 -4.105164
1.138774 0.439537 -1.471008 -4.086598
1.134322 0.450903 -1.511779 -4.067552
1.129756 0.462224 -1.552357 -4.048033
1.125078 0.473498 -1.592738 -4.028047
1.120287 0.484725 -1.632917 -4.007600
1.115383 0.495903 -1.672889 -3.986700
1.110369 0.507032 -1.712649 -3.965352
1.105243 0.518110 -1.752194 -3.943563
1.100007 0.529136 -1.791519 -3.921341
1.094660 0.540110 -1.830620 -3.898691
1.089205 0.551029 -1.869491 -3.875622
1.083640 0.561894 -1.908131 -3.852140
1.077967 0.572702 -1.946533 -3.828253
1.072186 0.583453 -1.984694 -3.803967
1.066298 0.594145 -2.022611 -3.779292
1.060303 0.604778 -2.060279 -3.754233
1.054203 0.615351 -2.097694 -3.728800
1.047997 0.625862 -2.134854 -3.702998
1.041686 0.636310 -2.171753 -3.676838
1.035271 0.646695 -2.208389 -3.650326
1.028752 0.657015 -2.244759 -3.623470
1.022131 0.667270 -2.280858 -3.596279
1.015407 0.677458 -2.316683 -3.568760
1.008582 0.687578 -2.352232 -3.540923
1.001655 0.697629 -2.387500 -3.512775
0.994629 0.707611 -2.422486 -3.484324
0.987504 0.717521 -2.457186 -3.455580
0.980279 0.727360 -2.491597 -3.426550
0.972957 0.737127 -2.525716 -3.397243
0.965537 0.746819 -2.559541 -3.367667
0.958020 0.756437 -2.593069 -3.337832
0.950408 0.765979 -2.626297 -3.307745
0.942701 0.775445 -2.659223 -3.277416
0.934900 0.784833 -2.691844 -3.246853
0.927005 0.794143 -2.724159 -3.216065
0.919017 0.803373 -2.756165 -3.185061
0.910937 0.812523 -2.787859 -3.153849
0.902767 0.821591 -2.819241 -3.122438
0.894506 0.830578 -2.850308 -3.090838
0.886156 0.839481 -2.881057 -3.059056
0.877717 0.848300 -2.911488 -3.027102
0.869190 0.857035 -2.941599 -2.994984
0.860576 0.865684 -2.971387 -2.962711
0.851876 0.874246 -3.000852 -2.930293
0.843092 0.882721 -3.029993 -2.897737
0.834222 0.891108 -3.058807 -2.865053
0.825270 0.899405 -3.087293 -2.832249
0.816235 0.907613 -3.115451 -2.799335
0.807118 0.915730 -3.143280 -2.766319
0.797920 0.923755 -3.170777 -2.733209
0.788643 0.931688 -3.197944 -2.700014
0.779287 0.939528 -3.224777 -2.666743
0.769853 0.947273 -3.251278 -2.633405
0.760342 0.954924 -3.277445 -2.600008
-0.130000 -0.400000 0.000000 -4.900000
-0.125994 -0.401280 -0.048999 -4.899657
-0.121975 -0.402520 -0.097991 -4.898628
-0.117943 -0.403719 -0.146969 -4.896914
-0.113900 -0.404879 -0.195927 -4.894515
-0.109846 -0.405997 -0.244857 -4.891431
-0.105780 -0.407076 -0.293753 -4.887665
-0.101704 -0.408113 -0.342608 -4.883217
-0.097618 -0.409110 -0.391415 -4.878089
-0.093522 -0.410065 -0.440168 -4.872283
-0.089417 -0.410980 -0.488859 -4.865800
-0.085303 -0.411854 -0.537481 -4.858643
-0.081180 -0.412686 -0.586029 -4.850815
-0.077049 -0.413477 -0.634496 -4.842318
-0.072911 -0.414227 -0.682873 -4.833155
-0.068765 -0.414935 -0.731156 -4.823329
-0.064612 -0.415602 -0.779338 -4.812845
-0.060453 -0.416228 -0.827411 -4.801704
-0.056288 -0.416811 -0.875370 -4.789912
-0.052117 -0.417353 -0.923207 -4.777472
-0.047941 -0.417854 -0.970917 -4.764389
-0.043760 -0.418312 -1.018493 -4.750667
-0.039575 -0.418729 -1.065928 -4.736311
-0.035386 -0.419104 -1.113217 -4.721325
-0.031193 -0.419437 -1.160353 -4.705716
-0.026997 -0.419727 -1.207329 -4.689488
-0.022798 -0.419976 -1.254140 -4.672647
-0.018598 -0.420183 -1.300780 -4.655198
-0.014395 -0.420348 -1.347242 -4.637148
-0.010191 -0.420471 -1.393521 -4.618503
-0.005986 -0.420552 -1.439610 -4.599269
-0.001780 -0.420591 -1.485505 -4.579453
0.002426 -0.420588 -1.531198 -4.559061
0.006632 -0.420543 -1.576684 -4.538100
0.010837 -0.420455 -1.621958 -4.516578
0.015041 -0.420326 -1.667014 -4.494501
0.019243 -0.420154 -1.711846 -4.471877
0.023444 -0.419941 -1.756449 -4.448713
0.027642 -0.419686 -1.800818 -4.425018
0.031837 -0.419388 -1.844948 -4.400799
0.036029 -0.419049 -1.888833 -4.376064
0.040218 -0.418668 -1.932467 -4.350822
0.044403 -0.418244 -1.975847 -4.325080
0.048583 -0.417780 -2.018967 -4.298848
0.052758 -0.417273 -2.061823 -4.272133
0.056928 -0.416724 -2.104409 -4.244945
0.061092 -0.416134 -2.146720 -4.217293
0.065251 -0.415503 -2.188753 -4.189185
0.069402 -0.414829 -2.230502 -4.160630
0.073547 -0.414115 -2.271964 -4.131638
0.077684 -0.413358 -2.313134 -4.102218
0.081814 -0.412561 -2.354007 -4.072380
0.085936 -0.411722 -2.394580 -4.042133
0.090048 -0.410842 -2.434848 -4.011487
0.094152 -0.409921 -2.474808 -3.980451
0.098247 -0.408959 -2.514456 -3.949035
0.102331 -0.407956 -2.553788 -3.917249
0.106406 -0.406913 -2.592800 -3.885104
0.110469 -0.405828 -2.631489 -3.852608
0.114522 -0.404703 -2.669851 -3.819773
0.118563 -0.403538 -2.707883 -3.786608
0.122593 -0.402332 -2.745582 -3.753124
0.126610 -0.401086 -2.782945 -3.719331
0.130614 -0.399800 -2.819968 -3.685239
0.134606 -0.398474 -2.856648 -3.650859
0.138584 -0.397108 -2.892984 -3.616200
0.142548 -0.395702 -2.928971 -3.581274
0.146498 -0.394257 -2.964609 -3.546092
0.150433 -0.392772 -2.999892 -3.510662
0.154353 -0.391248 -3.034821 -3.474997
0.158258 -0.389685 -3.069392 -3.439106
0.162146 -0.388083 -3.103602 -3.403000
0.166019 -0.386442 -3.137451 -3.366689
0.169875 -0.384763 -3.170935 -3.330185
0.173714 -0.383045 -3.204054 -3.293498
0.177536 -0.381289 -3.236805 -3.256638
0.181340 -0.379494 -3.269186 -3.219616
0.185126 -0.377662 -3.301197 -3.182442
0.188893 -0.375792 -3.332835 -3.145127
0.192641 -0.373884 -3.364099 -3.107681
0.196371 -0.371939 -3.394988 -3.070115
0.200080 -0.369957 -3.425501 -3.032440
0.203770 -0.367937 -3.455636 -2.994665
0.207439 -0.365881 -3.485394 -2.956802
0.211087 -0.363789 -3.514772 -2.918859
0.214714 -0.361660 -3.543771 -2.880849
0.218320 -0.359495 -3.572389 -2.842780
0.221904 -0.357293 -3.600626 -2.804663
0.225466 -0.355057 -3.628482 -2.766509
0.229005 -0.352784 -3.655956 -2.728327
0.232521 -0.350476 -3.683048 -2.690127
0.236015 -0.348134 -3.709759 -2.651920
0.239484 -0.345756 -3.736087 -2.613714
0.242930 -0.343344 -3.762033 -2.575521
0.246351 -0.340898 -3.787597 -2.537349
0.249751 -0.338415 -3.811834 2.173812
0.253122 -0.335900 -3.789907 2.211763
0.256469 -0.333352 -3.767599 2.249865
0.259789 -0.330771 -3.744909 2.288109
0.263084 -0.328157 -3.721836 2.326487
0.266352 -0.325509 -3.698379 2.364989
0.269594 -0.322830 -3.674536 2.403608
0.272809 -0.320118 -3.650306 2.442333
0.275996 -0.317374 -3.625689 2.481157
0.279156 -0.314598 -3.600683 2.520069
0.282288 -0.311791 -3.575287 2.559061
0.285392 -0.308952 -3.549501 2.598124
0.288467 -0.306083 -3.523325 2.637247
0.291513 -0.303183 -3.496756 2.676421
0.294531 -0.300253 -3.469796 2.715637
0.297518 -0.297292 -3.442443 2.754884
0.300476 -0.294302 -3.414698 2.794153
0.303404 -0.291283 -3.386560 2.833434
0.306302 -0.288234 -3.358030 2.872716
0.309169 -0.285157 -3.329106 2.911990
0.312005 -0.282051 -3.299790 2.951246
0.314810 -0.278917 -3.270081 2.990472
0.317583 -0.275755 -3.239981 3.029658
0.320325 -0.272566 -3.209488 3.068795
0.323034 -0.269349 -3.178605 3.107871
0.325712 -0.266105 -3.147331 3.146876
0.328357 -0.262835 -3.115668 3.185798
0.330968 -0.259538 -3.083615 3.224628
0.333547 -0.256215 -3.051175 3.263355
0.336093 -0.252867 -3.018349 3.301966
0.338604 -0.249494 -2.985136 3.340453
0.341082 -0.246095 -2.951540 3.378803
0.343526 -0.242672 -2.917561 3.417006
0.345936 -0.239225 -2.883200 3.455051
0.348311 -0.235753 -2.848460 3.492925
0.350651 -0.232259 -2.813343 3.530620
0.352956 -0.228741 -2.777849 3.568122
0.355225 -0.225200 -2.741981 3.605422
0.357460 -0.221636 -2.705741 3.642507
0.359658 -0.218051 -2.669131 3.679368
0.361821 -0.214443 -2.632154 3.715992
0.363947 -0.210814 -2.594812 3.752368
0.366037 -0.207164 -2.557108 3.788485
0.368090 -0.203494 -2.519044 3.824333
0.370107 -0.199803 -2.480622 3.859899
0.372086 -0.196092 -2.441847 3.895173
0.374028 -0.192361 -2.402720 3.930144
0.375933 -0.188611 -2.363245 3.964800
0.377801 -0.184842 -2.323425 3.999131
0.379630 -0.181055 -2.283263 4.033125
0.381422 -0.177250 -2.242763 4.066772
0.383175 -0.173427 -2.201929 4.100061
0.384890 -0.169587 -2.160763 4.132980
0.386567 -0.165729 -2.119271 4.165519
0.388205 -0.161855 -2.077454 4.197668
0.389804 -0.157965 -2.035319 4.229415
0.391364 -0.154059 -1.992867 4.260751
0.392885 -0.150138 -1.950105 4.291663
0.394367 -0.146202 -1.907036 4.322144
0.395809 -0.142251 -1.863664 4.352181
0.397212 -0.138286 -1.819994 4.381764
0.398575 -0.134307 -1.776030 4.410884
0.399898 -0.130314 -1.731777 4.439531
0.401181 -0.126309 -1.687241 4.467694
0.402424 -0.122291 -1.642425 4.495364
0.403627 -0.118261 -1.597335 4.522532
0.404789 -0.114219 -1.551976 4.549187
0.405911 -0.110165 -1.506353 4.575320
0.406992 -0.106101 -1.460472 4.600923
0.408033 -0.102025 -1.414337 4.625985
0.409033 -0.097940 -1.367954 4.650499
0.409992 -0.093845 -1.321329 4.674455
0.410910 -0.089740 -1.274467 4.697844
0.411786 -0.085627 -1.227374 4.720659
0.412622 -0.081505 -1.180055 4.742890
0.413416 -0.077374 -1.132518 4.764530
0.414170 -0.073237 -1.084767 4.785571
0.414881 -0.069091 -1.036808 4.806005
0.415551 -0.064939 -0.988649 4.825824
0.416180 -0.060780 -0.940294 4.845022
0.416767 -0.056616 -0.891750 4.863590
0.417312 -0.052445 -0.843024 4.881521
0.417816 -0.048269 -0.794122 4.898810
0.418278 -0.044089 -0.745050 4.915449
0.418698 -0.039904 -0.695815 4.931433
0.419076 -0.035715 -0.646424 4.946754
0.419412 -0.031523 -0.596882 4.961407
0.419706 -0.027327 -0.547198 4.975386
0.419958 -0.023129 -0.497377 4.988686
0.420169 -0.018928 -0.447426 5.001301
0.420337 -0.014725 -0.397353 5.013226
0.420463 -0.010521 -0.347164 5.024458
0.420547 -0.006316 -0.296866 5.034990
0.420590 -0.002111 -0.246467 5.044819
0.420590 0.002095 -0.195972 5.053940
0.420548 0.006301 -0.145390 5.062350
0.420464 0.010506 -0.094728 5.070046
0.420337 0.014710 -0.043992 5.077023
0.420169 0.018913 0.006810 5.083279
0.419959 0.023113 0.057671 5.088810
0.419707 0.027312 0.108584 5.093615
0.419413 0.031507 0.159541 5.097691
0.419077 0.035700 0.210535 5.101036
0.418699 0.039889 0.261559 5.103649
0.418279 0.044074 0.312606 5.105526
0.417818 0.048254 0.363668 5.106668
0.417314 0.052430 0.414737 5.107074
0.416769 0.056600 0.465807 5.106742
0.416182 0.060765 0.516869 5.105672
0.415554 0.064924 0.567918 5.103864
0.414884 0.069076 0.618944 5.101318
0.414172 0.073221 0.669941 5.098034
0.413419 0.077359 0.720902 5.094014
0.412625 0.081490 0.771819 5.089256
0.411790 0.085612 0.822685 5.083764
0.410913 0.089725 0.873492 5.077538
0.409995 0.093830 0.924233 5.070580
0.409036 0.097925 0.974901 5.062892
0.408037 0.102010 1.025489 5.054475
0.406996 0.106086 1.075988 5.045333
0.405915 0.110150 1.126393 5.035469
0.404793 0.114204 1.176695 5.024884
0.403631 0.118246 1.226888 5.013583
0.402428 0.122276 1.276965 5.001568
0.401185 0.126294 1.326917 4.988845
0.399902 0.130300 1.376739 4.975415
0.398579 0.134292 1.426423 4.961285
0.397217 0.138271 1.475963 4.946458
0.395814 0.142237 1.525350 4.930939
0.394372 0.146188 1.574579 4.914733
0.392890 0.150124 1.623643 4.897845
0.391369 0.154045 1.672534 4.880281
0.389809 0.157951 1.721246 4.862047
0.388211 0.161841 1.769772 4.843148
0.386573 0.165715 1.818107 4.823590
0.384896 0.169573 1.866242 4.803381
0.383181 0.173413 1.914172 4.782526
0.381428 0.177236 1.961890 4.761032
0.379637 0.181041 2.009391 4.738907
0.377807 0.184829 2.056667 4.716158
0.375940 0.188597 2.103712 4.692792
0.374035 0.192347 2.150520 4.668817
0.372093 0.196078 2.197086 4.644241
0.370114 0.199789 2.243403 4.619071
0.368098 0.203480 2.289466 4.593317
0.366044 0.207151 2.335268 4.566987
0.363955 0.210801 2.380803 4.540088
0.361828 0.214430 2.426067 4.512631
0.359666 0.218037 2.471054 4.484624
0.357468 0.221623 2.515758 4.456077
0.355234 0.225187 2.560174 4.426998
0.352964 0.228728 2.604296 4.397397
0.350659 0.232246 2.648120 4.367284
0.348319 0.235741 2.691640 4.336669
0.345944 0.239212 2.734852 4.305561
0.343535 0.242660 2.777750 4.273971
0.341091 0.246083 2.820330 4.241909
0.338614 0.249481 2.862587 4.209386
0.336102 0.252855 2.904516 4.176411
0.333557 0.256203 2.946113 4.142996
0.330978 0.259526 2.987375 4.109151
0.328366 0.262823 3.028295 4.074887
0.325721 0.266093 3.068871 4.040214
0.323044 0.269337 3.109098 4.005145
0.320335 0.272554 3.148972 3.969691
0.317593 0.275743 3.188491 3.933861
0.314820 0.278906 3.227649 3.897669
0.312015 0.282040 3.266443 3.861124
0.309179 0.285146 3.304870 3.824240
0.306312 0.288223 3.342926 3.787026
0.303415 0.291272 3.380609 3.749496
0.300487 0.294291 3.417915 3.711660
0.297529 0.297282 3.454842 3.673530
0.294542 0.300242 3.491385 3.635118
0.291525 0.303172 3.527543 3.596436
0.288478 0.306072 3.563313 3.557496
0.285403 0.308942 3.598692 3.518310
0.282300 0.311780 3.633678 3.478889
0.279168 0.314588 3.668269 3.439245
0.276008 0.317364 3.702463 3.399391
0.272821 0.320108 3.736256 3.359338
0.269606 0.322820 3.769649 3.319099
0.266364 0.325500 3.802638 3.278685
0.263096 0.328147 3.835222 3.238108
0.259801 0.330762 3.867399 3.197381
0.256481 0.333343 3.899169 3.156515
0.253135 0.335891 3.930529 3.115523
0.249763 0.338406 3.961479 3.074415
0.246367 0.340886 3.992017 3.033204
0.242946 0.343333 4.022143 2.991903
0.239500 0.345745 4.051855 2.950522
0.236031 0.348123 4.081153 2.909074
0.232538 0.350466 4.110036 2.867570
0.229018 0.352776 4.090779 -2.536701
0.225479 0.355048 4.065206 -2.577946
0.221917 0.357285 4.039220 -2.619260
0.218333 0.359487 4.012820 -2.660632
0.214728 0.361652 3.986007 -2.702051
0.211100 0.363781 3.958779 -2.743507
0.207452 0.365874 3.931137 -2.784989
0.203783 0.367930 3.903079 -2.826487
0.200094 0.369949 3.874607 -2.867988
0.196384 0.371932 3.845720 -2.909482
0.192655 0.373877 3.816417 -2.950959
0.188907 0.375785 3.786700 -2.992406
0.185139 0.377655 3.756569 -3.033812
0.181354 0.379488 3.726024 -3.075167
0.177550 0.381282 3.695066 -3.116458
0.173728 0.383039 3.663696 -3.157674
0.169889 0.384757 3.631913 -3.198804
0.166033 0.386436 3.599720 -3.239836
0.162161 0.388077 3.567117 -3.280758
0.158272 0.389679 3.534105 -3.321559
0.154367 0.391243 3.500686 -3.362227
0.150447 0.392767 3.466861 -3.402749
0.146512 0.394252 3.432631 -3.443116
0.142562 0.395697 3.397999 -3.483314
0.138598 0.397103 3.362966 -3.523331
0.134620 0.398469 3.327533 -3.563157
0.130629 0.399795 3.291703 -3.602778
0.126624 0.401081 3.255478 -3.642184
0.122607 0.402328 3.218860 -3.681362
0.118578 0.403533 3.181852 -3.720301
0.114537 0.404699 3.144455 -3.758988
0.110484 0.405824 3.106673 -3.797412
0.106421 0.406909 3.068508 -3.835561
0.102346 0.407953 3.029963 -3.873424
0.098262 0.408956 2.991040 -3.910988
0.094167 0.409918 2.951744 -3.948241
0.090063 0.410839 2.912077 -3.985173
0.085951 0.411719 2.872042 -4.021771
0.081829 0.412558 2.831642 -4.058024
0.077700 0.413356 2.790882 -4.093920
0.073562 0.414112 2.749765 -4.129449
0.069417 0.414827 2.708295 -4.164598
0.065266 0.415500 2.666475 -4.199356
0.061108 0.416132 2.624309 -4.233711
0.056943 0.416722 2.581802 -4.267654
0.052773 0.417271 2.538957 -4.301173
0.048598 0.417778 2.495780 -4.334256
0.044418 0.418243 2.452274 -4.366893
0.040233 0.418666 2.408443 -4.399073
0.036045 0.419047 2.364294 -4.430786
0.031852 0.419387 2.319829 -4.462021
0.027657 0.419685 2.275055 -4.492767
0.023459 0.419940 2.229976 -4.523014
0.019258 0.420154 2.184596 -4.552753
0.015056 0.420325 2.138922 -4.581972
0.010852 0.420455 2.092959 -4.610663
0.006647 0.420542 2.046711 -4.638815
0.002441 0.420588 2.000184 -4.666420
-0.001765 0.420591 1.953384 -4.693466
-0.005970 0.420552 1.906317 -4.719946
-0.010175 0.420472 1.858987 -4.745850
-0.014380 0.420349 1.811402 -4.771170
-0.018582 0.420184 1.763566 -4.795895
-0.022783 0.419977 1.715486 -4.820019
-0.026982 0.419728 1.667168 -4.843533
-0.031178 0.419438 1.618617 -4.866428
-0.035370 0.419105 1.569841 -4.888696
-0.039560 0.418730 1.520845 -4.910330
-0.043745 0.418314 1.471637 -4.931322
-0.047926 0.417855 1.422221 -4.951665
-0.052102 0.417355 1.372605 -4.971351
-0.056273 0.416813 1.322796 -4.990374
-0.060438 0.416230 1.272800 -5.008727
-0.064597 0.415605 1.222624 -5.026404
-0.068750 0.414938 1.172274 -5.043397
-0.072896 0.414230 1.121758 -5.059702
-0.077034 0.413480 1.071083 -5.075312
-0.081165 0.412689 1.020254 -5.090223
-0.085288 0.411857 0.969281 -5.104427
-0.089402 0.410983 0.918168 -5.117921
-0.093507 0.410069 0.866925 -5.130700
-0.097603 0.409113 0.815557 -5.142758
-0.101690 0.408117 0.764072 -5.154093
-0.105766 0.407079 0.712477 -5.164699
-0.109831 0.406001 0.660780 -5.174573
-0.113886 0.404883 0.608988 -5.183711
-0.117929 0.403724 0.557109 -5.192110
-0.121960 0.402524 0.505149 -5.199767
-0.125979 0.401285 0.453116 -5.206679
-0.129985 0.400005 0.401017 -5.212845
-0.133979 0.398685 0.348861 -5.218260
-0.137959 0.397325 0.296655 -5.222924
-0.141925 0.395926 0.244405 -5.226835
-0.145877 0.394487 0.192121 -5.229992
-0.149815 0.393008 0.139808 -5.232392
-0.153737 0.391490 0.087475 -5.234037
-0.157645 0.389934 0.035130 -5.234924
-0.161536 0.388338 -0.017221 -5.235053
-0.165411 0.386703 -0.069569 -5.234425
-0.169270 0.385029 -0.121907 -5.233040
-0.173112 0.383318 -0.174227 -5.230898
-0.176936 0.381567 -0.226522 -5.228000
-0.180743 0.379779 -0.278785 -5.224347
-0.184532 0.377953 -0.331007 -5.219940
-0.188302 0.376088 -0.383181 -5.214782
-0.192053 0.374187 -0.435300 -5.208873
-0.195785 0.372247 -0.487356 -5.202216
-0.199498 0.370271 -0.539342 -5.194813
-0.203191 0.368257 -0.591250 -5.186667
-0.206863 0.366207 -0.643072 -5.177782
-0.210515 0.364120 -0.694803 -5.168159
-0.214145 0.361997 -0.746433 -5.157803
-0.217755 0.359837 -0.797956 -5.146718
-0.221342 0.357642 -0.849365 -5.134906
-0.224907 0.355411 -0.900652 -5.122373
-0.228450 0.353144 -0.951810 -5.109124
-0.231970 0.350842 -1.002832 -5.095162
-0.235467 0.348505 -1.053711 -5.080492
-0.238940 0.346132 -1.104440 -5.065121
-0.242389 0.343726 -1.155011 -5.049053
-0.245814 0.341285 -1.205418 -5.032294
-0.249215 0.338810 -1.255655 -5.014851
-0.252590 0.336301 -1.305713 -4.996729
-0.255941 0.333758 -1.355587 -4.977934
-0.259266 0.331182 -1.405270 -4.958474
-0.262564 0.328573 -1.454754 -4.938355
-0.265837 0.325931 -1.504035 -4.917584
-0.269083 0.323256 -1.553104 -4.896169
-0.272302 0.320549 -1.601956 -4.874116
-0.275494 0.317810 -1.650584 -4.851435
-0.278658 0.315039 -1.698982 -4.828132
-0.281794 0.312237 -1.747145 -4.804216
-0.284903 0.309403 -1.795065 -4.779696
-0.287982 0.306539 -1.842737 -4.754578
-0.291033 0.303644 -1.890154 -4.728873
-0.294055 0.300718 -1.937312 -4.702589
-0.297048 0.297763 -1.984204 -4.675736
-0.300010 0.294778 -2.030825 -4.648321
-0.302943 0.291763 -2.077169 -4.620355
-0.305845 0.288719 -2.123230 -4.591848
-0.308717 0.285646 -2.169004 -4.562808
-0.311558 0.282545 -2.214485 -4.533246
-0.314368 0.279415 -2.259667 -4.503171
-0.317146 0.276257 -2.304546 -4.472594
-0.319893 0.273072 -2.349118 -4.441526
-0.322608 0.269860 -2.393375 -4.409975
-0.325290 0.266620 -2.437315 -4.377954
-0.327940 0.263354 -2.480933 -4.345472
-0.330557 0.260061 -2.524223 -4.312540
-0.333141 0.256743 -2.567182 -4.279169
-0.335692 0.253399 -2.609805 -4.245370
-0.338209 0.250029 -2.652088 -4.211155
-0.340692 0.246635 -2.694027 -4.176533
-0.343142 0.243215 -2.735618 -4.141517
-0.345557 0.239772 -2.776856 -4.106117
-0.347937 0.236304 -2.817739 -4.070345
-0.350283 0.232813 -2.858262 -4.034213
-0.352593 0.229299 -2.898422 -3.997731
-0.354869 0.225762 -2.938215 -3.960913
-0.357108 0.222202 -2.977639 -3.923768
-0.359313 0.218619 -3.016690 -3.886309
-0.361481 0.215015 -3.055364 -3.848547
-0.363613 0.211390 -3.093660 -3.810495
-0.365709 0.207743 -3.131573 -3.772163
-0.367768 0.204076 -3.169102 -3.733565
-0.369790 0.200388 -3.206244 -3.694711
-0.371775 0.196680 -3.242995 -3.655613
-0.373723 0.192953 -3.279355 -3.616284
-0.375634 0.189206 -3.315320 -3.576735
-0.377508 0.185440 -3.350889 -3.536978
-0.379343 0.181656 -3.386059 -3.497025
-0.381141 0.177853 -3.420829 -3.456887
-0.382900 0.174033 -3.455196 -3.416577
-0.384621 0.170196 -3.489160 -3.376106
-0.386304 0.166341 -3.522718 -3.335487
-0.387948 0.162470 -3.555869 -3.294730
-0.389553 0.158582 -3.588612 -3.253848
-0.391120 0.154679 -3.620946 -3.212853
-0.392647 0.150760 -3.652869 -3.171755
-0.394135 0.146826 -3.684381 -3.130567
-0.395583 0.142877 -3.715480 -3.089301
-0.396992 0.138914 -3.746166 -3.047966
-0.398361 0.134938 -3.776439 -3.006576
-0.399691 0.130947 -3.806298 -2.965142
-0.400980 0.126944 -3.835742 -2.923674
-0.402230 0.122928 -3.864771 -2.882185
-0.403439 0.118899 -3.893386 -2.840684
-0.404608 0.114859 -3.921585 -2.799184
-0.405736 0.110807 -3.949369 -2.757696
-0.406824 0.106745 -3.976739 -2.716230
-0.407871 0.102671 -4.003694 -2.674796
-0.408877 0.098587 -4.030235 -2.633407
-0.409843 0.094494 -4.056362 -2.592073
-0.410767 0.090391 -4.082077 -2.550803
-0.411650 0.086278 -4.107379 -2.509609
-0.412493 0.082154 -4.093322 2.614936
-0.413294 0.078025 -4.066985 2.652577
-0.414054 0.073888 -4.040271 2.690203
-0.414772 0.069744 -4.013181 2.727806
-0.415449 0.065592 -3.985715 2.765376
-0.416084 0.061435 -3.957873 2.802902
-0.416677 0.057271 -3.929657 2.840377
-0.417229 0.053101 -3.901066 2.877789
-0.417739 0.048926 -3.872101 2.915130
-0.418208 0.044747 -3.842764 2.952389
-0.418634 0.040562 -3.813054 2.989557
-0.419019 0.036374 -3.782973 3.026624
-0.419362 0.032182 -3.752522 3.063581
-0.419663 0.027987 -3.721702 3.100417
-0.419922 0.023789 -3.690514 3.137122
-0.420138 0.019589 -3.658960 3.173688
-0.420313 0.015387 -3.627041 3.210103
-0.420446 0.011183 -3.594758 3.246359
-0.170000 0.300000 0.000000 5.329000
-0.172991 0.298285 0.053276 5.326108
-0.175966 0.296540 0.106519 5.322395
-0.178922 0.294766 0.159721 5.317865
-0.181861 0.292962 0.212874 5.312518
-0.184781 0.291129 0.265969 5.306357
-0.187683 0.289266 0.318998 5.299385
-0.190567 0.287375 0.371954 5.291604
-0.193431 0.285455 0.424828 5.283018
-0.196276 0.283506 0.477612 5.273630
-0.199101 0.281530 0.530298 5.263444
-0.201906 0.279525 0.582878 5.252465
-0.204691 0.277492 0.635344 5.240695
-0.207456 0.275431 0.687689 5.228141
-0.210200 0.273342 0.739905 5.214807
-0.212923 0.271227 0.791983 5.200699
-0.215624 0.269084 0.843916 5.185822
-0.218304 0.266914 0.895697 5.170181
-0.220962 0.264718 0.947317 5.153783
-0.223598 0.262495 0.998770 5.136635
-0.226212 0.260246 1.050047 5.118742
-0.228803 0.257971 1.101142 5.100113
-0.231371 0.255670 1.152047 5.080754
-0.233917 0.253344 1.202755 5.060672
-0.236438 0.250992 1.253258 5.039875
-0.238936 0.248615 1.303550 5.018372
-0.241410 0.246213 1.353623 4.996170
-0.243860 0.243787 1.403471 4.973278
-0.246286 0.241336 1.453087 4.949704
-0.248687 0.238861 1.502463 4.925457
-0.251063 0.236363 1.551594 4.900547
-0.253414 0.233840 1.600472 4.874983
-0.255740 0.231294 1.649091 4.848775
-0.258040 0.228725 1.697445 4.821931
-0.260314 0.226134 1.745528 4.794462
-0.262563 0.223519 1.793332 4.766379
-0.264785 0.220882 1.840853 4.737691
-0.266980 0.218224 1.888084 4.708409
-0.269149 0.215543 1.935019 4.678544
-0.271291 0.212841 1.981653 4.648107
-0.273406 0.210117 2.027980 4.617108
-0.275493 0.207373 2.073994 4.585560
-0.277553 0.204607 2.119689 4.553472
-0.279585 0.201822 2.165061 4.520858
-0.281590 0.199016 2.210105 4.487728
-0.283566 0.196190 2.254814 4.454094
-0.285513 0.193345 2.299185 4.419968
-0.287432 0.190480 2.343212 4.385363
-0.289323 0.187596 2.386890 4.350289
-0.291184 0.184693 2.430216 4.314761
-0.293017 0.181772 2.473184 4.278789
-0.294820 0.178833 2.515790 4.242387
-0.296593 0.175876 2.558031 4.205568
-0.298337 0.172901 2.599900 4.168342
-0.300051 0.169909 2.641396 4.130725
-0.301735 0.166901 2.682514 4.092727
-0.303389 0.163875 2.723249 4.054363
-0.305013 0.160833 2.763600 4.015644
-0.306606 0.157775 2.803561 3.976585
-0.308168 0.154701 2.843130 3.937198
-0.309700 0.151611 2.882304 3.897495
-0.311200 0.148507 2.921079 3.857491
-0.312670 0.145388 2.959453 3.817199
-0.314108 0.142254 2.997422 3.776630
-0.315515 0.139106 3.034985 3.735800
-0.316890 0.135943 3.072137 3.694720
-0.318234 0.132768 3.108878 3.653405
-0.319545 0.129579 3.145205 3.611866
-0.320825 0.126377 3.181115 3.570118
-0.322073 0.123162 3.216607 3.528173
-0.323288 0.119936 3.251678 3.486046
-0.324472 0.116697 3.286327 3.443748
-0.325622 0.113446 3.320552 3.401292
-0.326741 0.110184 3.354352 3.358693
-0.327826 0.106912 3.387726 3.315963
-0.328879 0.103628 3.420671 3.273114
-0.329899 0.100334 3.453188 3.230161
-0.330885 0.097030 3.485274 3.187115
-0.331839 0.093717 3.516930 3.143989
-0.332760 0.090394 3.548154 3.100797
-0.333647 0.087061 3.578945 3.057550
-0.334501 0.083721 3.609304 3.014262
-0.335321 0.080372 3.639230 2.970945
-0.336108 0.077014 3.668723 2.927611
-0.336862 0.073650 3.697783 2.884272
-0.337581 0.070277 3.726409 2.840942
-0.338267 0.066898 3.754602 2.797631
-0.338919 0.063512 3.782361 2.754353
-0.339537 0.060120 3.809689 2.711118
-0.340122 0.056721 3.836584 2.667939
-0.340672 0.053317 3.863048 2.624828
-0.341188 0.049908 3.889081 2.581795
-0.341670 0.046490 3.904659 -2.507826
-0.342118 0.043071 3.879385 -2.546958
-0.342532 0.039648 3.853720 -2.586135
-0.342911 0.036221 3.827663 -2.625346
-0.343256 0.032790 3.801213 -2.664581
-0.343567 0.029356 3.774371 -2.703829
-0.343843 0.025919 3.747136 -2.743082
-0.344085 0.022479 3.719509 -2.782328
-0.344293 0.019037 3.691490 -2.821557
-0.344466 0.015593 3.663078 -2.860759
-0.344605 0.012148 3.634275 -2.899923
-0.344709 0.008701 3.605080 -2.939039
-0.344779 0.005254 3.575494 -2.978096
-0.344814 0.001806 3.545518 -3.017084
-0.344815 -0.001642 3.515153 -3.055992
-0.344781 -0.005090 3.484399 -3.094809
-0.344713 -0.008538 3.453257 -3.133524
-0.344610 -0.011984 3.421729 -3.172127
-0.344473 -0.015430 3.389815 -3.210608
-0.344302 -0.018874 3.357517 -3.248954
-0.344096 -0.022316 3.324836 -3.287155
-0.343856 -0.025756 3.291774 -3.325200
-0.343581 -0.029193 3.258333 -3.363079
-0.343272 -0.032627 3.224513 -3.400779
-0.342928 -0.036058 3.190318 -3.438291
-0.342551 -0.039486 3.155748 -3.475604
-0.342139 -0.042909 3.120806 -3.512706
-0.341692 -0.046328 3.085495 -3.549586
-0.341212 -0.049743 3.049816 -3.586234
-0.340698 -0.053152 3.013771 -3.622638
-0.340149 -0.056557 2.977364 -3.658788
-0.339566 -0.059955 2.940596 -3.694672
-0.338950 -0.063348 2.903471 -3.730280
-0.338300 -0.066734 2.865991 -3.765601
-0.337615 -0.070114 2.828160 -3.800625
-0.336897 -0.073486 2.789980 -3.835339
-0.336146 -0.076851 2.751454 -3.869735
-0.335360 -0.080209 2.712586 -3.903800
-0.334541 -0.083559 2.673379 -3.937524
-0.333689 -0.086900 2.633837 -3.970898
-0.332803 -0.090232 2.593963 -4.003910
-0.331885 -0.093556 2.553760 -4.036549
-0.330932 -0.096870 2.513233 -4.068806
-0.329947 -0.100174 2.472385 -4.100671
-0.328929 -0.103469 2.431221 -4.132132
-0.327878 -0.106753 2.389744 -4.163180
-0.326794 -0.110026 2.347959 -4.193806
-0.325677 -0.113289 2.305869 -4.223998
-0.324528 -0.116540 2.263480 -4.253748
-0.323347 -0.119779 2.220796 -4.283045
-0.322133 -0.123006 2.177821 -4.311881
-0.320886 -0.126222 2.134560 -4.340245
-0.319608 -0.129424 2.091018 -4.368128
-0.318298 -0.132614 2.047199 -4.395521
-0.316956 -0.135790 2.003109 -4.422416
-0.315582 -0.138953 1.958752 -4.448802
-0.314177 -0.142101 1.914135 -4.474672
-0.312740 -0.145236 1.869261 -4.500016
-0.311272 -0.148356 1.824136 -4.524827
-0.309773 -0.151461 1.778766 -4.549095
-0.308243 -0.154551 1.733156 -4.572813
-0.306682 -0.157626 1.687312 -4.595972
-0.305091 -0.160685 1.641238 -4.618566
-0.303469 -0.163728 1.594942 -4.640585
-0.301816 -0.166754 1.548429 -4.662024
-0.300134 -0.169764 1.501704 -4.682873
-0.298421 -0.172757 1.454773 -4.703127
-0.296679 -0.175732 1.407643 -4.722778
-0.294906 -0.178690 1.360320 -4.741819
-0.293105 -0.181630 1.312809 -4.760245
-0.291274 -0.184552 1.265117 -4.778048
-0.289414 -0.187456 1.217250 -4.795222
-0.287525 -0.190340 1.169214 -4.811762
-0.285607 -0.193206 1.121017 -4.827662
-0.283661 -0.196053 1.072663 -4.842917
-0.281686 -0.198879 1.024161 -4.857520
-0.279683 -0.201686 0.975515 -4.871467
-0.277652 -0.204473 0.926733 -4.884753
-0.275594 -0.207239 0.877822 -4.897373
-0.273508 -0.209985 0.828788 -4.909324
-0.271394 -0.212709 0.779638 -4.920600
-0.269254 -0.215412 0.730378 -4.931198
-0.267086 -0.218094 0.681016 -4.941115
-0.264892 -0.220754 0.631558 -4.950346
-0.262671 -0.223392 0.582012 -4.958888
-0.260424 -0.226007 0.532383 -4.966739
-0.258151 -0.228600 0.482679 -4.973895
-0.255852 -0.231170 0.432907 -4.980354
-0.253528 -0.233717 0.383075 -4.986115
-0.251178 -0.236241 0.333187 -4.991174
-0.248803 -0.238741 0.283253 -4.995530
-0.246403 -0.241217 0.233279 -4.999181
-0.243979 -0.243669 0.183272 -5.002127
-0.241530 -0.246096 0.133239 -5.004366
-0.239057 -0.248499 0.083187 -5.005897
-0.236560 -0.250877 0.033123 -5.006720
-0.234039 -0.253230 -0.016945 -5.006834
-0.231495 -0.255558 -0.067011 -5.006240
-0.228928 -0.257860 -0.117067 -5.004938
-0.226338 -0.260137 -0.167107 -5.002928
-0.223726 -0.262387 -0.217124 -5.000210
-0.221091 -0.264611 -0.267109 -4.996787
-0.218433 -0.266809 -0.317057 -4.992658
-0.215754 -0.268980 -0.366960 -4.987826
-0.213054 -0.271124 -0.416811 -4.982292
-0.210332 -0.273241 -0.466603 -4.976058
-0.207589 -0.275330 -0.516330 -4.969127
-0.204826 -0.277392 -0.565984 -4.961500
-0.202041 -0.279427 -0.615558 -4.953181
-0.199237 -0.281433 -0.665045 -4.944173
-0.196413 -0.283411 -0.714439 -4.934477
-0.193569 -0.285361 -0.763732 -4.924099
-0.190706 -0.287283 -0.812919 -4.913042
-0.187823 -0.289175 -0.861991 -4.901309
-0.184922 -0.291039 -0.910942 -4.888904
-0.182003 -0.292874 -0.959767 -4.875833
-0.179065 -0.294679 -1.008457 -4.862099
-0.176109 -0.296455 -1.057006 -4.847707
-0.173136 -0.298201 -1.105409 -4.832662
-0.170145 -0.299918 -1.153658 -4.816971
-0.167138 -0.301604 -1.201746 -4.800637
-0.164113 -0.303260 -1.249668 -4.783667
-0.161073 -0.304886 -1.297417 -4.766066
-0.158016 -0.306482 -1.344987 -4.747841
-0.154943 -0.308046 -1.392372 -4.728998
-0.151855 -0.309580 -1.439565 -4.709543
-0.148752 -0.311084 -1.486561 -4.689483
-0.145633 -0.312555 -1.533353 -4.668825
-0.142501 -0.313996 -1.579935 -4.647577
-0.139354 -0.315405 -1.626303 -4.625744
-0.136193 -0.316783 -1.672448 -4.603335
-0.133018 -0.318129 -1.718367 -4.580358
-0.129830 -0.319443 -1.764054 -4.556820
-0.126629 -0.320726 -1.809502 -4.532728
-0.123416 -0.321976 -1.854706 -4.508092
-0.120190 -0.323194 -1.899662 -4.482919
-0.116952 -0.324380 -1.944363 -4.457218
-0.113702 -0.325533 -1.988805 -4.430998
-0.110441 -0.326654 -2.032981 -4.404267
-0.107169 -0.327742 -2.076888 -4.377034
-0.103887 -0.328797 -2.120520 -4.349308
-0.100594 -0.329820 -2.163873 -4.321098
-0.097290 -0.330809 -2.206941 -4.292414
-0.093977 -0.331765 -2.249720 -4.263265
-0.090655 -0.332689 -2.292205 -4.233660
-0.087324 -0.333578 -2.334391 -4.203610
-0.083984 -0.334435 -2.376275 -4.173123
-0.080635 -0.335258 -2.417852 -4.142210
-0.077279 -0.336048 -2.459118 -4.110881
-0.073914 -0.336804 -2.500069 -4.079146
-0.070543 -0.337526 -2.540700 -4.047015
-0.067164 -0.338214 -2.581008 -4.014498
-0.063779 -0.338869 -2.620988 -3.981605
-0.060387 -0.339490 -2.660638 -3.948347
-0.056989 -0.340077 -2.699954 -3.914735
-0.053585 -0.340630 -2.738932 -3.880779
-0.050176 -0.341149 -2.777569 -3.846489
-0.046762 -0.341633 -2.815861 -3.811876
-0.043344 -0.342084 -2.853805 -3.776952
-0.039921 -0.342500 -2.891399 -3.741726
-0.036494 -0.342882 -2.928639 -3.706209
-0.033063 -0.343230 -2.965522 -3.670413
-0.029629 -0.343543 -3.002046 -3.634347
-0.026193 -0.343823 -3.038208 -3.598024
-0.022753 -0.344067 -3.074006 -3.561454
-0.019311 -0.344278 -3.109436 -3.524648
-0.015868 -0.344454 -3.144498 -3.487616
-0.012422 -0.344595 -3.179188 -3.450371
-0.008976 -0.344702 -3.213505 -3.412922
-0.005528 -0.344774 -3.247446 -3.375281
-0.002081 -0.344813 -3.281010 -3.337459
0.001368 -0.344816 -3.314194 -3.299466
0.004816 -0.344785 -3.346998 -3.261314
0.008263 -0.344720 -3.379420 -3.223014
0.011710 -0.344620 -3.411458 -3.184576
0.015156 -0.344486 -3.443111 -3.146011
0.018600 -0.344317 -3.474378 -3.107331
0.022042 -0.344114 -3.505258 -3.068545
0.025482 -0.343876 -3.535749 -3.029665
0.028919 -0.343604 -3.565851 -2.990702
0.032354 -0.343298 -3.595563 -2.951666
0.035785 -0.342957 -3.624884 -2.912568
0.039213 -0.342582 -3.653814 -2.873418
0.042637 -0.342173 -3.682352 -2.834228
0.046056 -0.341729 -3.710498 -2.795006
0.049471 -0.341252 -3.738252 -2.755765
0.052881 -0.340740 -3.765613 -2.716513
0.056286 -0.340194 -3.792582 -2.677262
0.059685 -0.339614 -3.819159 -2.638022
0.063078 -0.339000 -3.845343 -2.598802
0.066465 -0.338353 -3.871135 -2.559613
0.069845 -0.337671 -3.896535 -2.520465
0.073221 -0.336955 -3.899288 2.191830
0.076587 -0.336206 -3.877184 2.229096
0.079945 -0.335423 -3.854706 2.266495
0.083296 -0.334607 -3.831854 2.304021
0.086637 -0.333757 -3.808625 2.341664
0.089971 -0.332874 -3.785020 2.379416
0.093295 -0.331958 -3.761037 2.417269
0.096610 -0.331008 -3.736674 2.455213
0.099915 -0.330026 -3.711932 2.493242
0.103210 -0.329010 -3.686809 2.531344
0.106495 -0.327962 -3.661305 2.569513
0.109769 -0.326880 -3.635419 2.607738
0.113032 -0.325766 -3.609150 2.646010
0.116284 -0.324620 -3.582498 2.684321
0.119525 -0.323441 -3.555463 2.722661
0.122753 -0.322229 -3.528045 2.761021
0.125969 -0.320986 -3.500243 2.799391
0.129173 -0.319710 -3.472057 2.837762
0.132363 -0.318402 -3.443488 2.876124
0.135541 -0.317063 -3.414535 2.914467
0.138704 -0.315691 -3.385199 2.952782
0.141854 -0.314289 -3.355479 2.991059
0.144990 -0.312854 -3.325377 3.029287
0.148111 -0.311389 -3.294894 3.067458
0.151218 -0.309892 -3.264029 3.105560
0.154309 -0.308365 -3.232783 3.143584
0.157385 -0.306806 -3.201157 3.181519
0.160445 -0.305217 -3.169153 3.219356
0.163489 -0.303597 -3.136770 3.257083
0.166517 -0.301947 -3.104011 3.294692
0.169528 -0.300267 -3.070877 3.332170
0.172522 -0.298557 -3.037369 3.369509
0.175499 -0.296817 -3.003487 3.406697
0.178458 -0.295047 -2.969235 3.443725
0.181400 -0.293247 -2.934613 3.480581
0.184323 -0.291419 -2.899624 3.517255
0.187228 -0.289561 -2.864269 3.553736
0.190114 -0.287674 -2.828550 3.590015
0.192982 -0.285759 -2.792469 3.626080
0.195829 -0.283815 -2.756029 3.661921
0.198658 -0.281842 -2.719232 3.697528
0.201466 -0.279842 -2.682079 3.732889
0.204254 -0.277813 -2.644575 3.767995
0.207022 -0.275757 -2.606720 3.802835
0.209770 -0.273673 -2.568519 3.837398
0.212496 -0.271561 -2.529973 3.871674
0.215201 -0.269423 -2.491087 3.905652
0.217884 -0.267257 -2.451861 3.939322
0.220546 -0.265065 -2.412301 3.972674
0.223185 -0.262847 -2.372409 4.005697
0.225803 -0.260602 -2.332188 4.038382
0.228397 -0.258331 -2.291643 4.070716
0.230969 -0.256034 -2.250775 4.102692
0.233518 -0.253711 -2.209590 4.134298
0.236043 -0.251363 -2.168091 4.165524
0.238545 -0.248991 -2.126281 4.196360
0.241023 -0.246593 -2.084165 4.226797
0.243477 -0.244170 -2.041746 4.256825
0.245906 -0.241723 -1.999030 4.286433
0.248311 -0.239252 -1.956019 4.315613
0.250691 -0.236757 -1.912719 4.344354
0.253046 -0.234238 -1.869133 4.372647
0.255376 -0.231696 -1.825267 4.400483
0.257680 -0.229131 -1.781125 4.427853
0.259958 -0.226543 -1.736712 4.454747
0.262211 -0.223932 -1.692032 4.481156
0.264437 -0.221299 -1.647090 4.507072
0.266637 -0.218643 -1.601892 4.532485
0.268810 -0.215966 -1.556442 4.557387
0.270956 -0.213267 -1.510746 4.581770
0.273075 -0.210547 -1.464809 4.605625
0.275167 -0.207806 -1.418635 4.628944
0.277231 -0.205044 -1.372232 4.651718
0.279268 -0.202261 -1.325603 4.673941
0.281276 -0.199458 -1.278755 4.695603
0.283257 -0.196636 -1.231693 4.716698
0.285209 -0.193793 -1.184423 4.737219
0.287133 -0.190932 -1.136950 4.757157
0.289028 -0.188051 -1.089282 4.776505
0.290894 -0.185151 -1.041422 4.795257
0.292730 -0.182233 -0.993378 4.813407
0.294538 -0.179297 -0.945156 4.830947
0.296316 -0.176342 -0.896762 4.847871
0.298065 -0.173370 -0.848201 4.864173
0.299784 -0.170381 -0.799480 4.879847
0.301472 -0.167375 -0.750606 4.894887
0.303131 -0.164352 -0.701585 4.909288
0.304759 -0.161312 -0.652422 4.923044
0.306357 -0.158257 -0.603126 4.936150
0.307925 -0.155185 -0.553702 4.948601
0.309461 -0.152098 -0.504156 4.960393
0.310966 -0.148996 -0.454496 4.971521
0.312441 -0.145879 -0.404728 4.981981
0.313884 -0.142747 -0.354858 4.991768
0.315296 -0.139602 -0.304895 5.000879
0.316676 -0.136442 -0.254843 5.009310
0.318025 -0.133268 -0.204711 5.017058
0.319341 -0.130081 -0.154504 5.024119
0.320626 -0.126881 -0.104231 5.030492
0.321879 -0.123669 -0.053897 5.036172
0.323099 -0.120444 -0.003510 5.041158
0.324288 -0.117207 0.046924 5.045447
0.325444 -0.113958 0.097397 5.049038
0.326567 -0.110698 0.147902 5.051928
0.327657 -0.107427 0.198433 5.054117
0.328715 -0.104145 0.248982 5.055602
0.329740 -0.100853 0.299543 5.056384
0.330732 -0.097550 0.350108 5.056461
0.331691 -0.094238 0.400670 5.055833
0.332617 -0.090917 0.451222 5.054499
0.333510 -0.087586 0.501757 5.052460
0.334369 -0.084247 0.552269 5.049716
0.335195 -0.080899 0.602749 5.046267
0.335987 -0.077543 0.653192 5.042113
0.336745 -0.074179 0.703589 5.037257
0.337470 -0.070808 0.753935 5.031699
0.338162 -0.067430 0.804221 5.025441
0.338819 -0.064045 0.854441 5.018484
0.339442 -0.060654 0.904588 5.010831
0.340032 -0.057256 0.954656 5.002483
0.340587 -0.053853 1.004636 4.993443
0.341109 -0.050445 1.054522 4.983714
0.341596 -0.047031 1.104308 4.973299
0.342050 -0.043613 1.153986 4.962200
0.342469 -0.040190 1.203549 4.950422
0.342853 -0.036764 1.252992 4.937968
0.343204 -0.033333 1.302307 4.924841
0.343520 -0.029900 1.351487 4.911046
0.343802 -0.026463 1.400525 4.896588
0.344049 -0.023024 1.449416 4.881470
0.344262 -0.019582 1.498153 4.865697
0.344441 -0.016139 1.546728 4.849276
0.344585 -0.012693 1.595136 4.832210
0.344695 -0.009247 1.643370 4.814505
0.344770 -0.005800 1.691424 4.796168
0.344811 -0.002352 1.739291 4.777203
0.344817 0.001097 1.786966 4.757617
0.344789 0.004545 1.834442 4.737416
0.344726 0.007992 1.881712 4.716606
0.344629 0.011439 1.928772 4.695195
0.344497 0.014885 1.975614 4.673189
0.344331 0.018329 2.022233 4.650596
0.344131 0.021771 2.068624 4.627422
0.343896 0.025211 2.114780 4.603675
0.343627 0.028649 2.160696 4.579362
0.343323 0.032084 2.206365 4.554492
0.342985 0.035515 2.251784 4.529073
0.342613 0.038943 2.296945 4.503111
0.342206 0.042367 2.341844 4.476617
0.341765 0.045787 2.386476 4.449598
0.341290 0.049203 2.430834 4.422063
0.340781 0.052613 2.474915 4.394020
0.340238 0.056018 2.518713 4.365479
0.339661 0.059418 2.562223 4.336449
0.339050 0.062811 2.605440 4.306939
0.338405 0.066199 2.648360 4.276957
0.337726 0.069579 2.690978 4.246515
0.337013 0.072953 2.733289 4.215620
0.336267 0.076319 2.775289 4.184284
0.335487 0.079678 2.816973 4.152515
0.334673 0.083029 2.858338 4.120325
0.333826 0.086372 2.899379 4.087721
0.332946 0.089705 2.940091 4.054716
0.332032 0.093030 2.980472 4.021319
0.331085 0.096346 3.020516 3.987541
0.330105 0.099652 3.060221 3.953391
0.329092 0.102948 3.099583 3.918881
0.328046 0.106234 3.138598 3.884020
0.326968 0.109509 3.177262 3.848821
0.325856 0.112773 3.215573 3.813292
0.324712 0.116026 3.253527 3.777446
0.323536 0.119267 3.291121 3.741293
0.322327 0.122496 3.328352 3.704843
0.321086 0.125713 3.365217 3.668109
0.319813 0.128918 3.401713 3.631100
0.318508 0.132110 3.437838 3.593828
0.317171 0.135288 3.473589 3.556304
0.315802 0.138453 3.508963 3.518539
0.314402 0.141604 3.543959 3.480544
0.312970 0.144741 3.578573 3.442330
0.311507 0.147863 3.612805 3.403909
0.310013 0.150971 3.646651 3.365291
0.308487 0.154063 3.680110 3.326487
0.306931 0.157141 3.713180 3.287510
0.305345 0.160202 3.745859 3.248370
0.303727 0.163247 3.778147 3.209078
0.302080 0.166276 3.810041 3.169645
0.300402 0.169289 3.841539 3.130083
0.298694 0.172284 3.872642 3.090402
0.296956 0.175263 3.903347 3.050614
0.295189 0.178223 3.933654 3.010730
0.293392 0.181166 3.963561 2.970761
0.291566 0.184091 3.993069 2.930717
0.289710 0.186998 4.022175 2.890610
0.287826 0.189885 4.050881 2.850451
0.285912 0.192754 4.079184 2.810251
0.283971 0.195603 4.107086 2.770020
0.282000 0.198433 4.134585 2.729769
0.280000 0.201246 4.142681 -2.515226
0.277974 0.204036 4.117321 -2.556823
0.275919 0.206805 4.091545 -2.598500
0.273838 0.209554 4.065351 -2.640247
0.271728 0.212282 4.038740 -2.682053
0.269592 0.214989 4.011710 -2.723907
0.267429 0.217674 3.984261 -2.765799
0.265239 0.220337 3.956394 -2.807718
0.263022 0.222979 3.928107 -2.849652
0.260779 0.225598 3.899401 -2.891590
0.258510 0.228194 3.870275 -2.933522
0.256215 0.230768 3.840730 -2.975435
0.253895 0.233318 3.810767 -3.017319
0.251549 0.235846 3.780384 -3.059162
0.249178 0.238349 3.749584 -3.100952
0.246782 0.240829 3.718365 -3.142678
0.244362 0.243285 3.686730 -3.184328
0.241916 0.245716 3.654679 -3.225891
0.239447 0.248123 3.622213 -3.267354
