1.000000 12.000000
1.049575 11.907763
1.098302 11.811102
1.146182 11.710094
1.193219 11.604814
1.239415 11.495340
1.284775 11.381745
1.329304 11.264105
1.373006 11.142495
1.415887 11.016989
1.457953 10.887660
1.499210 10.754581
1.539666 10.617826
1.579327 10.477465
1.618200 10.333571
1.656294 10.186213
1.693615 10.035461
1.730172 9.881385
1.765974 9.724053
1.801028 9.563532
1.835343 9.399890
1.868927 9.233192
1.901790 9.063505
1.933940 8.890892
1.965385 8.715417
1.996135 8.537143
2.026197 8.356133
2.055582 8.172448
2.084297 7.986148
2.112352 7.797294
2.139754 7.605945
2.166513 7.412158
2.192636 7.215991
2.218133 7.017502
2.243011 6.816746
2.267279 6.613778
2.290944 6.408654
2.314014 6.201426
2.336498 5.992149
2.358402 5.780874
2.379735 5.567654
2.400503 5.352539
2.420713 5.135580
2.440373 4.916827
2.459489 4.696329
2.478067 4.474135
2.496114 4.250293
2.513637 4.024850
2.530640 3.797854
2.547130 3.569351
2.563113 3.339386
2.578593 3.108005
5.000000 -10.002679
5.000000 -10.007679
5.000000 -10.012679
5.000000 -10.017679
5.000000 -10.022679
5.000000 -10.027679
5.000000 -10.032679
5.000000 -10.037679
5.000000 -10.042679
5.000000 -10.047679
5.000000 -10.052679
5.000000 -10.057679
5.000000 -10.062679
5.000000 -10.067679
5.000000 -10.072679
5.000000 -10.077679
5.000000 -10.082679
5.000000 -10.087679
5.000000 -10.092679
5.000000 -10.097679
5.000000 -10.102679
5.000000 -10.107679
5.000000 -10.112679
5.000000 -10.117679
5.000000 -10.122679
5.000000 -10.127679
5.000000 -10.132679
5.000000 -10.137679
5.000000 -10.142679
5.000000 -10.147679
5.000000 -10.152679
5.000000 -10.157679
5.000000 -10.162679
5.000000 -10.167679
5.000000 -10.172679
5.000000 -10.177679
5.000000 -10.182679
5.000000 -10.187679
5.000000 -10.192679
5.000000 -10.197679
5.000000 -10.202679
5.000000 -10.207679
5.000000 -10.212679
5.000000 -10.217679
5.000000 -10.222679
5.000000 -10.227679
5.000000 -10.232679
5.000000 -10.237679
5.000000 -10.242679
5.000000 -10.247679
5.000000 -10.252679
-7.000000 -2.519909
-7.000000 -2.449909
-7.000000 -2.379909
-7.000000 -2.309909
-7.000000 -2.239909
-7.000000 -2.169909
-7.000000 -2.099909
-7.000000 -2.029909
-7.000000 -1.959909
-7.000000 -1.889909
-7.000000 -1.819909
-7.000000 -1.749909
-7.000000 -1.679909
-7.000000 -1.609909
-7.000000 -1.539909
-7.000000 -1.469909
-7.000000 -1.399909
-7.000000 -1.329909
-7.000000 -1.259909
-7.000000 -1.189909
-7.000000 -1.119909
-7.000000 -1.049909
-7.000000 -0.979909
-7.000000 -0.909909
-7.000000 -0.839909
-7.000000 -0.769909
-7.000000 -0.699909
-7.000000 -0.629909
-7.000000 -0.559909
-7.000000 -0.489909
-7.000000 -0.419909
-7.000000 -0.349909
-7.000000 -0.279909
-7.000000 -0.209909
-7.000000 -0.139909
-7.000000 -0.069909
-7.000000 0.000161
-7.000000 0.070161
-7.000000 0.140161
-7.000000 0.210161
-7.000000 0.280161
-7.000000 0.350161
-7.000000 0.420161
-7.000000 0.490161
-7.000000 0.560161
-7.000000 0.630161
-7.000000 0.700161
-7.000000 0.770161
-7.000000 0.840161
-7.000000 0.910161
-7.000000 0.980161
-7.000000 1.050161
-7.000000 1.120161
-7.000000 1.190161
-7.000000 1.260161
-7.000000 1.330161
-7.000000 1.400161
-7.000000 1.470161
-7.000000 1.540161
-7.000000 1.610161
-7.000000 1.680161
-7.000000 1.750161
-7.000000 1.820161
-7.000000 1.890161
-7.000000 1.960161
-7.000000 2.030161
-7.000000 2.100161
-7.000000 2.170161
-7.000000 2.240161
-7.000000 2.310161
-7.000000 2.380161
-7.000000 2.450161
-7.000000 2.520161
3.284400 25.826553
3.329461 25.528917
3.373023 25.227295
3.415147 24.921816
3.455891 24.612610
3.495312 24.299796
3.533463 23.983492
3.570398 23.663809
3.606167 23.340855
3.640817 23.014732
3.674396 22.685540
3.706948 22.353372
3.738517 22.018319
3.769145 21.680467
3.798870 21.339900
3.827732 20.996696
3.855768 20.650933
3.883013 20.302682
3.909502 19.952013
3.935269 19.598993
3.960344 19.243685
3.984759 18.886151
4.008543 18.526448
4.031725 18.164631
4.054332 17.800755
4.076392 17.434868
4.097929 17.067020
4.118969 16.697256
4.139535 16.325619
4.159651 15.952153
4.179338 15.576895
4.198620 15.199884
4.217516 14.821155
4.236047 14.440742
4.254233 14.058677
4.272093 13.674990
4.289646 13.289710
4.306909 12.902862
4.323901 12.514474
4.340638 12.124568
4.357138 11.733166
4.373416 11.340290
4.389489 10.945958
4.405373 10.550187
4.421082 10.152996
4.436632 9.754398
4.452038 9.354406
4.467314 8.953035
4.482475 8.550293
4.497535 8.146192
4.512508 7.740740
4.527408 7.333943
4.542248 6.925808
4.557044 6.516340
4.571807 6.105541
4.586553 5.693415
4.601294 5.279962
4.616044 4.865182
4.630817 4.449073
4.645627 4.031633
4.660488 3.612859
4.675414 3.192744
5.000000 -10.002716
5.000000 -10.007716
5.000000 -10.012716
5.000000 -10.017716
5.000000 -10.022716
5.000000 -10.027716
5.000000 -10.032716
5.000000 -10.037716
5.000000 -10.042716
5.000000 -10.047716
5.000000 -10.052716
5.000000 -10.057716
5.000000 -10.062716
5.000000 -10.067716
5.000000 -10.072716
5.000000 -10.077716
5.000000 -10.082716
5.000000 -10.087716
5.000000 -10.092716
5.000000 -10.097716
5.000000 -10.102716
5.000000 -10.107716
5.000000 -10.112716
5.000000 -10.117716
5.000000 -10.122716
5.000000 -10.127716
5.000000 -10.132716
5.000000 -10.137716
5.000000 -10.142716
5.000000 -10.147716
5.000000 -10.152716
5.000000 -10.157716
5.000000 -10.162716
5.000000 -10.167716
5.000000 -10.172716
5.000000 -10.177716
5.000000 -10.182716
5.000000 -10.187716
5.000000 -10.192716
5.000000 -10.197716
5.000000 -10.202716
5.000000 -10.207716
5.000000 -10.212716
5.000000 -10.217716
5.000000 -10.222716
5.000000 -10.227716
5.000000 -10.232716
5.000000 -10.237716
5.000000 -10.242716
5.000000 -10.247716
5.000000 -10.252716
5.000000 -10.257716
5.000000 -10.262716
5.000000 -10.267716
5.000000 -10.272716
5.000000 -10.277716
5.000000 -10.282716
5.000000 -10.287716
5.000000 -10.292716
5.000000 -10.297716
5.000000 -10.302716
5.000000 -10.307716
5.000000 -10.312716
5.000000 -10.317716
5.000000 -10.322716
5.000000 -10.327716
5.000000 -10.332716
5.000000 -10.337716
5.000000 -10.342716
5.000000 -10.347716
5.000000 -10.352716
5.000000 -10.357716
5.000000 -10.362716
5.000000 -10.367716
5.000000 -10.372716
5.000000 -10.377716
5.000000 -10.382716
5.000000 -10.387716
5.000000 -10.392716
5.000000 -10.397716
5.000000 -10.402716
5.000000 -10.407716
5.000000 -10.412716
5.000000 -10.417716
5.000000 -10.422716
5.000000 -10.427716
5.000000 -10.432716
5.000000 -10.437716
5.000000 -10.442716
5.000000 -10.447716
5.000000 -10.452716
5.000000 -10.457716
-7.000000 -4.508174
-7.000000 -4.438174
-7.000000 -4.368174
-7.000000 -4.298174
-7.000000 -4.228174
-7.000000 -4.158174
-7.000000 -4.088174
-7.000000 -4.018174
-7.000000 -3.948174
-7.000000 -3.878174
-7.000000 -3.808174
-7.000000 -3.738174
-7.000000 -3.668174
-7.000000 -3.598174
-7.000000 -3.528174
-7.000000 -3.458174
-7.000000 -3.388174
-7.000000 -3.318174
-7.000000 -3.248174
-7.000000 -3.178174
-7.000000 -3.108174
-7.000000 -3.038174
-7.000000 -2.968174
-7.000000 -2.898174
-7.000000 -2.828174
-7.000000 -2.758174
-7.000000 -2.688174
-7.000000 -2.618174
-7.000000 -2.548174
-7.000000 -2.478174
-7.000000 -2.408174
-7.000000 -2.338174
-7.000000 -2.268174
-7.000000 -2.198174
-7.000000 -2.128174
-7.000000 -2.058174
-7.000000 -1.988174
-7.000000 -1.918174
-7.000000 -1.848174
-7.000000 -1.778174
-7.000000 -1.708174
-7.000000 -1.638174
-7.000000 -1.568174
-7.000000 -1.498174
-7.000000 -1.428174
-7.000000 -1.358174
-7.000000 -1.288174
-7.000000 -1.218174
-7.000000 -1.148174
-7.000000 -1.078174
-7.000000 -1.008174
-7.000000 -0.938174
-7.000000 -0.868174
-7.000000 -0.798174
-7.000000 -0.728174
-7.000000 -0.658174
-7.000000 -0.588174
-7.000000 -0.518174
-7.000000 -0.448174
-7.000000 -0.378174
-7.000000 -0.308174
-7.000000 -0.238174
-7.000000 -0.168174
-7.000000 -0.098174
-7.000000 -0.028174
-7.000000 0.041896
-7.000000 0.111896
-7.000000 0.181896
-7.000000 0.251896
-7.000000 0.321896
-7.000000 0.391896
-7.000000 0.461896
-7.000000 0.531896
-7.000000 0.601896
-7.000000 0.671896
-7.000000 0.741896
-7.000000 0.811896
-7.000000 0.881896
-7.000000 0.951896
-7.000000 1.021896
-7.000000 1.091896
-7.000000 1.161896
-7.000000 1.231896
-7.000000 1.301896
-7.000000 1.371896
-7.000000 1.441896
-7.000000 1.511896
-7.000000 1.581896
-7.000000 1.651896
-7.000000 1.721896
-7.000000 1.791896
-7.000000 1.861896
-7.000000 1.931896
-7.000000 2.001896
-7.000000 2.071896
-7.000000 2.141896
-7.000000 2.211896
-7.000000 2.281896
-7.000000 2.351896
-7.000000 2.421896
-7.000000 2.491896
-7.000000 2.561896
-7.000000 2.631896
-7.000000 2.701896
-7.000000 2.771896
-7.000000 2.841896
-7.000000 2.911896
-7.000000 2.981896
-7.000000 3.051896
-7.000000 3.121896
-7.000000 3.191896
-7.000000 3.261896
-7.000000 3.331896
-7.000000 3.401896
-7.000000 3.471896
-7.000000 3.541896
-7.000000 3.611896
-7.000000 3.681896
-7.000000 3.751896
-7.000000 3.821896
-7.000000 3.891896
-7.000000 3.961896
-7.000000 4.031896
-7.000000 4.101896
-7.000000 4.171896
-7.000000 4.241896
-7.000000 4.311896
-7.000000 4.381896
-7.000000 4.451896
-7.000000 4.521896
10.426514 44.010768
10.180115 43.083598
9.950110 42.177856
9.735211 41.292125
9.534258 40.425100
9.346193 39.575572
9.170059 38.742427
9.004984 37.924630
8.850173 37.121222
8.704902 36.331313
8.568507 35.554073
8.440383 34.788733
8.319975 34.034573
8.206773 33.290922
8.100311 32.557152
8.000158 31.832676
7.905920 31.116946
7.817233 30.409444
7.733761 29.709688
7.655195 29.017220
7.581248 28.331614
7.511659 27.652465
7.446182 26.979392
7.384592 26.312036
7.326680 25.650055
7.272253 24.993129
7.221133 24.340950
7.173152 23.693230
7.128159 23.049693
7.086009 22.410077
7.046573 21.774130
7.009726 21.141616
6.975358 20.512305
6.943361 19.885980
6.913641 19.262432
6.886107 18.641459
6.860676 18.022870
6.837273 17.406477
6.815827 16.792102
6.796275 16.179571
6.778555 15.568717
5.000000 -10.100000
5.000000 -10.105000
5.000000 -10.110000
5.000000 -10.115000
5.000000 -10.120000
5.000000 -10.125000
5.000000 -10.130000
5.000000 -10.135000
5.000000 -10.140000
5.000000 -10.145000
5.000000 -10.150000
5.000000 -10.155000
5.000000 -10.160000
5.000000 -10.165000
5.000000 -10.170000
5.000000 -10.175000
5.000000 -10.180000
5.000000 -10.185000
5.000000 -10.190000
5.000000 -10.195000
5.000000 -10.200000
5.000000 -10.205000
5.000000 -10.210000
5.000000 -10.215000
5.000000 -10.220000
5.000000 -10.225000
5.000000 -10.230000
5.000000 -10.235000
5.000000 -10.240000
5.000000 -10.245000
5.000000 -10.250000
5.000000 -10.255000
5.000000 -10.260000
5.000000 -10.265000
5.000000 -10.270000
5.000000 -10.275000
5.000000 -10.280000
5.000000 -10.285000
5.000000 -10.290000
5.000000 -10.295000
-7.000000 -2.906829
-7.000000 -2.836829
-7.000000 -2.766829
-7.000000 -2.696829
-7.000000 -2.626829
-7.000000 -2.556829
-7.000000 -2.486829
-7.000000 -2.416829
-7.000000 -2.346829
-7.000000 -2.276829
-7.000000 -2.206829
-7.000000 -2.136829
-7.000000 -2.066829
-7.000000 -1.996829
-7.000000 -1.926829
-7.000000 -1.856829
-7.000000 -1.786829
-7.000000 -1.716829
-7.000000 -1.646829
-7.000000 -1.576829
-7.000000 -1.506829
-7.000000 -1.436829
-7.000000 -1.366829
-7.000000 -1.296829
-7.000000 -1.226829
-7.000000 -1.156829
-7.000000 -1.086829
-7.000000 -1.016829
-7.000000 -0.946829
-7.000000 -0.876829
-7.000000 -0.806829
-7.000000 -0.736829
-7.000000 -0.666829
-7.000000 -0.596829
-7.000000 -0.526829
-7.000000 -0.456829
-7.000000 -0.386829
-7.000000 -0.316829
-7.000000 -0.246829
-7.000000 -0.176829
-7.000000 -0.106829
-7.000000 -0.036829
-7.000000 0.033241
-7.000000 0.103241
-7.000000 0.173241
-7.000000 0.243241
-7.000000 0.313241
-7.000000 0.383241
-7.000000 0.453241
-7.000000 0.523241
-7.000000 0.593241
-7.000000 0.663241
-7.000000 0.733241
-7.000000 0.803241
-7.000000 0.873241
-7.000000 0.943241
-7.000000 1.013241
-7.000000 1.083241
-7.000000 1.153241
-7.000000 1.223241
-7.000000 1.293241
-7.000000 1.363241
-7.000000 1.433241
-7.000000 1.503241
-7.000000 1.573241
-7.000000 1.643241
-7.000000 1.713241
-7.000000 1.783241
-7.000000 1.853241
-7.000000 1.923241
-7.000000 1.993241
-7.000000 2.063241
-7.000000 2.133241
-7.000000 2.203241
-7.000000 2.273241
-7.000000 2.343241
-7.000000 2.413241
-7.000000 2.483241
-7.000000 2.553241
-7.000000 2.623241
-7.000000 2.693241
-7.000000 2.763241
-7.000000 2.833241
-7.000000 2.903241
4.388409 29.587189
4.406416 29.191418
4.423866 28.794051
4.440790 28.395138
4.457217 27.994724
4.473175 27.592853
4.488692 27.189566
4.503792 26.784901
4.518499 26.378895
4.532838 25.971582
4.546830 25.562994
4.560497 25.153162
4.573859 24.742114
4.586935 24.329876
4.599744 23.916474
4.612304 23.501930
4.624633 23.086266
4.636747 22.669502
4.648661 22.251658
4.660392 21.832749
4.671953 21.412792
4.683361 20.991802
4.694627 20.569791
4.705766 20.146773
4.716791 19.722757
4.727714 19.297754
4.738548 18.871771
4.749304 18.444817
4.759995 18.016898
4.770632 17.588020
4.781225 17.158186
4.791787 16.727400
4.802328 16.295665
4.812858 15.862982
4.823388 15.429351
4.833929 14.994771
4.844491 14.559243
4.855084 14.122762
4.865718 13.685326
4.876403 13.246931
4.887150 12.807572
4.897969 12.367242
4.908869 11.925935
4.919862 11.483643
4.930957 11.040357
4.942165 10.596067
4.953497 10.150763
4.964963 9.704434
4.976573 9.257066
4.988340 8.808646
5.000273 8.359160
5.012386 7.908591
5.024688 7.456924
5.037193 7.004141
5.049912 6.550223
5.062859 6.095150
5.076045 5.638901
5.089485 5.181455
5.103192 4.722786
5.117181 4.262871
5.131465 3.801685
5.146061 3.339198
5.000000 -10.001347
5.000000 -10.006347
5.000000 -10.011347
5.000000 -10.016347
5.000000 -10.021347
5.000000 -10.026347
5.000000 -10.031347
5.000000 -10.036347
5.000000 -10.041347
5.000000 -10.046347
5.000000 -10.051347
5.000000 -10.056347
5.000000 -10.061347
5.000000 -10.066347
5.000000 -10.071347
5.000000 -10.076347
5.000000 -10.081347
5.000000 -10.086347
5.000000 -10.091347
5.000000 -10.096347
5.000000 -10.101347
5.000000 -10.106347
5.000000 -10.111347
5.000000 -10.116347
5.000000 -10.121347
5.000000 -10.126347
5.000000 -10.131347
5.000000 -10.136347
5.000000 -10.141347
5.000000 -10.146347
5.000000 -10.151347
5.000000 -10.156347
5.000000 -10.161347
5.000000 -10.166347
5.000000 -10.171347
5.000000 -10.176347
5.000000 -10.181347
5.000000 -10.186347
5.000000 -10.191347
5.000000 -10.196347
5.000000 -10.201347
5.000000 -10.206347
5.000000 -10.211347
5.000000 -10.216347
5.000000 -10.221347
5.000000 -10.226347
5.000000 -10.231347
5.000000 -10.236347
5.000000 -10.241347
5.000000 -10.246347
5.000000 -10.251347
5.000000 -10.256347
5.000000 -10.261347
5.000000 -10.266347
5.000000 -10.271347
5.000000 -10.276347
5.000000 -10.281347
5.000000 -10.286347
5.000000 -10.291347
5.000000 -10.296347
5.000000 -10.301347
5.000000 -10.306347
5.000000 -10.311347
5.000000 -10.316347
5.000000 -10.321347
5.000000 -10.326347
5.000000 -10.331347
5.000000 -10.336347
5.000000 -10.341347
5.000000 -10.346347
5.000000 -10.351347
5.000000 -10.356347
5.000000 -10.361347
5.000000 -10.366347
5.000000 -10.371347
5.000000 -10.376347
5.000000 -10.381347
5.000000 -10.386347
5.000000 -10.391347
5.000000 -10.396347
5.000000 -10.401347
5.000000 -10.406347
5.000000 -10.411347
5.000000 -10.416347
5.000000 -10.421347
5.000000 -10.426347
5.000000 -10.431347
5.000000 -10.436347
5.000000 -10.441347
5.000000 -10.446347
5.000000 -10.451347
5.000000 -10.456347
5.000000 -10.461347
5.000000 -10.466347
5.000000 -10.471347
5.000000 -10.476347
5.000000 -10.481347
5.000000 -10.486347
5.000000 -10.491347
5.000000 -10.496347
5.000000 -10.501347
-7.000000 -4.984350
-7.000000 -4.914350
-7.000000 -4.844350
-7.000000 -4.774350
-7.000000 -4.704350
-7.000000 -4.634350
-7.000000 -4.564350
-7.000000 -4.494350
-7.000000 -4.424350
-7.000000 -4.354350
-7.000000 -4.284350
-7.000000 -4.214350
-7.000000 -4.144350
-7.000000 -4.074350
-7.000000 -4.004350
-7.000000 -3.934350
-7.000000 -3.864350
-7.000000 -3.794350
-7.000000 -3.724350
-7.000000 -3.654350
-7.000000 -3.584350
-7.000000 -3.514350
-7.000000 -3.444350
-7.000000 -3.374350
-7.000000 -3.304350
-7.000000 -3.234350
-7.000000 -3.164350
-7.000000 -3.094350
-7.000000 -3.024350
-7.000000 -2.954350
-7.000000 -2.884350
-7.000000 -2.814350
-7.000000 -2.744350
-7.000000 -2.674350
-7.000000 -2.604350
-7.000000 -2.534350
-7.000000 -2.464350
-7.000000 -2.394350
-7.000000 -2.324350
-7.000000 -2.254350
-7.000000 -2.184350
-7.000000 -2.114350
-7.000000 -2.044350
-7.000000 -1.974350
-7.000000 -1.904350
-7.000000 -1.834350
-7.000000 -1.764350
-7.000000 -1.694350
-7.000000 -1.624350
-7.000000 -1.554350
-7.000000 -1.484350
-7.000000 -1.414350
-7.000000 -1.344350
-7.000000 -1.274350
-7.000000 -1.204350
-7.000000 -1.134350
-7.000000 -1.064350
-7.000000 -0.994350
-7.000000 -0.924350
-7.000000 -0.854350
-7.000000 -0.784350
-7.000000 -0.714350
-7.000000 -0.644350
-7.000000 -0.574350
-7.000000 -0.504350
-7.000000 -0.434350
-7.000000 -0.364350
-7.000000 -0.294350
-7.000000 -0.224350
-7.000000 -0.154350
-7.000000 -0.084350
-7.000000 -0.014350
-7.000000 0.055720
-7.000000 0.125720
-7.000000 0.195720
-7.000000 0.265720
-7.000000 0.335720
-7.000000 0.405720
-7.000000 0.475720
-7.000000 0.545720
-7.000000 0.615720
-7.000000 0.685720
-7.000000 0.755720
-7.000000 0.825720
-7.000000 0.895720
-7.000000 0.965720
-7.000000 1.035720
-7.000000 1.105720
-7.000000 1.175720
-7.000000 1.245720
-7.000000 1.315720
-7.000000 1.385720
-7.000000 1.455720
-7.000000 1.525720
-7.000000 1.595720
-7.000000 1.665720
-7.000000 1.735720
-7.000000 1.805720
-7.000000 1.875720
-7.000000 1.945720
-7.000000 2.015720
-7.000000 2.085720
-7.000000 2.155720
-7.000000 2.225720
-7.000000 2.295720
-7.000000 2.365720
-7.000000 2.435720
-7.000000 2.505720
-7.000000 2.575720
-7.000000 2.645720
-7.000000 2.715720
-7.000000 2.785720
-7.000000 2.855720
-7.000000 2.925720
-7.000000 2.995720
-7.000000 3.065720
-7.000000 3.135720
-7.000000 3.205720
-7.000000 3.275720
-7.000000 3.345720
-7.000000 3.415720
-7.000000 3.485720
-7.000000 3.555720
-7.000000 3.625720
-7.000000 3.695720
-7.000000 3.765720
-7.000000 3.835720
-7.000000 3.905720
-7.000000 3.975720
-7.000000 4.045720
-7.000000 4.115720
-7.000000 4.185720
-7.000000 4.255720
-7.000000 4.325720
-7.000000 4.395720
-7.000000 4.465720
-7.000000 4.535720
-7.000000 4.605720
-7.000000 4.675720
-7.000000 4.745720
-7.000000 4.815720
-7.000000 4.885720
-7.000000 4.955720
-7.000000 5.025720
12.299696 47.233560
11.944788 46.142756
11.615182 45.082739
11.308714 44.051329
11.023444 43.046535
10.757627 42.066526
10.509694 41.109625
10.278229 40.174287
10.061952 39.259089
9.859703 38.362715
9.670433 37.483953
9.493185 36.621677
9.327092 35.774845
9.171362 34.942489
9.025273 34.123711
8.888166 33.317671
8.759439 32.523589
8.638537 31.740737
8.524956 30.968433
8.418229 30.206040
8.317931 29.452959
8.223669 28.708631
8.135082 27.972528
8.051836 27.244156
7.973625 26.523047
7.900167 25.808761
7.831200 25.100882
7.766484 24.399017
7.705797 23.702794
7.648932 23.011859
7.595701 22.325877
7.545927 21.644529
7.499449 20.967512
7.456118 20.294534
7.415794 19.625320
7.378352 18.959605
7.343674 18.297134
7.311651 17.637664
7.282184 16.980960
7.255183 16.326797
7.230563 15.674956
7.208248 15.025226
7.188169 14.377404
7.170263 13.731291
7.154472 13.086693
7.140747 12.443424
7.129041 11.801298
7.119315 11.160137
7.111533 10.519763
7.105665 9.880004
7.101687 9.240687
7.099578 8.601644
7.099323 7.962707
7.100909 7.323710
7.104331 6.684488
7.109586 6.044876
7.116675 5.404708
7.125606 4.763819
7.136388 4.122043
7.149038 3.479213
5.000000 -10.001286
5.000000 -10.006286
5.000000 -10.011286
5.000000 -10.016286
5.000000 -10.021286
5.000000 -10.026286
5.000000 -10.031286
5.000000 -10.036286
5.000000 -10.041286
5.000000 -10.046286
-7.000000 -2.000000
-7.000000 -1.930000
-7.000000 -1.860000
-7.000000 -1.790000
-7.000000 -1.720000
-7.000000 -1.650000
-7.000000 -1.580000
-7.000000 -1.510000
-7.000000 -1.440000
-7.000000 -1.370000
-7.000000 -1.300000
-7.000000 -1.230000
-7.000000 -1.160000
-7.000000 -1.090000
-7.000000 -1.020000
-7.000000 -0.950000
-7.000000 -0.880000
-7.000000 -0.810000
-7.000000 -0.740000
-7.000000 -0.670000
-7.000000 -0.600000
-7.000000 -0.530000
-7.000000 -0.460000
-7.000000 -0.390000
-7.000000 -0.320000
-7.000000 -0.250000
-7.000000 -0.180000
-7.000000 -0.110000
-7.000000 -0.040000
-7.000000 0.030070
-7.000000 0.100070
-7.000000 0.170070
-7.000000 0.240070
-7.000000 0.310070
-7.000000 0.380070
-7.000000 0.450070
-7.000000 0.520070
-7.000000 0.590070
-7.000000 0.660070
-7.000000 0.730070
-7.000000 0.800070
-7.000000 0.870070
-7.000000 0.940070
-7.000000 1.010070
-7.000000 1.080070
-7.000000 1.150070
-7.000000 1.220070
-7.000000 1.290070
-7.000000 1.360070
-7.000000 1.430070
-7.000000 1.500070
-7.000000 1.570070
-7.000000 1.640070
-7.000000 1.710070
-7.000000 1.780070
-7.000000 1.850070
-7.000000 1.920070
-7.000000 1.990070
-7.000000 2.060070
-7.000000 2.130070
-7.000000 2.200070
-7.000000 2.270070
-7.000000 2.340070
-7.000000 2.410070
-7.000000 2.480070
-7.000000 2.550070
-7.000000 2.620070
-7.000000 2.690070
-7.000000 2.760070
-7.000000 2.830070
-7.000000 2.900070
-7.000000 2.970070
-7.000000 3.040070
-7.000000 3.110070
-7.000000 3.180070
-7.000000 3.250070
-7.000000 3.320070
-7.000000 3.390070
-7.000000 3.460070
-7.000000 3.530070
-7.000000 3.600070
-7.000000 3.670070
-7.000000 3.740070
-7.000000 3.810070
-7.000000 3.880070
-7.000000 3.950070
-7.000000 4.020070
-7.000000 4.090070
-7.000000 4.160070
-7.000000 4.230070
-7.000000 4.300070
-7.000000 4.370070
-7.000000 4.440070
-7.000000 4.510070
-7.000000 4.580070
-7.000000 4.650070
-7.000000 4.720070
-7.000000 4.790070
-7.000000 4.860070
-7.000000 4.930070
-7.000000 5.000070
-7.000000 5.070070
-7.000000 5.140070
-7.000000 5.210070
-7.000000 5.280070
-7.000000 5.350070
-7.000000 5.420070
-7.000000 5.490070
-7.000000 5.560070
-7.000000 5.630070
-7.000000 5.700070
-7.000000 5.770070
-7.000000 5.840070
-7.000000 5.910070
-7.000000 5.980070
-7.000000 6.050070
-7.000000 6.120070
-7.000000 6.190070
-7.000000 6.260070
-7.000000 6.330070
-7.000000 6.400070
-7.000000 6.470070
-7.000000 6.540070
-7.000000 6.610070
-7.000000 6.680070
-7.000000 6.750070
22.350072 62.941473
21.232829 60.981074
20.219763 59.116441
19.298801 57.338755
18.459556 55.640206
17.693058 54.013854
16.991522 52.453508
16.348174 50.953635
15.757093 49.509270
15.213089 48.115947
14.711597 46.769639
14.248589 45.466705
13.820501 44.203846
13.424173 42.978062
13.056793 41.786626
12.715853 40.627047
12.399113 39.497047
12.104566 38.394541
11.830411 37.317613
11.575027 36.264504
11.336955 35.233589
11.114877 34.223372
10.907602 33.232468
10.714051 32.259592
10.533246 31.303556
10.364297 30.363252
10.206398 29.437651
10.058811 28.525791
9.920866 27.626776
9.791953 26.739765
9.671511 25.863970
9.559032 24.998654
9.454047 24.143120
9.356131 23.296713
9.264893 22.458816
9.179975 21.628843
9.101050 20.806241
9.027819 19.990483
8.960007 19.181071
8.897366 18.377527
8.839667 17.579396
8.786701 16.786245
8.738279 15.997654
8.694229 15.213223
8.654396 14.432566
8.618640 13.655310
8.586833 12.881093
8.558866 12.109565
8.534637 11.340385
8.514060 10.573220
8.497060 9.807747
8.483572 9.043644
8.473543 8.280600
8.466931 7.518304
8.463703 6.756451
8.463837 5.994737
8.467321 5.232860
8.474153 4.470518
8.484339 3.707412
5.000000 -10.000380
5.000000 -10.005380
5.000000 -10.010380
5.000000 -10.015380
5.000000 -10.020380
5.000000 -10.025380
5.000000 -10.030380
5.000000 -10.035380
5.000000 -10.040380
5.000000 -10.045380
5.000000 -10.050380
5.000000 -10.055380
5.000000 -10.060380
5.000000 -10.065380
5.000000 -10.070380
5.000000 -10.075380
5.000000 -10.080380
5.000000 -10.085380
5.000000 -10.090380
5.000000 -10.095380
5.000000 -10.100380
5.000000 -10.105380
5.000000 -10.110380
5.000000 -10.115380
5.000000 -10.120380
5.000000 -10.125380
5.000000 -10.130380
5.000000 -10.135380
5.000000 -10.140380
5.000000 -10.145380
5.000000 -10.150380
5.000000 -10.155380
5.000000 -10.160380
5.000000 -10.165380
5.000000 -10.170380
5.000000 -10.175380
5.000000 -10.180380
5.000000 -10.185380
5.000000 -10.190380
5.000000 -10.195380
5.000000 -10.200380
5.000000 -10.205380
5.000000 -10.210380
5.000000 -10.215380
5.000000 -10.220380
5.000000 -10.225380
5.000000 -10.230380
5.000000 -10.235380
5.000000 -10.240380
5.000000 -10.245380
5.000000 -10.250380
5.000000 -10.255380
5.000000 -10.260380
5.000000 -10.265380
5.000000 -10.270380
5.000000 -10.275380
5.000000 -10.280380
5.000000 -10.285380
5.000000 -10.290380
5.000000 -10.295380
5.000000 -10.300380
5.000000 -10.305380
5.000000 -10.310380
5.000000 -10.315380
5.000000 -10.320380
5.000000 -10.325380
5.000000 -10.330380
5.000000 -10.335380
5.000000 -10.340380
5.000000 -10.345380
5.000000 -10.350380
5.000000 -10.355380
5.000000 -10.360380
5.000000 -10.365380
5.000000 -10.370380
5.000000 -10.375380
5.000000 -10.380380
5.000000 -10.385380
5.000000 -10.390380
5.000000 -10.395380
5.000000 -10.400380
5.000000 -10.405380
5.000000 -10.410380
5.000000 -10.415380
5.000000 -10.420380
5.000000 -10.425380
5.000000 -10.430380
5.000000 -10.435380
5.000000 -10.440380
5.000000 -10.445380
5.000000 -10.450380
5.000000 -10.455380
5.000000 -10.460380
5.000000 -10.465380
5.000000 -10.470380
5.000000 -10.475380
5.000000 -10.480380
5.000000 -10.485380
5.000000 -10.490380
5.000000 -10.495380
5.000000 -10.500380
5.000000 -10.505380
5.000000 -10.510380
5.000000 -10.515380
5.000000 -10.520380
5.000000 -10.525380
5.000000 -10.530380
5.000000 -10.535380
5.000000 -10.540380
5.000000 -10.545380
5.000000 -10.550380
5.000000 -10.555380
5.000000 -10.560380
5.000000 -10.565380
5.000000 -10.570380
5.000000 -10.575380
5.000000 -10.580380
5.000000 -10.585380
5.000000 -10.590380
5.000000 -10.595380
5.000000 -10.600380
5.000000 -10.605380
5.000000 -10.610380
5.000000 -10.615380
5.000000 -10.620380
5.000000 -10.625380
5.000000 -10.630380
5.000000 -10.635380
5.000000 -10.640380
5.000000 -10.645380
5.000000 -10.650380
5.000000 -10.655380
5.000000 -10.660380
5.000000 -10.665380
5.000000 -10.670380
5.000000 -10.675380
5.000000 -10.680380
5.000000 -10.685380
5.000000 -10.690380
5.000000 -10.695380
5.000000 -10.700380
5.000000 -10.705380
5.000000 -10.710380
5.000000 -10.715380
5.000000 -10.720380
5.000000 -10.725380
5.000000 -10.730380
5.000000 -10.735380
5.000000 -10.740380
5.000000 -10.745380
5.000000 -10.750380
5.000000 -10.755380
5.000000 -10.760380
5.000000 -10.765380
5.000000 -10.770380
5.000000 -10.775380
5.000000 -10.780380
5.000000 -10.785380
5.000000 -10.790380
5.000000 -10.795380
5.000000 -10.800380
5.000000 -10.805380
5.000000 -10.810380
5.000000 -10.815380
-7.000000 -8.107491
-7.000000 -8.037491
-7.000000 -7.967491
-7.000000 -7.897491
-7.000000 -7.827491
-7.000000 -7.757491
-7.000000 -7.687491
-7.000000 -7.617491
-7.000000 -7.547491
-7.000000 -7.477491
-7.000000 -7.407491
-7.000000 -7.337491
-7.000000 -7.267491
-7.000000 -7.197491
-7.000000 -7.127491
-7.000000 -7.057491
-7.000000 -6.987491
-7.000000 -6.917491
-7.000000 -6.847491
-7.000000 -6.777491
-7.000000 -6.707491
-7.000000 -6.637491
-7.000000 -6.567491
-7.000000 -6.497491
-7.000000 -6.427491
-7.000000 -6.357491
-7.000000 -6.287491
-7.000000 -6.217491
-7.000000 -6.147491
-7.000000 -6.077491
-7.000000 -6.007491
-7.000000 -5.937491
-7.000000 -5.867491
-7.000000 -5.797491
-7.000000 -5.727491
-7.000000 -5.657491
-7.000000 -5.587491
-7.000000 -5.517491
-7.000000 -5.447491
-7.000000 -5.377491
-7.000000 -5.307491
-7.000000 -5.237491
-7.000000 -5.167491
-7.000000 -5.097491
-7.000000 -5.027491
-7.000000 -4.957491
-7.000000 -4.887491
-7.000000 -4.817491
-7.000000 -4.747491
-7.000000 -4.677491
-7.000000 -4.607491
-7.000000 -4.537491
-7.000000 -4.467491
-7.000000 -4.397491
-7.000000 -4.327491
-7.000000 -4.257491
-7.000000 -4.187491
-7.000000 -4.117491
-7.000000 -4.047491
-7.000000 -3.977491
-7.000000 -3.907491
-7.000000 -3.837491
-7.000000 -3.767491
-7.000000 -3.697491
-7.000000 -3.627491
-7.000000 -3.557491
-7.000000 -3.487491
-7.000000 -3.417491
-7.000000 -3.347491
-7.000000 -3.277491
-7.000000 -3.207491
-7.000000 -3.137491
-7.000000 -3.067491
-7.000000 -2.997491
-7.000000 -2.927491
-7.000000 -2.857491
-7.000000 -2.787491
-7.000000 -2.717491
-7.000000 -2.647491
-7.000000 -2.577491
-7.000000 -2.507491
-7.000000 -2.437491
-7.000000 -2.367491
-7.000000 -2.297491
-7.000000 -2.227491
-7.000000 -2.157491
-7.000000 -2.087491
-7.000000 -2.017491
-7.000000 -1.947491
-7.000000 -1.877491
-7.000000 -1.807491
-7.000000 -1.737491
-7.000000 -1.667491
-7.000000 -1.597491
-7.000000 -1.527491
-7.000000 -1.457491
-7.000000 -1.387491
-7.000000 -1.317491
-7.000000 -1.247491
-7.000000 -1.177491
-7.000000 -1.107491
-7.000000 -1.037491
-7.000000 -0.967491
-7.000000 -0.897491
-7.000000 -0.827491
-7.000000 -0.757491
-7.000000 -0.687491
-7.000000 -0.617491
-7.000000 -0.547491
-7.000000 -0.477491
-7.000000 -0.407491
-7.000000 -0.337491
-7.000000 -0.267491
-7.000000 -0.197491
-7.000000 -0.127491
-7.000000 -0.057491
-7.000000 0.012579
-7.000000 0.082579
-7.000000 0.152579
-7.000000 0.222579
-7.000000 0.292579
-7.000000 0.362579
-7.000000 0.432579
-7.000000 0.502579
-7.000000 0.572579
-7.000000 0.642579
-7.000000 0.712579
-7.000000 0.782579
-7.000000 0.852579
-7.000000 0.922579
-7.000000 0.992579
-7.000000 1.062579
-7.000000 1.132579
-7.000000 1.202579
-7.000000 1.272579
-7.000000 1.342579
-7.000000 1.412579
-7.000000 1.482579
-7.000000 1.552579
-7.000000 1.622579
-7.000000 1.692579
-7.000000 1.762579
-7.000000 1.832579
-7.000000 1.902579
-7.000000 1.972579
-7.000000 2.042579
-7.000000 2.112579
-7.000000 2.182579
-7.000000 2.252579
-7.000000 2.322579
-7.000000 2.392579
-7.000000 2.462579
5.000000 -10.100000
5.000000 -10.105000
5.000000 -10.110000
5.000000 -10.115000
5.000000 -10.120000
5.000000 -10.125000
5.000000 -10.130000
5.000000 -10.135000
5.000000 -10.140000
5.000000 -10.145000
-7.000000 -1.485271
-7.000000 -1.415271
-7.000000 -1.345271
-7.000000 -1.275271
-7.000000 -1.205271
-7.000000 -1.135271
-7.000000 -1.065271
-7.000000 -0.995271
-7.000000 -0.925271
-7.000000 -0.855271
-7.000000 -0.785271
-7.000000 -0.715271
-7.000000 -0.645271
-7.000000 -0.575271
-7.000000 -0.505271
-7.000000 -0.435271
-7.000000 -0.365271
-7.000000 -0.295271
-7.000000 -0.225271
-7.000000 -0.155271
-7.000000 -0.085271
-7.000000 -0.015271
-7.000000 0.054799
-7.000000 0.124799
-7.000000 0.194799
-7.000000 0.264799
-7.000000 0.334799
-7.000000 0.404799
-7.000000 0.474799
-7.000000 0.544799
-7.000000 0.614799
-7.000000 0.684799
-7.000000 0.754799
-7.000000 0.824799
-7.000000 0.894799
-7.000000 0.964799
-7.000000 1.034799
-7.000000 1.104799
-7.000000 1.174799
-7.000000 1.244799
-7.000000 1.314799
-7.000000 1.384799
-7.000000 1.454799
1.145053 16.405692
1.209352 16.299734
1.272313 16.188049
1.333950 16.070757
1.394279 15.947977
1.453317 15.819826
1.511081 15.686418
1.567587 15.547869
1.622855 15.404290
1.676902 15.255792
1.729748 15.102484
1.781413 14.944473
1.831915 14.781864
1.881275 14.614762
1.929513 14.443268
1.976648 14.267483
2.022701 14.087504
2.067693 13.903429
2.111642 13.715351
2.154571 13.523364
2.196498 13.327558
2.237443 13.128023
2.277427 12.924847
2.316469 12.718115
2.354588 12.507910
2.391805 12.294316
2.428138 12.077412
2.463605 11.857277
2.498226 11.633989
2.532018 11.407621
2.565001 11.178250
2.597191 10.945945
2.628606 10.710779
2.659263 10.472819
2.689179 10.232133
2.718371 9.988788
2.746854 9.742848
2.774645 9.494375
2.801759 9.243432
2.828212 8.990079
2.854018 8.734373
2.879192 8.476374
2.903747 8.216137
2.927699 7.953718
2.951060 7.689169
2.973844 7.422544
2.996063 7.153894
3.017731 6.883269
3.038859 6.610719
3.059459 6.336291
3.079543 6.060032
3.099122 5.781988
3.118207 5.502205
3.136808 5.220726
3.154937 4.937593
3.172603 4.652851
3.189816 4.366538
3.206585 4.078697
3.222920 3.789366
3.238828 3.498584
3.254320 3.206390
5.000000 -10.001486
5.000000 -10.006486
5.000000 -10.011486
5.000000 -10.016486
5.000000 -10.021486
5.000000 -10.026486
5.000000 -10.031486
5.000000 -10.036486
5.000000 -10.041486
5.000000 -10.046486
5.000000 -10.051486
5.000000 -10.056486
5.000000 -10.061486
5.000000 -10.066486
5.000000 -10.071486
5.000000 -10.076486
5.000000 -10.081486
5.000000 -10.086486
5.000000 -10.091486
5.000000 -10.096486
5.000000 -10.101486
5.000000 -10.106486
5.000000 -10.111486
5.000000 -10.116486
5.000000 -10.121486
5.000000 -10.126486
5.000000 -10.131486
5.000000 -10.136486
5.000000 -10.141486
5.000000 -10.146486
5.000000 -10.151486
5.000000 -10.156486
5.000000 -10.161486
5.000000 -10.166486
5.000000 -10.171486
5.000000 -10.176486
5.000000 -10.181486
5.000000 -10.186486
5.000000 -10.191486
5.000000 -10.196486
5.000000 -10.201486
5.000000 -10.206486
5.000000 -10.211486
5.000000 -10.216486
5.000000 -10.221486
5.000000 -10.226486
5.000000 -10.231486
5.000000 -10.236486
5.000000 -10.241486
5.000000 -10.246486
5.000000 -10.251486
5.000000 -10.256486
5.000000 -10.261486
5.000000 -10.266486
5.000000 -10.271486
5.000000 -10.276486
5.000000 -10.281486
5.000000 -10.286486
5.000000 -10.291486
5.000000 -10.296486
5.000000 -10.301486
5.000000 -10.306486
5.000000 -10.311486
5.000000 -10.316486
-7.000000 -3.211388
-7.000000 -3.141388
-7.000000 -3.071388
-7.000000 -3.001388
-7.000000 -2.931388
-7.000000 -2.861388
-7.000000 -2.791388
-7.000000 -2.721388
-7.000000 -2.651388
-7.000000 -2.581388
-7.000000 -2.511388
-7.000000 -2.441388
-7.000000 -2.371388
-7.000000 -2.301388
-7.000000 -2.231388
-7.000000 -2.161388
-7.000000 -2.091388
-7.000000 -2.021388
-7.000000 -1.951388
-7.000000 -1.881388
-7.000000 -1.811388
-7.000000 -1.741388
-7.000000 -1.671388
-7.000000 -1.601388
-7.000000 -1.531388
-7.000000 -1.461388
-7.000000 -1.391388
-7.000000 -1.321388
-7.000000 -1.251388
-7.000000 -1.181388
-7.000000 -1.111388
-7.000000 -1.041388
-7.000000 -0.971388
-7.000000 -0.901388
-7.000000 -0.831388
-7.000000 -0.761388
-7.000000 -0.691388
-7.000000 -0.621388
-7.000000 -0.551388
-7.000000 -0.481388
-7.000000 -0.411388
-7.000000 -0.341388
-7.000000 -0.271388
-7.000000 -0.201388
-7.000000 -0.131388
-7.000000 -0.061388
-7.000000 0.008682
-7.000000 0.078682
-7.000000 0.148682
-7.000000 0.218682
-7.000000 0.288682
-7.000000 0.358682
-7.000000 0.428682
-7.000000 0.498682
-7.000000 0.568682
-7.000000 0.638682
-7.000000 0.708682
-7.000000 0.778682
-7.000000 0.848682
-7.000000 0.918682
-7.000000 0.988682
-7.000000 1.058682
-7.000000 1.128682
-7.000000 1.198682
-7.000000 1.268682
-7.000000 1.338682
-7.000000 1.408682
-7.000000 1.478682
-7.000000 1.548682
-7.000000 1.618682
-7.000000 1.688682
-7.000000 1.758682
-7.000000 1.828682
-7.000000 1.898682
-7.000000 1.968682
-7.000000 2.038682
-7.000000 2.108682
-7.000000 2.178682
-7.000000 2.248682
-7.000000 2.318682
-7.000000 2.388682
-7.000000 2.458682
-7.000000 2.528682
-7.000000 2.598682
-7.000000 2.668682
-7.000000 2.738682
-7.000000 2.808682
-7.000000 2.878682
-7.000000 2.948682
-7.000000 3.018682
-7.000000 3.088682
-7.000000 3.158682
5.162717 31.823935
5.156759 31.359563
5.151319 30.895703
5.146376 30.432310
5.141909 29.969341
5.137899 29.506753
5.134329 29.044506
5.131181 28.582561
5.128441 28.120881
5.126095 27.659430
5.124128 27.198172
5.122529 26.737076
5.121286 26.276107
5.120390 25.815234
5.119829 25.354426
5.119596 24.893655
5.119682 24.432889
5.120079 23.972103
5.120781 23.511266
5.121781 23.050353
5.123075 22.589337
5.124656 22.128191
5.126521 21.666890
5.128666 21.205409
5.131087 20.743722
5.133781 20.281805
5.136746 19.819633
5.139981 19.357183
5.143483 18.894429
5.147252 18.431348
5.151287 17.967915
5.155589 17.504108
5.160157 17.039901
5.164992 16.575272
5.170096 16.110195
5.175471 15.644646
5.181117 15.178602
5.187038 14.712037
5.193237 14.244927
5.199716 13.777246
5.206480 13.308969
5.213533 12.840071
5.220879 12.370525
5.228524 11.900304
5.236472 11.429381
5.244730 10.957729
5.253304 10.485320
5.262202 10.012125
5.271430 9.538114
5.280996 9.063257
5.290910 8.587524
5.301179 8.110883
5.311814 7.633301
5.322824 7.154745
5.334220 6.675181
5.346015 6.194574
5.358219 5.712886
5.370845 5.230082
5.383908 4.746121
5.397420 4.260965
5.411398 3.774572
5.425857 3.286899
5.000000 -10.002070
5.000000 -10.007070
5.000000 -10.012070
5.000000 -10.017070
5.000000 -10.022070
5.000000 -10.027070
5.000000 -10.032070
5.000000 -10.037070
5.000000 -10.042070
5.000000 -10.047070
5.000000 -10.052070
5.000000 -10.057070
5.000000 -10.062070
5.000000 -10.067070
5.000000 -10.072070
5.000000 -10.077070
5.000000 -10.082070
5.000000 -10.087070
5.000000 -10.092070
5.000000 -10.097070
5.000000 -10.102070
5.000000 -10.107070
5.000000 -10.112070
5.000000 -10.117070
5.000000 -10.122070
5.000000 -10.127070
5.000000 -10.132070
5.000000 -10.137070
5.000000 -10.142070
5.000000 -10.147070
5.000000 -10.152070
5.000000 -10.157070
5.000000 -10.162070
5.000000 -10.167070
5.000000 -10.172070
5.000000 -10.177070
5.000000 -10.182070
5.000000 -10.187070
5.000000 -10.192070
5.000000 -10.197070
5.000000 -10.202070
5.000000 -10.207070
5.000000 -10.212070
5.000000 -10.217070
5.000000 -10.222070
5.000000 -10.227070
5.000000 -10.232070
5.000000 -10.237070
5.000000 -10.242070
5.000000 -10.247070
5.000000 -10.252070
5.000000 -10.257070
5.000000 -10.262070
5.000000 -10.267070
5.000000 -10.272070
5.000000 -10.277070
5.000000 -10.282070
5.000000 -10.287070
5.000000 -10.292070
5.000000 -10.297070
5.000000 -10.302070
5.000000 -10.307070
5.000000 -10.312070
5.000000 -10.317070
5.000000 -10.322070
5.000000 -10.327070
5.000000 -10.332070
5.000000 -10.337070
5.000000 -10.342070
5.000000 -10.347070
5.000000 -10.352070
5.000000 -10.357070
5.000000 -10.362070
5.000000 -10.367070
5.000000 -10.372070
5.000000 -10.377070
5.000000 -10.382070
5.000000 -10.387070
5.000000 -10.392070
5.000000 -10.397070
5.000000 -10.402070
5.000000 -10.407070
5.000000 -10.412070
5.000000 -10.417070
5.000000 -10.422070
5.000000 -10.427070
5.000000 -10.432070
5.000000 -10.437070
5.000000 -10.442070
5.000000 -10.447070
5.000000 -10.452070
5.000000 -10.457070
5.000000 -10.462070
5.000000 -10.467070
5.000000 -10.472070
5.000000 -10.477070
5.000000 -10.482070
5.000000 -10.487070
5.000000 -10.492070
5.000000 -10.497070
5.000000 -10.502070
5.000000 -10.507070
5.000000 -10.512070
5.000000 -10.517070
5.000000 -10.522070
5.000000 -10.527070
-7.000000 -5.257836
-7.000000 -5.187836
-7.000000 -5.117836
-7.000000 -5.047836
-7.000000 -4.977836
-7.000000 -4.907836
-7.000000 -4.837836
-7.000000 -4.767836
-7.000000 -4.697836
-7.000000 -4.627836
-7.000000 -4.557836
-7.000000 -4.487836
-7.000000 -4.417836
-7.000000 -4.347836
-7.000000 -4.277836
-7.000000 -4.207836
-7.000000 -4.137836
-7.000000 -4.067836
-7.000000 -3.997836
-7.000000 -3.927836
-7.000000 -3.857836
-7.000000 -3.787836
-7.000000 -3.717836
-7.000000 -3.647836
-7.000000 -3.577836
-7.000000 -3.507836
-7.000000 -3.437836
-7.000000 -3.367836
-7.000000 -3.297836
-7.000000 -3.227836
-7.000000 -3.157836
-7.000000 -3.087836
-7.000000 -3.017836
-7.000000 -2.947836
-7.000000 -2.877836
-7.000000 -2.807836
-7.000000 -2.737836
-7.000000 -2.667836
-7.000000 -2.597836
-7.000000 -2.527836
-7.000000 -2.457836
-7.000000 -2.387836
-7.000000 -2.317836
-7.000000 -2.247836
-7.000000 -2.177836
-7.000000 -2.107836
-7.000000 -2.037836
-7.000000 -1.967836
-7.000000 -1.897836
-7.000000 -1.827836
-7.000000 -1.757836
-7.000000 -1.687836
-7.000000 -1.617836
-7.000000 -1.547836
-7.000000 -1.477836
-7.000000 -1.407836
-7.000000 -1.337836
-7.000000 -1.267836
-7.000000 -1.197836
-7.000000 -1.127836
-7.000000 -1.057836
-7.000000 -0.987836
-7.000000 -0.917836
5.000000 -10.100000
5.000000 -10.105000
5.000000 -10.110000
5.000000 -10.115000
5.000000 -10.120000
5.000000 -10.125000
5.000000 -10.130000
5.000000 -10.135000
5.000000 -10.140000
5.000000 -10.145000
5.000000 -10.150000
5.000000 -10.155000
5.000000 -10.160000
5.000000 -10.165000
5.000000 -10.170000
5.000000 -10.175000
5.000000 -10.180000
5.000000 -10.185000
5.000000 -10.190000
5.000000 -10.195000
5.000000 -10.200000
5.000000 -10.205000
5.000000 -10.210000
5.000000 -10.215000
5.000000 -10.220000
5.000000 -10.225000
5.000000 -10.230000
5.000000 -10.235000
5.000000 -10.240000
5.000000 -10.245000
-7.000000 -2.438579
-7.000000 -2.368579
-7.000000 -2.298579
-7.000000 -2.228579
-7.000000 -2.158579
-7.000000 -2.088579
-7.000000 -2.018579
-7.000000 -1.948579
-7.000000 -1.878579
-7.000000 -1.808579
-7.000000 -1.738579
-7.000000 -1.668579
-7.000000 -1.598579
-7.000000 -1.528579
-7.000000 -1.458579
-7.000000 -1.388579
-7.000000 -1.318579
-7.000000 -1.248579
-7.000000 -1.178579
-7.000000 -1.108579
-7.000000 -1.038579
-7.000000 -0.968579
-7.000000 -0.898579
-7.000000 -0.828579
-7.000000 -0.758579
-7.000000 -0.688579
-7.000000 -0.618579
-7.000000 -0.548579
-7.000000 -0.478579
-7.000000 -0.408579
-7.000000 -0.338579
-7.000000 -0.268579
-7.000000 -0.198579
-7.000000 -0.128579
-7.000000 -0.058579
-7.000000 0.011491
-7.000000 0.081491
-7.000000 0.151491
-7.000000 0.221491
-7.000000 0.291491
-7.000000 0.361491
-7.000000 0.431491
-7.000000 0.501491
-7.000000 0.571491
-7.000000 0.641491
-7.000000 0.711491
-7.000000 0.781491
-7.000000 0.851491
-7.000000 0.921491
-7.000000 0.991491
-7.000000 1.061491
-7.000000 1.131491
-7.000000 1.201491
-7.000000 1.271491
-7.000000 1.341491
-7.000000 1.411491
-7.000000 1.481491
-7.000000 1.551491
-7.000000 1.621491
-7.000000 1.691491
-7.000000 1.761491
-7.000000 1.831491
-7.000000 1.901491
-7.000000 1.971491
-7.000000 2.041491
-7.000000 2.111491
-7.000000 2.181491
-7.000000 2.251491
-7.000000 2.321491
-7.000000 2.391491
-7.000000 2.461491
3.102788 25.048193
3.151207 24.766751
3.198050 24.481023
3.243377 24.191148
3.287245 23.897259
3.329713 23.599486
3.370835 23.297951
3.410663 22.992774
3.449249 22.684069
3.486642 22.371945
3.522889 22.056508
3.558035 21.737858
3.592126 21.416093
3.625204 21.091306
3.657309 20.763585
3.688482 20.433018
3.718760 20.099686
3.748180 19.763667
3.776779 19.425038
3.804589 19.083870
3.831645 18.740234
3.857977 18.394196
3.883618 18.045819
3.908596 17.695165
3.932940 17.342291
3.956678 16.987254
3.979837 16.630106
4.002442 16.270900
4.024519 15.909683
4.046091 15.546501
4.067182 15.181401
4.087814 14.814422
4.108011 14.445607
4.127791 14.074993
4.147178 13.702617
4.166189 13.328512
4.184846 12.952713
4.203166 12.575250
4.221168 12.196153
4.238870 11.815449
4.256289 11.433165
4.273443 11.049325
4.290347 10.663952
4.307019 10.277069
4.323473 9.888696
4.339726 9.498850
4.355793 9.107550
4.371688 8.714813
4.387427 8.320651
4.403024 7.925080
4.418493 7.528111
4.433849 7.129754
4.449105 6.730021
4.464276 6.328918
4.479374 5.926453
4.494414 5.522633
4.509410 5.117460
4.524374 4.710940
4.539322 4.303073
4.554265 3.893862
4.569218 3.483305
4.584195 3.071402
5.000000 -10.004140
5.000000 -10.009140
5.000000 -10.014140
5.000000 -10.019140
5.000000 -10.024140
5.000000 -10.029140
5.000000 -10.034140
5.000000 -10.039140
5.000000 -10.044140
5.000000 -10.049140
5.000000 -10.054140
5.000000 -10.059140
5.000000 -10.064140
5.000000 -10.069140
5.000000 -10.074140
5.000000 -10.079140
5.000000 -10.084140
5.000000 -10.089140
5.000000 -10.094140
5.000000 -10.099140
5.000000 -10.104140
5.000000 -10.109140
5.000000 -10.114140
5.000000 -10.119140
5.000000 -10.124140
5.000000 -10.129140
5.000000 -10.134140
5.000000 -10.139140
5.000000 -10.144140
5.000000 -10.149140
5.000000 -10.154140
5.000000 -10.159140
5.000000 -10.164140
5.000000 -10.169140
5.000000 -10.174140
5.000000 -10.179140
5.000000 -10.184140
5.000000 -10.189140
5.000000 -10.194140
5.000000 -10.199140
5.000000 -10.204140
5.000000 -10.209140
5.000000 -10.214140
5.000000 -10.219140
5.000000 -10.224140
5.000000 -10.229140
5.000000 -10.234140
5.000000 -10.239140
5.000000 -10.244140
5.000000 -10.249140
5.000000 -10.254140
5.000000 -10.259140
5.000000 -10.264140
5.000000 -10.269140
5.000000 -10.274140
5.000000 -10.279140
5.000000 -10.284140
5.000000 -10.289140
5.000000 -10.294140
5.000000 -10.299140
5.000000 -10.304140
5.000000 -10.309140
5.000000 -10.314140
5.000000 -10.319140
5.000000 -10.324140
5.000000 -10.329140
5.000000 -10.334140
5.000000 -10.339140
5.000000 -10.344140
5.000000 -10.349140
5.000000 -10.354140
5.000000 -10.359140
5.000000 -10.364140
5.000000 -10.369140
5.000000 -10.374140
5.000000 -10.379140
5.000000 -10.384140
5.000000 -10.389140
5.000000 -10.394140
5.000000 -10.399140
5.000000 -10.404140
5.000000 -10.409140
5.000000 -10.414140
5.000000 -10.419140
5.000000 -10.424140
5.000000 -10.429140
5.000000 -10.434140
5.000000 -10.439140
5.000000 -10.444140
-7.000000 -4.479025
-7.000000 -4.409025
-7.000000 -4.339025
-7.000000 -4.269025
-7.000000 -4.199025
-7.000000 -4.129025
-7.000000 -4.059025
-7.000000 -3.989025
-7.000000 -3.919025
-7.000000 -3.849025
-7.000000 -3.779025
-7.000000 -3.709025
-7.000000 -3.639025
-7.000000 -3.569025
-7.000000 -3.499025
-7.000000 -3.429025
-7.000000 -3.359025
-7.000000 -3.289025
-7.000000 -3.219025
-7.000000 -3.149025
-7.000000 -3.079025
-7.000000 -3.009025
-7.000000 -2.939025
-7.000000 -2.869025
-7.000000 -2.799025
-7.000000 -2.729025
-7.000000 -2.659025
-7.000000 -2.589025
-7.000000 -2.519025
-7.000000 -2.449025
-7.000000 -2.379025
-7.000000 -2.309025
-7.000000 -2.239025
-7.000000 -2.169025
-7.000000 -2.099025
-7.000000 -2.029025
-7.000000 -1.959025
-7.000000 -1.889025
-7.000000 -1.819025
-7.000000 -1.749025
-7.000000 -1.679025
-7.000000 -1.609025
-7.000000 -1.539025
-7.000000 -1.469025
-7.000000 -1.399025
-7.000000 -1.329025
-7.000000 -1.259025
-7.000000 -1.189025
-7.000000 -1.119025
-7.000000 -1.049025
-7.000000 -0.979025
-7.000000 -0.909025
-7.000000 -0.839025
-7.000000 -0.769025
-7.000000 -0.699025
-7.000000 -0.629025
-7.000000 -0.559025
-7.000000 -0.489025
-7.000000 -0.419025
-7.000000 -0.349025
-7.000000 -0.279025
-7.000000 -0.209025
-7.000000 -0.139025
-7.000000 -0.069025
-7.000000 0.001045
-7.000000 0.071045
-7.000000 0.141045
-7.000000 0.211045
-7.000000 0.281045
-7.000000 0.351045
-7.000000 0.421045
-7.000000 0.491045
-7.000000 0.561045
-7.000000 0.631045
-7.000000 0.701045
-7.000000 0.771045
-7.000000 0.841045
-7.000000 0.911045
-7.000000 0.981045
-7.000000 1.051045
-7.000000 1.121045
-7.000000 1.191045
-7.000000 1.261045
-7.000000 1.331045
-7.000000 1.401045
-7.000000 1.471045
-7.000000 1.541045
-7.000000 1.611045
-7.000000 1.681045
-7.000000 1.751045
-7.000000 1.821045
-7.000000 1.891045
-7.000000 1.961045
-7.000000 2.031045
-7.000000 2.101045
-7.000000 2.171045
-7.000000 2.241045
-7.000000 2.311045
-7.000000 2.381045
-7.000000 2.451045
-7.000000 2.521045
-7.000000 2.591045
-7.000000 2.661045
-7.000000 2.731045
-7.000000 2.801045
-7.000000 2.871045
-7.000000 2.941045
-7.000000 3.011045
-7.000000 3.081045
-7.000000 3.151045
-7.000000 3.221045
-7.000000 3.291045
-7.000000 3.361045
-7.000000 3.431045
-7.000000 3.501045
-7.000000 3.571045
-7.000000 3.641045
-7.000000 3.711045
-7.000000 3.781045
-7.000000 3.851045
-7.000000 3.921045
-7.000000 3.991045
-7.000000 4.061045
-7.000000 4.131045
-7.000000 4.201045
-7.000000 4.271045
-7.000000 4.341045
-7.000000 4.411045
-7.000000 4.481045
9.854492 42.551262
9.641467 41.674051
9.442257 40.815383
9.255816 39.974062
9.081195 39.148982
8.917529 38.339118
8.764030 37.543521
8.619979 36.761309
8.484719 35.991662
8.357648 35.233814
8.238217 34.487056
8.125920 33.750721
8.020292 33.024190
7.920908 32.306881
7.827375 31.598251
7.739332 30.897789
7.656446 30.205017
7.578409 29.519484
7.504938 28.840766
7.435770 28.168466
7.370663 27.502206
7.309392 26.841631
7.251750 26.186406
7.197545 25.536213
7.146599 24.890751
7.098746 24.249733
7.053833 23.612888
7.011718 22.979959
6.972271 22.350699
6.935368 21.724874
6.900897 21.102260
6.868753 20.482643
6.838839 19.865817
6.811065 19.251587
6.785349 18.639764
6.761613 18.030165
6.739788 17.422616
6.719807 16.816948
6.701611 16.212997
6.685145 15.610606
6.670359 15.009621
6.657208 14.409893
6.645649 13.811276
6.635647 13.213629
6.627166 12.616814
6.620178 12.020694
6.614657 11.425138
6.610580 10.830013
6.607927 10.235190
6.606683 9.640543
6.606836 9.045946
6.608374 8.451271
6.611293 7.856397
6.615589 7.261197
6.621260 6.665550
6.628311 6.069329
6.636746 5.472412
6.646575 4.874673
6.657808 4.275986
6.670462 3.676225
6.684553 3.075260
5.000000 -10.004381
5.000000 -10.009381
5.000000 -10.014381
5.000000 -10.019381
5.000000 -10.024381
5.000000 -10.029381
5.000000 -10.034381
5.000000 -10.039381
5.000000 -10.044381
5.000000 -10.049381
5.000000 -10.054381
5.000000 -10.059381
5.000000 -10.064381
5.000000 -10.069381
5.000000 -10.074381
5.000000 -10.079381
5.000000 -10.084381
5.000000 -10.089381
5.000000 -10.094381
5.000000 -10.099381
5.000000 -10.104381
5.000000 -10.109381
5.000000 -10.114381
5.000000 -10.119381
5.000000 -10.124381
5.000000 -10.129381
5.000000 -10.134381
5.000000 -10.139381
5.000000 -10.144381
5.000000 -10.149381
5.000000 -10.154381
5.000000 -10.159381
5.000000 -10.164381
5.000000 -10.169381
5.000000 -10.174381
5.000000 -10.179381
5.000000 -10.184381
5.000000 -10.189381
5.000000 -10.194381
5.000000 -10.199381
5.000000 -10.204381
5.000000 -10.209381
5.000000 -10.214381
5.000000 -10.219381
5.000000 -10.224381
5.000000 -10.229381
5.000000 -10.234381
5.000000 -10.239381
5.000000 -10.244381
5.000000 -10.249381
5.000000 -10.254381
5.000000 -10.259381
5.000000 -10.264381
5.000000 -10.269381
5.000000 -10.274381
5.000000 -10.279381
5.000000 -10.284381
5.000000 -10.289381
5.000000 -10.294381
