1.000000 12.000000
1.049575 11.907763
1.098302 11.811102
1.146182 11.710094
1.193219 11.604814
1.239415 11.495340
1.284775 11.381745
1.329304 11.264105
1.373006 11.142495
1.415887 11.016989
1.457953 10.887660
1.499210 10.754581
1.539666 10.617826
1.579327 10.477465
1.618200 10.333571
1.656294 10.186213
1.693615 10.035461
1.730172 9.881385
1.765974 9.724053
1.801028 9.563532
1.835343 9.399890
1.868927 9.233192
1.901790 9.063505
1.933940 8.890892
1.965385 8.715417
1.996135 8.537143
2.026197 8.356133
2.055582 8.172448
2.084297 7.986148
2.112352 7.797294
2.139754 7.605945
2.166513 7.412158
2.192636 7.215991
2.218133 7.017502
2.243011 6.816746
2.267279 6.613778
2.290944 6.408654
2.314014 6.201426
2.336498 5.992149
2.358402 5.780874
2.379735 5.567654
2.400503 5.352539
2.420713 5.135580
2.440373 4.916827
2.459489 4.696329
2.478067 4.474135
2.496114 4.250293
2.513637 4.024850
2.530640 3.797854
2.547130 3.569351
2.563113 3.339386
2.578593 3.108005
5.000000 -10.002679
5.000000 -10.007679
5.000000 -10.012679
5.000000 -10.017679
5.000000 -10.022679
5.000000 -10.027679
5.000000 -10.032679
5.000000 -10.037679
5.000000 -10.042679
5.000000 -10.047679
5.000000 -10.052679
5.000000 -10.057679
5.000000 -10.062679
5.000000 -10.067679
5.000000 -10.072679
5.000000 -10.077679
5.000000 -10.082679
5.000000 -10.087679
5.000000 -10.092679
5.000000 -10.097679
5.000000 -10.102679
5.000000 -10.107679
5.000000 -10.112679
5.000000 -10.117679
5.000000 -10.122679
5.000000 -10.127679
5.000000 -10.132679
5.000000 -10.137679
5.000000 -10.142679
5.000000 -10.147679
5.000000 -10.152679
5.000000 -10.157679
5.000000 -10.162679
5.000000 -10.167679
5.000000 -10.172679
5.000000 -10.177679
5.000000 -10.182679
5.000000 -10.187679
5.000000 -10.192679
5.000000 -10.197679
5.000000 -10.202679
5.000000 -10.207679
5.000000 -10.212679
5.000000 -10.217679
5.000000 -10.222679
5.000000 -10.227679
5.000000 -10.232679
5.000000 -10.237679
5.000000 -10.242679
5.000000 -10.247679
5.000000 -10.252679
-7.000000 -2.519909
-7.000000 -2.449909
-7.000000 -2.379909
-7.000000 -2.309909
-7.000000 -2.239909
-7.000000 -2.169909
-7.000000 -2.099909
-7.000000 -2.029909
-7.000000 -1.959909
-7.000000 -1.889909
-7.000000 -1.819909
-7.000000 -1.749909
-7.000000 -1.679909
-7.000000 -1.609909
-7.000000 -1.539909
-7.000000 -1.469909
-7.000000 -1.399909
-7.000000 -1.329909
-7.000000 -1.259909
-7.000000 -1.189909
-7.000000 -1.119909
-7.000000 -1.049909
-7.000000 -0.979909
-7.000000 -0.909909
-7.000000 -0.839909
-7.000000 -0.769909
-7.000000 -0.699909
-7.000000 -0.629909
-7.000000 -0.559909
-7.000000 -0.489909
-7.000000 -0.419909
-7.000000 -0.349909
-7.000000 -0.279909
-7.000000 -0.209909
-7.000000 -0.139909
-7.000000 -0.069909
-7.000000 0.000161
-7.000000 0.070161
-7.000000 0.140161
-7.000000 0.210161
-7.000000 0.280161
-7.000000 0.350161
-7.000000 0.420161
-7.000000 0.490161
-7.000000 0.560161
-7.000000 0.630161
-7.000000 0.700161
-7.000000 0.770161
-7.000000 0.840161
-7.000000 0.910161
-7.000000 0.980161
-7.000000 1.050161
-7.000000 1.120161
-7.000000 1.190161
-7.000000 1.260161
-7.000000 1.330161
-7.000000 1.400161
-7.000000 1.470161
-7.000000 1.540161
-7.000000 1.610161
-7.000000 1.680161
-7.000000 1.750161
-7.000000 1.820161
-7.000000 1.890161
-7.000000 1.960161
-7.000000 2.030161
-7.000000 2.100161
-7.000000 2.170161
-7.000000 2.240161
-7.000000 2.310161
-7.000000 2.380161
-7.000000 2.450161
-7.000000 2.520161
3.284400 25.826553
3.329461 25.528917
3.373023 25.227295
3.415147 24.921816
3.455891 24.612610
3.495312 24.299796
3.533463 23.983492
3.570398 23.663809
3.606167 23.340855
3.640817 23.014732
3.674396 22.685540
3.706948 22.353372
3.738517 22.018319
3.769145 21.680467
3.798870 21.339900
3.827732 20.996696
3.855768 20.650933
3.883013 20.302682
3.909502 19.952013
3.935269 19.598993
3.960344 19.243685
3.984759 18.886151
4.008543 18.526448
4.031725 18.164631
4.054332 17.800755
4.076392 17.434868
4.097929 17.067020
4.118969 16.697256
4.139535 16.325619
4.159651 15.952153
4.179338 15.576895
4.198620 15.199884
4.217516 14.821155
4.236047 14.440742
4.254233 14.058677
4.272093 13.674990
4.289646 13.289710
4.306909 12.902862
4.323901 12.514474
4.340638 12.124568
4.357138 11.733166
4.373416 11.340290
4.389489 10.945958
4.405373 10.550187
4.421082 10.152996
4.436632 9.754398
4.452038 9.354406
4.467314 8.953035
4.482475 8.550293
4.497535 8.146192
4.512508 7.740740
4.527408 7.333943
4.542248 6.925808
4.557044 6.516340
4.571807 6.105541
4.586553 5.693415
4.601294 5.279962
4.616044 4.865182
4.630817 4.449073
4.645627 4.031633
4.660488 3.612859
4.675414 3.192744
5.000000 -10.002716
5.000000 -10.007716
5.000000 -10.012716
5.000000 -10.017716
5.000000 -10.022716
5.000000 -10.027716
5.000000 -10.032716
5.000000 -10.037716
5.000000 -10.042716
5.000000 -10.047716
5.000000 -10.052716
5.000000 -10.057716
5.000000 -10.062716
5.000000 -10.067716
5.000000 -10.072716
5.000000 -10.077716
5.000000 -10.082716
5.000000 -10.087716
5.000000 -10.092716
5.000000 -10.097716
5.000000 -10.102716
5.000000 -10.107716
5.000000 -10.112716
5.000000 -10.117716
5.000000 -10.122716
5.000000 -10.127716
5.000000 -10.132716
5.000000 -10.137716
5.000000 -10.142716
5.000000 -10.147716
5.000000 -10.152716
5.000000 -10.157716
5.000000 -10.162716
5.000000 -10.167716
5.000000 -10.172716
5.000000 -10.177716
5.000000 -10.182716
5.000000 -10.187716
5.000000 -10.192716
5.000000 -10.197716
5.000000 -10.202716
5.000000 -10.207716
5.000000 -10.212716
5.000000 -10.217716
5.000000 -10.222716
5.000000 -10.227716
5.000000 -10.232716
5.000000 -10.237716
5.000000 -10.242716
5.000000 -10.247716
5.000000 -10.252716
5.000000 -10.257716
5.000000 -10.262716
5.000000 -10.267716
5.000000 -10.272716
5.000000 -10.277716
5.000000 -10.282716
5.000000 -10.287716
5.000000 -10.292716
5.000000 -10.297716
5.000000 -10.302716
5.000000 -10.307716
5.000000 -10.312716
5.000000 -10.317716
5.000000 -10.322716
5.000000 -10.327716
5.000000 -10.332716
5.000000 -10.337716
5.000000 -10.342716
5.000000 -10.347716
5.000000 -10.352716
5.000000 -10.357716
5.000000 -10.362716
5.000000 -10.367716
5.000000 -10.372716
5.000000 -10.377716
5.000000 -10.382716
5.000000 -10.387716
5.000000 -10.392716
5.000000 -10.397716
5.000000 -10.402716
5.000000 -10.407716
5.000000 -10.412716
5.000000 -10.417716
5.000000 -10.422716
5.000000 -10.427716
5.000000 -10.432716
5.000000 -10.437716
5.000000 -10.442716
5.000000 -10.447716
5.000000 -10.452716
5.000000 -10.457716
-7.000000 -4.508174
-7.000000 -4.438174
-7.000000 -4.368174
-7.000000 -4.298174
-7.000000 -4.228174
-7.000000 -4.158174
-7.000000 -4.088174
-7.000000 -4.018174
-7.000000 -3.948174
-7.000000 -3.878174
-7.000000 -3.808174
-7.000000 -3.738174
-7.000000 -3.668174
-7.000000 -3.598174
-7.000000 -3.528174
-7.000000 -3.458174
-7.000000 -3.388174
-7.000000 -3.318174
-7.000000 -3.248174
-7.000000 -3.178174
-7.000000 -3.108174
-7.000000 -3.038174
-7.000000 -2.968174
-7.000000 -2.898174
-7.000000 -2.828174
-7.000000 -2.758174
-7.000000 -2.688174
-7.000000 -2.618174
-7.000000 -2.548174
-7.000000 -2.478174
-7.000000 -2.408174
-7.000000 -2.338174
-7.000000 -2.268174
-7.000000 -2.198174
-7.000000 -2.128174
-7.000000 -2.058174
-7.000000 -1.988174
-7.000000 -1.918174
-7.000000 -1.848174
-7.000000 -1.778174
-7.000000 -1.708174
-7.000000 -1.638174
-7.000000 -1.568174
-7.000000 -1.498174
-7.000000 -1.428174
-7.000000 -1.358174
-7.000000 -1.288174
-7.000000 -1.218174
-7.000000 -1.148174
-7.000000 -1.078174
-7.000000 -1.008174
-7.000000 -0.938174
-7.000000 -0.868174
-7.000000 -0.798174
-7.000000 -0.728174
-7.000000 -0.658174
-7.000000 -0.588174
-7.000000 -0.518174
-7.000000 -0.448174
-7.000000 -0.378174
-7.000000 -0.308174
-7.000000 -0.238174
-7.000000 -0.168174
-7.000000 -0.098174
-7.000000 -0.028174
-7.000000 0.041896
-7.000000 0.111896
-7.000000 0.181896
-7.000000 0.251896
-7.000000 0.321896
-7.000000 0.391896
-7.000000 0.461896
-7.000000 0.531896
-7.000000 0.601896
-7.000000 0.671896
-7.000000 0.741896
-7.000000 0.811896
-7.000000 0.881896
-7.000000 0.951896
-7.000000 1.021896
-7.000000 1.091896
-7.000000 1.161896
-7.000000 1.231896
-7.000000 1.301896
-7.000000 1.371896
-7.000000 1.441896
-7.000000 1.511896
-7.000000 1.581896
-7.000000 1.651896
-7.000000 1.721896
-7.000000 1.791896
-7.000000 1.861896
-7.000000 1.931896
-7.000000 2.001896
-7.000000 2.071896
-7.000000 2.141896
-7.000000 2.211896
-7.000000 2.281896
-7.000000 2.351896
-7.000000 2.421896
-7.000000 2.491896
-7.000000 2.561896
-7.000000 2.631896
-7.000000 2.701896
-7.000000 2.771896
-7.000000 2.841896
-7.000000 2.911896
-7.000000 2.981896
-7.000000 3.051896
-7.000000 3.121896
-7.000000 3.191896
-7.000000 3.261896
-7.000000 3.331896
-7.000000 3.401896
-7.000000 3.471896
-7.000000 3.541896
-7.000000 3.611896
-7.000000 3.681896
-7.000000 3.751896
-7.000000 3.821896
-7.000000 3.891896
-7.000000 3.961896
-7.000000 4.031896
-7.000000 4.101896
-7.000000 4.171896
-7.000000 4.241896
-7.000000 4.311896
-7.000000 4.381896
-7.000000 4.451896
-7.000000 4.521896
10.426514 44.010768
10.180115 43.083598
9.950110 42.177856
9.735211 41.292125
9.534258 40.425100
9.346193 39.575572
9.170059 38.742427
9.004984 37.924630
8.850173 37.121222
8.704902 36.331313
8.568507 35.554073
8.440383 34.788733
8.319975 34.034573
8.206773 33.290922
8.100311 32.557152
8.000158 31.832676
7.905920 31.116946
7.817233 30.409444
7.733761 29.709688
7.655195 29.017220
7.581248 28.331614
7.511659 27.652465
7.446182 26.979392
7.384592 26.312036
7.326680 25.650055
7.272253 24.993129
7.221133 24.340950
7.173152 23.693230
7.128159 23.049693
7.086009 22.410077
7.046573 21.774130
7.009726 21.141616
6.975358 20.512305
6.943361 19.885980
6.913641 19.262432
6.886107 18.641459
6.860676 18.022870
6.837273 17.406477
6.815827 16.792102
6.796275 16.179571
6.778555 15.568717
6.762616 14.959378
6.748408 14.351395
6.735885 13.744614
6.725009 13.138886
6.715743 12.534064
6.708054 11.930005
6.701916 11.326568
6.697304 10.723614
6.694196 10.121008
6.692577 9.518614
6.692431 8.916300
6.693749 8.313933
6.696524 7.711381
6.700751 7.108515
6.706431 6.505202
6.713566 5.901313
6.722162 5.296717
6.732228 4.691280
6.743777 4.084871
6.756825 3.477355
5.000000 -10.001085
5.000000 -10.006085
5.000000 -10.011085
5.000000 -10.016085
5.000000 -10.021085
5.000000 -10.026085
5.000000 -10.031085
5.000000 -10.036085
5.000000 -10.041085
5.000000 -10.046085
5.000000 -10.051085
5.000000 -10.056085
5.000000 -10.061085
5.000000 -10.066085
5.000000 -10.071085
5.000000 -10.076085
5.000000 -10.081085
5.000000 -10.086085
5.000000 -10.091085
5.000000 -10.096085
5.000000 -10.101085
5.000000 -10.106085
5.000000 -10.111085
5.000000 -10.116085
5.000000 -10.121085
5.000000 -10.126085
5.000000 -10.131085
5.000000 -10.136085
5.000000 -10.141085
5.000000 -10.146085
5.000000 -10.151085
5.000000 -10.156085
5.000000 -10.161085
5.000000 -10.166085
5.000000 -10.171085
5.000000 -10.176085
5.000000 -10.181085
5.000000 -10.186085
5.000000 -10.191085
5.000000 -10.196085
5.000000 -10.201085
5.000000 -10.206085
5.000000 -10.211085
5.000000 -10.216085
5.000000 -10.221085
5.000000 -10.226085
5.000000 -10.231085
5.000000 -10.236085
5.000000 -10.241085
5.000000 -10.246085
5.000000 -10.251085
5.000000 -10.256085
5.000000 -10.261085
5.000000 -10.266085
5.000000 -10.271085
5.000000 -10.276085
5.000000 -10.281085
5.000000 -10.286085
5.000000 -10.291085
5.000000 -10.296085
5.000000 -10.301085
5.000000 -10.306085
5.000000 -10.311085
5.000000 -10.316085
5.000000 -10.321085
5.000000 -10.326085
5.000000 -10.331085
5.000000 -10.336085
5.000000 -10.341085
5.000000 -10.346085
5.000000 -10.351085
5.000000 -10.356085
5.000000 -10.361085
5.000000 -10.366085
5.000000 -10.371085
5.000000 -10.376085
5.000000 -10.381085
5.000000 -10.386085
5.000000 -10.391085
5.000000 -10.396085
5.000000 -10.401085
5.000000 -10.406085
5.000000 -10.411085
5.000000 -10.416085
5.000000 -10.421085
5.000000 -10.426085
5.000000 -10.431085
5.000000 -10.436085
5.000000 -10.441085
5.000000 -10.446085
5.000000 -10.451085
5.000000 -10.456085
5.000000 -10.461085
5.000000 -10.466085
5.000000 -10.471085
5.000000 -10.476085
5.000000 -10.481085
5.000000 -10.486085
5.000000 -10.491085
5.000000 -10.496085
5.000000 -10.501085
5.000000 -10.506085
5.000000 -10.511085
5.000000 -10.516085
5.000000 -10.521085
5.000000 -10.526085
5.000000 -10.531085
5.000000 -10.536085
5.000000 -10.541085
5.000000 -10.546085
5.000000 -10.551085
5.000000 -10.556085
5.000000 -10.561085
5.000000 -10.566085
5.000000 -10.571085
5.000000 -10.576085
5.000000 -10.581085
5.000000 -10.586085
5.000000 -10.591085
5.000000 -10.596085
5.000000 -10.601085
5.000000 -10.606085
5.000000 -10.611085
5.000000 -10.616085
5.000000 -10.621085
5.000000 -10.626085
5.000000 -10.631085
5.000000 -10.636085
5.000000 -10.641085
5.000000 -10.646085
5.000000 -10.651085
-7.000000 -6.543169
-7.000000 -6.473169
-7.000000 -6.403169
-7.000000 -6.333169
-7.000000 -6.263169
-7.000000 -6.193169
-7.000000 -6.123169
-7.000000 -6.053169
-7.000000 -5.983169
-7.000000 -5.913169
-7.000000 -5.843169
-7.000000 -5.773169
-7.000000 -5.703169
-7.000000 -5.633169
-7.000000 -5.563169
-7.000000 -5.493169
-7.000000 -5.423169
-7.000000 -5.353169
-7.000000 -5.283169
-7.000000 -5.213169
-7.000000 -5.143169
-7.000000 -5.073169
-7.000000 -5.003169
-7.000000 -4.933169
-7.000000 -4.863169
-7.000000 -4.793169
-7.000000 -4.723169
-7.000000 -4.653169
-7.000000 -4.583169
-7.000000 -4.513169
-7.000000 -4.443169
-7.000000 -4.373169
-7.000000 -4.303169
-7.000000 -4.233169
-7.000000 -4.163169
-7.000000 -4.093169
-7.000000 -4.023169
-7.000000 -3.953169
-7.000000 -3.883169
-7.000000 -3.813169
-7.000000 -3.743169
-7.000000 -3.673169
-7.000000 -3.603169
-7.000000 -3.533169
-7.000000 -3.463169
-7.000000 -3.393169
-7.000000 -3.323169
-7.000000 -3.253169
-7.000000 -3.183169
-7.000000 -3.113169
-7.000000 -3.043169
-7.000000 -2.973169
-7.000000 -2.903169
-7.000000 -2.833169
-7.000000 -2.763169
-7.000000 -2.693169
-7.000000 -2.623169
-7.000000 -2.553169
-7.000000 -2.483169
-7.000000 -2.413169
-7.000000 -2.343169
-7.000000 -2.273169
-7.000000 -2.203169
-7.000000 -2.133169
-7.000000 -2.063169
-7.000000 -1.993169
-7.000000 -1.923169
-7.000000 -1.853169
-7.000000 -1.783169
-7.000000 -1.713169
-7.000000 -1.643169
-7.000000 -1.573169
-7.000000 -1.503169
-7.000000 -1.433169
-7.000000 -1.363169
-7.000000 -1.293169
-7.000000 -1.223169
-7.000000 -1.153169
-7.000000 -1.083169
-7.000000 -1.013169
-7.000000 -0.943169
-7.000000 -0.873169
-7.000000 -0.803169
-7.000000 -0.733169
-7.000000 -0.663169
-7.000000 -0.593169
-7.000000 -0.523169
-7.000000 -0.453169
-7.000000 -0.383169
-7.000000 -0.313169
-7.000000 -0.243169
-7.000000 -0.173169
-7.000000 -0.103169
-7.000000 -0.033169
-7.000000 0.036901
-7.000000 0.106901
-7.000000 0.176901
-7.000000 0.246901
-7.000000 0.316901
-7.000000 0.386901
-7.000000 0.456901
-7.000000 0.526901
-7.000000 0.596901
-7.000000 0.666901
-7.000000 0.736901
-7.000000 0.806901
-7.000000 0.876901
-7.000000 0.946901
-7.000000 1.016901
-7.000000 1.086901
-7.000000 1.156901
-7.000000 1.226901
-7.000000 1.296901
-7.000000 1.366901
-7.000000 1.436901
-7.000000 1.506901
-7.000000 1.576901
-7.000000 1.646901
-7.000000 1.716901
-7.000000 1.786901
-7.000000 1.856901
-7.000000 1.926901
-7.000000 1.996901
-7.000000 2.066901
-7.000000 2.136901
-7.000000 2.206901
-7.000000 2.276901
-7.000000 2.346901
-7.000000 2.416901
-7.000000 2.486901
-7.000000 2.556901
-7.000000 2.626901
-7.000000 2.696901
-7.000000 2.766901
-7.000000 2.836901
-7.000000 2.906901
-7.000000 2.976901
-7.000000 3.046901
-7.000000 3.116901
-7.000000 3.186901
-7.000000 3.256901
-7.000000 3.326901
-7.000000 3.396901
-7.000000 3.466901
-7.000000 3.536901
-7.000000 3.606901
-7.000000 3.676901
-7.000000 3.746901
-7.000000 3.816901
-7.000000 3.886901
-7.000000 3.956901
-7.000000 4.026901
-7.000000 4.096901
-7.000000 4.166901
-7.000000 4.236901
-7.000000 4.306901
-7.000000 4.376901
-7.000000 4.446901
-7.000000 4.516901
-7.000000 4.586901
-7.000000 4.656901
-7.000000 4.726901
-7.000000 4.796901
-7.000000 4.866901
-7.000000 4.936901
-7.000000 5.006901
-7.000000 5.076901
-7.000000 5.146901
-7.000000 5.216901
-7.000000 5.286901
-7.000000 5.356901
-7.000000 5.426901
-7.000000 5.496901
-7.000000 5.566901
-7.000000 5.636901
-7.000000 5.706901
-7.000000 5.776901
-7.000000 5.846901
-7.000000 5.916901
-7.000000 5.986901
-7.000000 6.056901
-7.000000 6.126901
-7.000000 6.196901
-7.000000 6.266901
-7.000000 6.336901
-7.000000 6.406901
-7.000000 6.476901
-7.000000 6.546901
20.526080 60.275361
19.567704 58.471824
18.695255 56.750598
17.899187 55.104388
17.171233 53.526702
16.504209 52.011739
15.891844 50.554305
15.328650 49.149733
14.809806 47.793818
14.331064 46.482765
13.888671 45.213137
13.479298 43.981814
13.099991 42.785961
12.748117 41.622993
12.421324 40.490548
12.117510 39.386466
11.834786 38.308764
11.571458 37.255622
11.325998 36.225366
11.097030 35.216448
10.883309 34.227443
10.683708 33.257029
10.497206 32.303983
10.322875 31.367167
10.159874 30.445525
10.007435 29.538073
9.864859 28.643891
9.731508 27.762121
9.606800 26.891960
9.490202 26.032654
9.381228 25.183495
9.279432 24.343818
9.184406 23.512994
9.095777 22.690433
9.013202 21.875573
8.936367 21.067884
8.864986 20.266863
8.798795 19.472031
8.737554 18.682932
8.681043 17.899130
8.629059 17.120208
8.581422 16.345769
8.537963 15.575427
8.498531 14.808814
8.462991 14.045575
8.431218 13.285363
8.403103 12.527846
8.378547 11.772698
8.357464 11.019603
8.339778 10.268252
8.325425 9.518343
8.314350 8.769578
8.306507 8.021663
8.301862 7.274310
8.300388 6.527233
8.302069 5.780146
8.306897 5.032766
8.314874 4.284810
8.326010 3.535994
5.000000 -10.001434
5.000000 -10.006434
5.000000 -10.011434
5.000000 -10.016434
5.000000 -10.021434
5.000000 -10.026434
5.000000 -10.031434
5.000000 -10.036434
5.000000 -10.041434
5.000000 -10.046434
5.000000 -10.051434
5.000000 -10.056434
5.000000 -10.061434
5.000000 -10.066434
5.000000 -10.071434
5.000000 -10.076434
5.000000 -10.081434
5.000000 -10.086434
5.000000 -10.091434
5.000000 -10.096434
5.000000 -10.101434
5.000000 -10.106434
5.000000 -10.111434
5.000000 -10.116434
5.000000 -10.121434
5.000000 -10.126434
5.000000 -10.131434
5.000000 -10.136434
5.000000 -10.141434
5.000000 -10.146434
5.000000 -10.151434
5.000000 -10.156434
5.000000 -10.161434
5.000000 -10.166434
5.000000 -10.171434
5.000000 -10.176434
5.000000 -10.181434
5.000000 -10.186434
5.000000 -10.191434
5.000000 -10.196434
5.000000 -10.201434
5.000000 -10.206434
5.000000 -10.211434
5.000000 -10.216434
5.000000 -10.221434
5.000000 -10.226434
5.000000 -10.231434
5.000000 -10.236434
5.000000 -10.241434
5.000000 -10.246434
5.000000 -10.251434
5.000000 -10.256434
5.000000 -10.261434
5.000000 -10.266434
5.000000 -10.271434
5.000000 -10.276434
5.000000 -10.281434
5.000000 -10.286434
5.000000 -10.291434
5.000000 -10.296434
5.000000 -10.301434
5.000000 -10.306434
5.000000 -10.311434
5.000000 -10.316434
5.000000 -10.321434
5.000000 -10.326434
5.000000 -10.331434
5.000000 -10.336434
5.000000 -10.341434
5.000000 -10.346434
5.000000 -10.351434
5.000000 -10.356434
5.000000 -10.361434
5.000000 -10.366434
5.000000 -10.371434
5.000000 -10.376434
5.000000 -10.381434
5.000000 -10.386434
5.000000 -10.391434
5.000000 -10.396434
5.000000 -10.401434
5.000000 -10.406434
5.000000 -10.411434
5.000000 -10.416434
5.000000 -10.421434
5.000000 -10.426434
5.000000 -10.431434
5.000000 -10.436434
5.000000 -10.441434
5.000000 -10.446434
5.000000 -10.451434
5.000000 -10.456434
5.000000 -10.461434
5.000000 -10.466434
5.000000 -10.471434
5.000000 -10.476434
5.000000 -10.481434
5.000000 -10.486434
5.000000 -10.491434
5.000000 -10.496434
5.000000 -10.501434
5.000000 -10.506434
5.000000 -10.100000
5.000000 -10.105000
5.000000 -10.110000
5.000000 -10.115000
5.000000 -10.120000
5.000000 -10.125000
5.000000 -10.130000
5.000000 -10.135000
5.000000 -10.140000
5.000000 -10.145000
5.000000 -10.150000
5.000000 -10.155000
5.000000 -10.160000
5.000000 -10.165000
5.000000 -10.170000
5.000000 -10.175000
5.000000 -10.180000
5.000000 -10.185000
5.000000 -10.190000
5.000000 -10.195000
5.000000 -10.200000
5.000000 -10.205000
5.000000 -10.210000
5.000000 -10.215000
5.000000 -10.220000
5.000000 -10.225000
5.000000 -10.230000
5.000000 -10.235000
5.000000 -10.240000
5.000000 -10.245000
5.000000 -10.250000
5.000000 -10.255000
5.000000 -10.260000
5.000000 -10.265000
5.000000 -10.270000
5.000000 -10.275000
5.000000 -10.280000
5.000000 -10.285000
5.000000 -10.290000
5.000000 -10.295000
-7.000000 -2.906829
-7.000000 -2.836829
-7.000000 -2.766829
-7.000000 -2.696829
-7.000000 -2.626829
-7.000000 -2.556829
-7.000000 -2.486829
-7.000000 -2.416829
-7.000000 -2.346829
-7.000000 -2.276829
-7.000000 -2.206829
-7.000000 -2.136829
-7.000000 -2.066829
-7.000000 -1.996829
-7.000000 -1.926829
-7.000000 -1.856829
-7.000000 -1.786829
-7.000000 -1.716829
-7.000000 -1.646829
-7.000000 -1.576829
-7.000000 -1.506829
-7.000000 -1.436829
-7.000000 -1.366829
-7.000000 -1.296829
-7.000000 -1.226829
-7.000000 -1.156829
-7.000000 -1.086829
-7.000000 -1.016829
-7.000000 -0.946829
-7.000000 -0.876829
-7.000000 -0.806829
-7.000000 -0.736829
-7.000000 -0.666829
-7.000000 -0.596829
-7.000000 -0.526829
-7.000000 -0.456829
-7.000000 -0.386829
-7.000000 -0.316829
-7.000000 -0.246829
-7.000000 -0.176829
-7.000000 -0.106829
-7.000000 -0.036829
-7.000000 0.033241
-7.000000 0.103241
-7.000000 0.173241
-7.000000 0.243241
-7.000000 0.313241
-7.000000 0.383241
-7.000000 0.453241
-7.000000 0.523241
-7.000000 0.593241
-7.000000 0.663241
-7.000000 0.733241
-7.000000 0.803241
-7.000000 0.873241
-7.000000 0.943241
-7.000000 1.013241
-7.000000 1.083241
-7.000000 1.153241
-7.000000 1.223241
-7.000000 1.293241
-7.000000 1.363241
-7.000000 1.433241
-7.000000 1.503241
-7.000000 1.573241
-7.000000 1.643241
-7.000000 1.713241
-7.000000 1.783241
-7.000000 1.853241
-7.000000 1.923241
-7.000000 1.993241
-7.000000 2.063241
-7.000000 2.133241
-7.000000 2.203241
-7.000000 2.273241
-7.000000 2.343241
-7.000000 2.413241
-7.000000 2.483241
-7.000000 2.553241
-7.000000 2.623241
-7.000000 2.693241
-7.000000 2.763241
-7.000000 2.833241
-7.000000 2.903241
4.388409 29.587189
4.406416 29.191418
4.423866 28.794051
4.440790 28.395138
4.457217 27.994724
4.473175 27.592853
4.488692 27.189566
4.503792 26.784901
4.518499 26.378895
4.532838 25.971582
4.546830 25.562994
4.560497 25.153162
4.573859 24.742114
4.586935 24.329876
4.599744 23.916474
4.612304 23.501930
4.624633 23.086266
4.636747 22.669502
4.648661 22.251658
4.660392 21.832749
4.671953 21.412792
4.683361 20.991802
4.694627 20.569791
4.705766 20.146773
4.716791 19.722757
4.727714 19.297754
4.738548 18.871771
4.749304 18.444817
4.759995 18.016898
4.770632 17.588020
4.781225 17.158186
4.791787 16.727400
4.802328 16.295665
4.812858 15.862982
4.823388 15.429351
4.833929 14.994771
4.844491 14.559243
4.855084 14.122762
4.865718 13.685326
4.876403 13.246931
4.887150 12.807572
4.897969 12.367242
4.908869 11.925935
4.919862 11.483643
4.930957 11.040357
4.942165 10.596067
4.953497 10.150763
4.964963 9.704434
4.976573 9.257066
4.988340 8.808646
5.000273 8.359160
5.012386 7.908591
5.024688 7.456924
5.037193 7.004141
5.049912 6.550223
5.062859 6.095150
5.076045 5.638901
5.089485 5.181455
5.103192 4.722786
5.117181 4.262871
5.131465 3.801685
5.146061 3.339198
5.000000 -10.001347
5.000000 -10.006347
5.000000 -10.011347
5.000000 -10.016347
5.000000 -10.021347
5.000000 -10.026347
5.000000 -10.031347
5.000000 -10.036347
5.000000 -10.041347
5.000000 -10.046347
5.000000 -10.051347
5.000000 -10.056347
5.000000 -10.061347
5.000000 -10.066347
5.000000 -10.071347
5.000000 -10.076347
5.000000 -10.081347
5.000000 -10.086347
5.000000 -10.091347
5.000000 -10.096347
5.000000 -10.101347
5.000000 -10.106347
5.000000 -10.111347
5.000000 -10.116347
5.000000 -10.121347
5.000000 -10.126347
5.000000 -10.131347
5.000000 -10.136347
5.000000 -10.141347
5.000000 -10.146347
5.000000 -10.151347
5.000000 -10.156347
5.000000 -10.161347
5.000000 -10.166347
5.000000 -10.171347
5.000000 -10.176347
5.000000 -10.181347
5.000000 -10.186347
5.000000 -10.191347
5.000000 -10.196347
5.000000 -10.201347
5.000000 -10.206347
5.000000 -10.211347
5.000000 -10.216347
5.000000 -10.221347
5.000000 -10.226347
5.000000 -10.231347
5.000000 -10.236347
5.000000 -10.241347
5.000000 -10.246347
5.000000 -10.251347
5.000000 -10.256347
5.000000 -10.261347
5.000000 -10.266347
5.000000 -10.271347
5.000000 -10.276347
5.000000 -10.281347
5.000000 -10.286347
5.000000 -10.291347
5.000000 -10.296347
5.000000 -10.301347
5.000000 -10.306347
5.000000 -10.311347
5.000000 -10.316347
5.000000 -10.321347
5.000000 -10.326347
5.000000 -10.331347
5.000000 -10.336347
5.000000 -10.341347
5.000000 -10.346347
5.000000 -10.351347
5.000000 -10.356347
5.000000 -10.361347
5.000000 -10.366347
5.000000 -10.371347
5.000000 -10.376347
5.000000 -10.381347
5.000000 -10.386347
5.000000 -10.391347
5.000000 -10.396347
5.000000 -10.401347
5.000000 -10.406347
5.000000 -10.411347
5.000000 -10.416347
5.000000 -10.421347
5.000000 -10.426347
5.000000 -10.431347
5.000000 -10.436347
5.000000 -10.441347
5.000000 -10.446347
5.000000 -10.451347
5.000000 -10.456347
5.000000 -10.461347
5.000000 -10.466347
5.000000 -10.471347
5.000000 -10.476347
5.000000 -10.481347
5.000000 -10.486347
5.000000 -10.491347
5.000000 -10.496347
5.000000 -10.501347
-7.000000 -4.984350
-7.000000 -4.914350
-7.000000 -4.844350
-7.000000 -4.774350
-7.000000 -4.704350
-7.000000 -4.634350
-7.000000 -4.564350
-7.000000 -4.494350
-7.000000 -4.424350
-7.000000 -4.354350
-7.000000 -4.284350
-7.000000 -4.214350
-7.000000 -4.144350
-7.000000 -4.074350
-7.000000 -4.004350
-7.000000 -3.934350
-7.000000 -3.864350
-7.000000 -3.794350
-7.000000 -3.724350
-7.000000 -3.654350
-7.000000 -3.584350
-7.000000 -3.514350
-7.000000 -3.444350
-7.000000 -3.374350
-7.000000 -3.304350
-7.000000 -3.234350
-7.000000 -3.164350
-7.000000 -3.094350
-7.000000 -3.024350
-7.000000 -2.954350
-7.000000 -2.884350
-7.000000 -2.814350
-7.000000 -2.744350
-7.000000 -2.674350
-7.000000 -2.604350
-7.000000 -2.534350
-7.000000 -2.464350
-7.000000 -2.394350
-7.000000 -2.324350
-7.000000 -2.254350
-7.000000 -2.184350
-7.000000 -2.114350
-7.000000 -2.044350
-7.000000 -1.974350
-7.000000 -1.904350
-7.000000 -1.834350
-7.000000 -1.764350
-7.000000 -1.694350
-7.000000 -1.624350
-7.000000 -1.554350
-7.000000 -1.484350
-7.000000 -1.414350
-7.000000 -1.344350
-7.000000 -1.274350
-7.000000 -1.204350
-7.000000 -1.134350
-7.000000 -1.064350
-7.000000 -0.994350
-7.000000 -0.924350
-7.000000 -0.854350
-7.000000 -0.784350
-7.000000 -0.714350
-7.000000 -0.644350
-7.000000 -0.574350
-7.000000 -0.504350
-7.000000 -0.434350
-7.000000 -0.364350
-7.000000 -0.294350
-7.000000 -0.224350
-7.000000 -0.154350
-7.000000 -0.084350
-7.000000 -0.014350
-7.000000 0.055720
-7.000000 0.125720
-7.000000 0.195720
-7.000000 0.265720
-7.000000 0.335720
-7.000000 0.405720
-7.000000 0.475720
-7.000000 0.545720
-7.000000 0.615720
-7.000000 0.685720
-7.000000 0.755720
-7.000000 0.825720
-7.000000 0.895720
-7.000000 0.965720
-7.000000 1.035720
-7.000000 1.105720
-7.000000 1.175720
-7.000000 1.245720
-7.000000 1.315720
-7.000000 1.385720
-7.000000 1.455720
-7.000000 1.525720
-7.000000 1.595720
-7.000000 1.665720
-7.000000 1.735720
-7.000000 1.805720
-7.000000 1.875720
-7.000000 1.945720
-7.000000 2.015720
-7.000000 2.085720
-7.000000 2.155720
-7.000000 2.225720
-7.000000 2.295720
-7.000000 2.365720
-7.000000 2.435720
-7.000000 2.505720
-7.000000 2.575720
-7.000000 2.645720
-7.000000 2.715720
-7.000000 2.785720
-7.000000 2.855720
-7.000000 2.925720
-7.000000 2.995720
-7.000000 3.065720
-7.000000 3.135720
-7.000000 3.205720
-7.000000 3.275720
-7.000000 3.345720
-7.000000 3.415720
-7.000000 3.485720
-7.000000 3.555720
-7.000000 3.625720
-7.000000 3.695720
-7.000000 3.765720
-7.000000 3.835720
-7.000000 3.905720
-7.000000 3.975720
-7.000000 4.045720
-7.000000 4.115720
-7.000000 4.185720
-7.000000 4.255720
-7.000000 4.325720
-7.000000 4.395720
-7.000000 4.465720
-7.000000 4.535720
-7.000000 4.605720
-7.000000 4.675720
-7.000000 4.745720
-7.000000 4.815720
-7.000000 4.885720
-7.000000 4.955720
-7.000000 5.025720
12.299696 47.233560
11.944788 46.142756
11.615182 45.082739
11.308714 44.051329
11.023444 43.046535
10.757627 42.066526
10.509694 41.109625
10.278229 40.174287
10.061952 39.259089
9.859703 38.362715
9.670433 37.483953
9.493185 36.621677
9.327092 35.774845
9.171362 34.942489
9.025273 34.123711
8.888166 33.317671
8.759439 32.523589
8.638537 31.740737
8.524956 30.968433
8.418229 30.206040
8.317931 29.452959
8.223669 28.708631
8.135082 27.972528
8.051836 27.244156
7.973625 26.523047
7.900167 25.808761
7.831200 25.100882
7.766484 24.399017
7.705797 23.702794
7.648932 23.011859
7.595701 22.325877
7.545927 21.644529
7.499449 20.967512
7.456118 20.294534
7.415794 19.625320
7.378352 18.959605
7.343674 18.297134
7.311651 17.637664
7.282184 16.980960
7.255183 16.326797
7.230563 15.674956
7.208248 15.025226
7.188169 14.377404
7.170263 13.731291
7.154472 13.086693
7.140747 12.443424
7.129041 11.801298
7.119315 11.160137
7.111533 10.519763
7.105665 9.880004
7.101687 9.240687
7.099578 8.601644
7.099323 7.962707
7.100909 7.323710
7.104331 6.684488
7.109586 6.044876
7.116675 5.404708
7.125606 4.763819
7.136388 4.122043
7.149038 3.479213
5.000000 -10.001286
5.000000 -10.006286
5.000000 -10.011286
5.000000 -10.016286
5.000000 -10.021286
5.000000 -10.026286
5.000000 -10.031286
5.000000 -10.036286
5.000000 -10.041286
5.000000 -10.046286
5.000000 -10.051286
5.000000 -10.056286
5.000000 -10.061286
5.000000 -10.066286
5.000000 -10.071286
5.000000 -10.076286
5.000000 -10.081286
5.000000 -10.086286
5.000000 -10.091286
5.000000 -10.096286
5.000000 -10.101286
5.000000 -10.106286
5.000000 -10.111286
5.000000 -10.116286
5.000000 -10.121286
5.000000 -10.126286
5.000000 -10.131286
5.000000 -10.136286
5.000000 -10.141286
5.000000 -10.146286
5.000000 -10.151286
5.000000 -10.156286
5.000000 -10.161286
5.000000 -10.166286
5.000000 -10.171286
5.000000 -10.176286
5.000000 -10.181286
5.000000 -10.186286
5.000000 -10.191286
5.000000 -10.196286
5.000000 -10.201286
5.000000 -10.206286
5.000000 -10.211286
5.000000 -10.216286
5.000000 -10.221286
5.000000 -10.226286
5.000000 -10.231286
5.000000 -10.236286
5.000000 -10.241286
5.000000 -10.246286
5.000000 -10.251286
5.000000 -10.256286
5.000000 -10.261286
5.000000 -10.266286
5.000000 -10.271286
5.000000 -10.276286
5.000000 -10.281286
5.000000 -10.286286
5.000000 -10.291286
5.000000 -10.296286
5.000000 -10.301286
5.000000 -10.306286
5.000000 -10.311286
5.000000 -10.316286
5.000000 -10.321286
5.000000 -10.326286
5.000000 -10.331286
5.000000 -10.336286
5.000000 -10.341286
5.000000 -10.346286
5.000000 -10.351286
5.000000 -10.356286
5.000000 -10.361286
5.000000 -10.366286
5.000000 -10.371286
5.000000 -10.376286
5.000000 -10.381286
5.000000 -10.386286
5.000000 -10.391286
5.000000 -10.396286
5.000000 -10.401286
5.000000 -10.406286
5.000000 -10.411286
5.000000 -10.416286
5.000000 -10.421286
5.000000 -10.426286
5.000000 -10.431286
5.000000 -10.436286
5.000000 -10.441286
5.000000 -10.446286
5.000000 -10.451286
5.000000 -10.456286
5.000000 -10.461286
5.000000 -10.466286
5.000000 -10.471286
5.000000 -10.476286
5.000000 -10.481286
5.000000 -10.486286
5.000000 -10.491286
5.000000 -10.496286
5.000000 -10.501286
5.000000 -10.506286
5.000000 -10.511286
5.000000 -10.516286
5.000000 -10.521286
5.000000 -10.526286
5.000000 -10.531286
5.000000 -10.536286
5.000000 -10.541286
5.000000 -10.546286
5.000000 -10.551286
5.000000 -10.556286
5.000000 -10.561286
5.000000 -10.566286
5.000000 -10.571286
5.000000 -10.576286
5.000000 -10.581286
5.000000 -10.586286
5.000000 -10.591286
5.000000 -10.596286
5.000000 -10.601286
5.000000 -10.606286
5.000000 -10.611286
5.000000 -10.616286
5.000000 -10.621286
5.000000 -10.626286
5.000000 -10.631286
5.000000 -10.636286
5.000000 -10.641286
5.000000 -10.646286
5.000000 -10.651286
5.000000 -10.656286
5.000000 -10.661286
5.000000 -10.666286
5.000000 -10.671286
5.000000 -10.676286
5.000000 -10.681286
5.000000 -10.686286
5.000000 -10.691286
-7.000000 -6.860789
-7.000000 -6.790789
-7.000000 -6.720789
-7.000000 -6.650789
-7.000000 -6.580789
-7.000000 -6.510789
-7.000000 -6.440789
-7.000000 -6.370789
-7.000000 -6.300789
-7.000000 -6.230789
-7.000000 -6.160789
-7.000000 -6.090789
-7.000000 -6.020789
-7.000000 -5.950789
-7.000000 -5.880789
-7.000000 -5.810789
-7.000000 -5.740789
-7.000000 -5.670789
-7.000000 -5.600789
-7.000000 -5.530789
-7.000000 -5.460789
-7.000000 -5.390789
-7.000000 -5.320789
-7.000000 -5.250789
-7.000000 -5.180789
-7.000000 -5.110789
-7.000000 -5.040789
-7.000000 -4.970789
-7.000000 -4.900789
-7.000000 -4.830789
-7.000000 -4.760789
-7.000000 -4.690789
-7.000000 -4.620789
-7.000000 -4.550789
-7.000000 -4.480789
-7.000000 -4.410789
-7.000000 -4.340789
-7.000000 -4.270789
-7.000000 -4.200789
-7.000000 -4.130789
-7.000000 -4.060789
-7.000000 -3.990789
-7.000000 -3.920789
-7.000000 -3.850789
-7.000000 -3.780789
-7.000000 -3.710789
-7.000000 -3.640789
-7.000000 -3.570789
-7.000000 -3.500789
-7.000000 -3.430789
-7.000000 -3.360789
-7.000000 -3.290789
-7.000000 -3.220789
-7.000000 -3.150789
-7.000000 -3.080789
-7.000000 -3.010789
-7.000000 -2.940789
-7.000000 -2.870789
-7.000000 -2.800789
-7.000000 -2.730789
-7.000000 -2.660789
-7.000000 -2.590789
-7.000000 -2.520789
-7.000000 -2.450789
-7.000000 -2.380789
-7.000000 -2.310789
-7.000000 -2.240789
-7.000000 -2.170789
-7.000000 -2.100789
-7.000000 -2.030789
-7.000000 -1.960789
-7.000000 -1.890789
-7.000000 -1.820789
-7.000000 -1.750789
-7.000000 -1.680789
-7.000000 -1.610789
-7.000000 -1.540789
-7.000000 -1.470789
-7.000000 -1.400789
-7.000000 -1.330789
-7.000000 -1.260789
-7.000000 -1.190789
-7.000000 -1.120789
-7.000000 -1.050789
-7.000000 -0.980789
-7.000000 -0.910789
-7.000000 -0.840789
-7.000000 -0.770789
-7.000000 -0.700789
-7.000000 -0.630789
-7.000000 -0.560789
-7.000000 -0.490789
-7.000000 -0.420789
-7.000000 -0.350789
-7.000000 -0.280789
-7.000000 -0.210789
-7.000000 -0.140789
-7.000000 -0.070789
-7.000000 -0.000789
-7.000000 0.069281
-7.000000 0.139281
-7.000000 0.209281
-7.000000 0.279281
-7.000000 0.349281
-7.000000 0.419281
-7.000000 0.489281
-7.000000 0.559281
-7.000000 0.629281
-7.000000 0.699281
-7.000000 0.769281
-7.000000 0.839281
-7.000000 0.909281
-7.000000 0.979281
-7.000000 1.049281
-7.000000 1.119281
-7.000000 1.189281
-7.000000 1.259281
-7.000000 1.329281
-7.000000 1.399281
-7.000000 1.469281
-7.000000 1.539281
-7.000000 1.609281
-7.000000 1.679281
-7.000000 1.749281
-7.000000 1.819281
-7.000000 1.889281
-7.000000 1.959281
-7.000000 2.029281
-7.000000 2.099281
-7.000000 2.169281
-7.000000 2.239281
-7.000000 2.309281
-7.000000 2.379281
-7.000000 2.449281
-7.000000 2.519281
-7.000000 2.589281
-7.000000 2.659281
-7.000000 2.729281
-7.000000 2.799281
-7.000000 2.869281
-7.000000 2.939281
-7.000000 3.009281
-7.000000 3.079281
-7.000000 3.149281
-7.000000 3.219281
-7.000000 3.289281
-7.000000 3.359281
-7.000000 3.429281
-7.000000 3.499281
-7.000000 3.569281
-7.000000 3.639281
-7.000000 3.709281
-7.000000 3.779281
-7.000000 3.849281
-7.000000 3.919281
-7.000000 3.989281
-7.000000 4.059281
-7.000000 4.129281
-7.000000 4.199281
-7.000000 4.269281
-7.000000 4.339281
-7.000000 4.409281
-7.000000 4.479281
-7.000000 4.549281
-7.000000 4.619281
-7.000000 4.689281
-7.000000 4.759281
-7.000000 4.829281
-7.000000 4.899281
-7.000000 4.969281
-7.000000 5.039281
-7.000000 5.109281
-7.000000 5.179281
-7.000000 5.249281
-7.000000 5.319281
-7.000000 5.389281
-7.000000 5.459281
-7.000000 5.529281
-7.000000 5.599281
-7.000000 5.669281
-7.000000 5.739281
-7.000000 5.809281
-7.000000 5.879281
-7.000000 5.949281
-7.000000 6.019281
-7.000000 6.089281
-7.000000 6.159281
-7.000000 6.229281
-7.000000 6.299281
-7.000000 6.369281
-7.000000 6.439281
-7.000000 6.509281
-7.000000 6.579281
-7.000000 6.649281
-7.000000 6.719281
-7.000000 6.789281
-7.000000 6.859281
23.780488 65.014429
22.532238 62.931314
21.403786 60.955034
20.380813 59.075470
19.451065 57.283693
18.604004 55.571799
17.830530 53.932766
17.122754 52.360334
16.473810 50.848906
15.877700 49.393464
15.329168 47.989493
14.823592 46.632925
14.356896 45.320081
13.925474 44.047626
13.526129 42.812534
13.156018 41.612046
12.812606 40.443650
12.493628 39.305044
12.197058 38.194125
11.921074 37.108957
11.664040 36.047763
11.424484 35.008905
11.201074 33.990872
10.992609 32.992264
10.798000 32.011786
10.616260 31.048238
10.446493 30.100500
10.287884 29.167534
10.139691 28.248369
10.001240 27.342098
9.871914 26.447872
9.751150 25.564896
9.638435 24.692424
9.533300 23.829751
9.435315 22.976215
9.344089 22.131191
9.259261 21.294087
9.180503 20.464342
9.107516 19.641423
9.040026 18.824824
8.977781 18.014061
8.920554 17.208673
8.868137 16.408218
8.820341 15.612270
8.776995 14.820423
8.737946 14.032282
8.703053 13.247468
8.672194 12.465611
8.645258 11.686355
8.622148 10.909350
8.602780 10.134256
8.587081 9.360740
8.574990 8.588473
8.566459 7.817135
8.561449 7.046405
8.559931 6.275969
8.561889 5.505513
8.567315 4.734725
8.576212 3.963292
8.588595 3.190902
5.000000 -10.003774
5.000000 -10.008774
5.000000 -10.013774
5.000000 -10.018774
5.000000 -10.023774
5.000000 -10.028774
5.000000 -10.033774
5.000000 -10.038774
5.000000 -10.043774
5.000000 -10.048774
5.000000 -10.053774
5.000000 -10.058774
5.000000 -10.063774
5.000000 -10.068774
5.000000 -10.073774
5.000000 -10.078774
5.000000 -10.083774
5.000000 -10.088774
5.000000 -10.093774
5.000000 -10.098774
5.000000 -10.103774
5.000000 -10.108774
5.000000 -10.113774
5.000000 -10.118774
5.000000 -10.123774
5.000000 -10.128774
5.000000 -10.133774
5.000000 -10.138774
5.000000 -10.143774
5.000000 -10.148774
5.000000 -10.153774
5.000000 -10.158774
5.000000 -10.163774
5.000000 -10.168774
5.000000 -10.173774
5.000000 -10.178774
5.000000 -10.183774
5.000000 -10.188774
5.000000 -10.193774
5.000000 -10.198774
5.000000 -10.203774
5.000000 -10.208774
5.000000 -10.213774
5.000000 -10.218774
5.000000 -10.223774
5.000000 -10.228774
5.000000 -10.233774
5.000000 -10.238774
5.000000 -10.243774
5.000000 -10.248774
5.000000 -10.253774
5.000000 -10.258774
5.000000 -10.263774
5.000000 -10.268774
5.000000 -10.273774
5.000000 -10.278774
5.000000 -10.283774
5.000000 -10.288774
5.000000 -10.293774
5.000000 -10.298774
5.000000 -10.303774
5.000000 -10.308774
5.000000 -10.313774
5.000000 -10.318774
5.000000 -10.323774
5.000000 -10.328774
5.000000 -10.333774
5.000000 -10.338774
5.000000 -10.343774
5.000000 -10.348774
5.000000 -10.353774
5.000000 -10.358774
5.000000 -10.363774
5.000000 -10.368774
5.000000 -10.373774
5.000000 -10.378774
5.000000 -10.383774
5.000000 -10.388774
5.000000 -10.393774
5.000000 -10.398774
5.000000 -10.403774
5.000000 -10.408774
5.000000 -10.413774
5.000000 -10.418774
5.000000 -10.423774
5.000000 -10.428774
5.000000 -10.433774
5.000000 -10.438774
5.000000 -10.443774
5.000000 -10.448774
5.000000 -10.453774
5.000000 -10.458774
5.000000 -10.463774
5.000000 -10.468774
5.000000 -10.473774
5.000000 -10.478774
5.000000 -10.483774
5.000000 -10.488774
5.000000 -10.493774
5.000000 -10.498774
5.000000 -10.503774
5.000000 -10.508774
5.000000 -10.513774
5.000000 -10.518774
5.000000 -10.523774
5.000000 -10.528774
5.000000 -10.533774
5.000000 -10.538774
5.000000 -10.543774
5.000000 -10.548774
5.000000 -10.553774
5.000000 -10.558774
5.000000 -10.563774
5.000000 -10.568774
5.000000 -10.100000
5.000000 -10.105000
5.000000 -10.110000
5.000000 -10.115000
5.000000 -10.120000
5.000000 -10.125000
5.000000 -10.130000
5.000000 -10.135000
5.000000 -10.140000
5.000000 -10.145000
-7.000000 -1.485271
-7.000000 -1.415271
-7.000000 -1.345271
-7.000000 -1.275271
-7.000000 -1.205271
-7.000000 -1.135271
-7.000000 -1.065271
-7.000000 -0.995271
-7.000000 -0.925271
-7.000000 -0.855271
-7.000000 -0.785271
-7.000000 -0.715271
-7.000000 -0.645271
-7.000000 -0.575271
-7.000000 -0.505271
-7.000000 -0.435271
-7.000000 -0.365271
-7.000000 -0.295271
-7.000000 -0.225271
-7.000000 -0.155271
-7.000000 -0.085271
-7.000000 -0.015271
-7.000000 0.054799
-7.000000 0.124799
-7.000000 0.194799
-7.000000 0.264799
-7.000000 0.334799
-7.000000 0.404799
-7.000000 0.474799
-7.000000 0.544799
-7.000000 0.614799
-7.000000 0.684799
-7.000000 0.754799
-7.000000 0.824799
-7.000000 0.894799
-7.000000 0.964799
-7.000000 1.034799
-7.000000 1.104799
-7.000000 1.174799
-7.000000 1.244799
-7.000000 1.314799
-7.000000 1.384799
-7.000000 1.454799
1.145053 16.405692
1.209352 16.299734
1.272313 16.188049
1.333950 16.070757
1.394279 15.947977
1.453317 15.819826
1.511081 15.686418
1.567587 15.547869
1.622855 15.404290
1.676902 15.255792
1.729748 15.102484
1.781413 14.944473
1.831915 14.781864
1.881275 14.614762
1.929513 14.443268
1.976648 14.267483
2.022701 14.087504
2.067693 13.903429
2.111642 13.715351
2.154571 13.523364
2.196498 13.327558
2.237443 13.128023
2.277427 12.924847
2.316469 12.718115
2.354588 12.507910
2.391805 12.294316
2.428138 12.077412
2.463605 11.857277
2.498226 11.633989
2.532018 11.407621
2.565001 11.178250
2.597191 10.945945
2.628606 10.710779
2.659263 10.472819
2.689179 10.232133
2.718371 9.988788
2.746854 9.742848
2.774645 9.494375
2.801759 9.243432
2.828212 8.990079
2.854018 8.734373
2.879192 8.476374
2.903747 8.216137
2.927699 7.953718
2.951060 7.689169
2.973844 7.422544
2.996063 7.153894
3.017731 6.883269
3.038859 6.610719
3.059459 6.336291
3.079543 6.060032
3.099122 5.781988
3.118207 5.502205
3.136808 5.220726
3.154937 4.937593
3.172603 4.652851
3.189816 4.366538
3.206585 4.078697
3.222920 3.789366
3.238828 3.498584
3.254320 3.206390
5.000000 -10.001486
5.000000 -10.006486
5.000000 -10.011486
5.000000 -10.016486
5.000000 -10.021486
5.000000 -10.026486
5.000000 -10.031486
5.000000 -10.036486
5.000000 -10.041486
5.000000 -10.046486
5.000000 -10.051486
5.000000 -10.056486
5.000000 -10.061486
5.000000 -10.066486
5.000000 -10.071486
5.000000 -10.076486
5.000000 -10.081486
5.000000 -10.086486
5.000000 -10.091486
5.000000 -10.096486
5.000000 -10.101486
5.000000 -10.106486
5.000000 -10.111486
5.000000 -10.116486
5.000000 -10.121486
5.000000 -10.126486
5.000000 -10.131486
5.000000 -10.136486
5.000000 -10.141486
5.000000 -10.146486
5.000000 -10.151486
5.000000 -10.156486
5.000000 -10.161486
5.000000 -10.166486
5.000000 -10.171486
5.000000 -10.176486
5.000000 -10.181486
5.000000 -10.186486
5.000000 -10.191486
5.000000 -10.196486
5.000000 -10.201486
5.000000 -10.206486
5.000000 -10.211486
5.000000 -10.216486
5.000000 -10.221486
5.000000 -10.226486
5.000000 -10.231486
5.000000 -10.236486
5.000000 -10.241486
5.000000 -10.246486
5.000000 -10.251486
5.000000 -10.256486
5.000000 -10.261486
5.000000 -10.266486
5.000000 -10.271486
5.000000 -10.276486
5.000000 -10.281486
5.000000 -10.286486
5.000000 -10.291486
5.000000 -10.296486
5.000000 -10.301486
5.000000 -10.306486
5.000000 -10.311486
5.000000 -10.316486
-7.000000 -3.211388
-7.000000 -3.141388
-7.000000 -3.071388
-7.000000 -3.001388
-7.000000 -2.931388
-7.000000 -2.861388
-7.000000 -2.791388
-7.000000 -2.721388
-7.000000 -2.651388
-7.000000 -2.581388
-7.000000 -2.511388
-7.000000 -2.441388
-7.000000 -2.371388
-7.000000 -2.301388
-7.000000 -2.231388
-7.000000 -2.161388
-7.000000 -2.091388
-7.000000 -2.021388
-7.000000 -1.951388
-7.000000 -1.881388
-7.000000 -1.811388
-7.000000 -1.741388
-7.000000 -1.671388
-7.000000 -1.601388
-7.000000 -1.531388
-7.000000 -1.461388
-7.000000 -1.391388
-7.000000 -1.321388
-7.000000 -1.251388
-7.000000 -1.181388
-7.000000 -1.111388
-7.000000 -1.041388
-7.000000 -0.971388
-7.000000 -0.901388
-7.000000 -0.831388
-7.000000 -0.761388
-7.000000 -0.691388
-7.000000 -0.621388
-7.000000 -0.551388
-7.000000 -0.481388
-7.000000 -0.411388
-7.000000 -0.341388
-7.000000 -0.271388
-7.000000 -0.201388
-7.000000 -0.131388
-7.000000 -0.061388
-7.000000 0.008682
-7.000000 0.078682
-7.000000 0.148682
-7.000000 0.218682
-7.000000 0.288682
-7.000000 0.358682
-7.000000 0.428682
-7.000000 0.498682
-7.000000 0.568682
-7.000000 0.638682
-7.000000 0.708682
-7.000000 0.778682
-7.000000 0.848682
-7.000000 0.918682
-7.000000 0.988682
-7.000000 1.058682
-7.000000 1.128682
-7.000000 1.198682
-7.000000 1.268682
-7.000000 1.338682
-7.000000 1.408682
-7.000000 1.478682
-7.000000 1.548682
-7.000000 1.618682
-7.000000 1.688682
-7.000000 1.758682
-7.000000 1.828682
-7.000000 1.898682
-7.000000 1.968682
-7.000000 2.038682
-7.000000 2.108682
-7.000000 2.178682
-7.000000 2.248682
-7.000000 2.318682
-7.000000 2.388682
-7.000000 2.458682
-7.000000 2.528682
-7.000000 2.598682
-7.000000 2.668682
-7.000000 2.738682
-7.000000 2.808682
-7.000000 2.878682
-7.000000 2.948682
-7.000000 3.018682
-7.000000 3.088682
-7.000000 3.158682
5.162717 31.823935
5.156759 31.359563
5.151319 30.895703
5.146376 30.432310
5.141909 29.969341
5.137899 29.506753
5.134329 29.044506
5.131181 28.582561
5.128441 28.120881
5.126095 27.659430
5.124128 27.198172
5.122529 26.737076
5.121286 26.276107
5.120390 25.815234
5.119829 25.354426
5.119596 24.893655
5.119682 24.432889
5.120079 23.972103
5.120781 23.511266
5.121781 23.050353
5.123075 22.589337
5.124656 22.128191
5.126521 21.666890
5.128666 21.205409
5.131087 20.743722
5.133781 20.281805
5.136746 19.819633
5.139981 19.357183
5.143483 18.894429
5.147252 18.431348
5.151287 17.967915
5.155589 17.504108
5.160157 17.039901
5.164992 16.575272
5.170096 16.110195
5.175471 15.644646
5.181117 15.178602
5.187038 14.712037
5.193237 14.244927
5.199716 13.777246
5.206480 13.308969
5.213533 12.840071
5.220879 12.370525
5.228524 11.900304
5.236472 11.429381
5.244730 10.957729
5.253304 10.485320
5.262202 10.012125
5.271430 9.538114
5.280996 9.063257
5.290910 8.587524
5.301179 8.110883
5.311814 7.633301
5.322824 7.154745
5.334220 6.675181
5.346015 6.194574
5.358219 5.712886
5.370845 5.230082
5.383908 4.746121
5.397420 4.260965
5.411398 3.774572
5.425857 3.286899
5.000000 -10.002070
5.000000 -10.007070
5.000000 -10.012070
5.000000 -10.017070
5.000000 -10.022070
5.000000 -10.027070
5.000000 -10.032070
5.000000 -10.037070
5.000000 -10.042070
5.000000 -10.047070
5.000000 -10.052070
5.000000 -10.057070
5.000000 -10.062070
5.000000 -10.067070
5.000000 -10.072070
5.000000 -10.077070
5.000000 -10.082070
5.000000 -10.087070
5.000000 -10.092070
5.000000 -10.097070
5.000000 -10.102070
5.000000 -10.107070
5.000000 -10.112070
5.000000 -10.117070
5.000000 -10.122070
5.000000 -10.127070
5.000000 -10.132070
5.000000 -10.137070
5.000000 -10.142070
5.000000 -10.147070
5.000000 -10.152070
5.000000 -10.157070
5.000000 -10.162070
5.000000 -10.167070
5.000000 -10.172070
5.000000 -10.177070
5.000000 -10.182070
5.000000 -10.187070
5.000000 -10.192070
5.000000 -10.197070
5.000000 -10.202070
5.000000 -10.207070
5.000000 -10.212070
5.000000 -10.217070
5.000000 -10.222070
5.000000 -10.227070
5.000000 -10.232070
5.000000 -10.237070
5.000000 -10.242070
5.000000 -10.247070
5.000000 -10.252070
5.000000 -10.257070
5.000000 -10.262070
5.000000 -10.267070
5.000000 -10.272070
5.000000 -10.277070
5.000000 -10.282070
5.000000 -10.287070
5.000000 -10.292070
5.000000 -10.297070
5.000000 -10.302070
5.000000 -10.307070
5.000000 -10.312070
5.000000 -10.317070
5.000000 -10.322070
5.000000 -10.327070
5.000000 -10.332070
5.000000 -10.337070
5.000000 -10.342070
5.000000 -10.347070
5.000000 -10.352070
5.000000 -10.357070
5.000000 -10.362070
5.000000 -10.367070
5.000000 -10.372070
5.000000 -10.377070
5.000000 -10.382070
5.000000 -10.387070
5.000000 -10.392070
5.000000 -10.397070
5.000000 -10.402070
5.000000 -10.407070
5.000000 -10.412070
5.000000 -10.417070
5.000000 -10.422070
5.000000 -10.427070
5.000000 -10.432070
5.000000 -10.437070
5.000000 -10.442070
5.000000 -10.447070
5.000000 -10.452070
5.000000 -10.457070
5.000000 -10.462070
5.000000 -10.467070
5.000000 -10.472070
5.000000 -10.477070
5.000000 -10.482070
5.000000 -10.487070
5.000000 -10.492070
5.000000 -10.497070
5.000000 -10.502070
5.000000 -10.507070
5.000000 -10.512070
5.000000 -10.517070
5.000000 -10.522070
5.000000 -10.527070
-7.000000 -5.257836
-7.000000 -5.187836
-7.000000 -5.117836
-7.000000 -5.047836
-7.000000 -4.977836
-7.000000 -4.907836
-7.000000 -4.837836
-7.000000 -4.767836
-7.000000 -4.697836
-7.000000 -4.627836
-7.000000 -4.557836
-7.000000 -4.487836
-7.000000 -4.417836
-7.000000 -4.347836
-7.000000 -4.277836
-7.000000 -4.207836
-7.000000 -4.137836
-7.000000 -4.067836
-7.000000 -3.997836
-7.000000 -3.927836
-7.000000 -3.857836
-7.000000 -3.787836
-7.000000 -3.717836
-7.000000 -3.647836
-7.000000 -3.577836
-7.000000 -3.507836
-7.000000 -3.437836
-7.000000 -3.367836
-7.000000 -3.297836
-7.000000 -3.227836
-7.000000 -3.157836
-7.000000 -3.087836
-7.000000 -3.017836
-7.000000 -2.947836
-7.000000 -2.877836
-7.000000 -2.807836
-7.000000 -2.737836
-7.000000 -2.667836
-7.000000 -2.597836
-7.000000 -2.527836
-7.000000 -2.457836
-7.000000 -2.387836
-7.000000 -2.317836
-7.000000 -2.247836
-7.000000 -2.177836
-7.000000 -2.107836
-7.000000 -2.037836
-7.000000 -1.967836
-7.000000 -1.897836
-7.000000 -1.827836
-7.000000 -1.757836
-7.000000 -1.687836
-7.000000 -1.617836
-7.000000 -1.547836
-7.000000 -1.477836
-7.000000 -1.407836
-7.000000 -1.337836
-7.000000 -1.267836
-7.000000 -1.197836
-7.000000 -1.127836
-7.000000 -1.057836
-7.000000 -0.987836
-7.000000 -0.917836
-7.000000 -0.847836
-7.000000 -0.777836
-7.000000 -0.707836
-7.000000 -0.637836
-7.000000 -0.567836
-7.000000 -0.497836
-7.000000 -0.427836
-7.000000 -0.357836
-7.000000 -0.287836
-7.000000 -0.217836
-7.000000 -0.147836
-7.000000 -0.077836
-7.000000 -0.007836
-7.000000 0.062234
-7.000000 0.132234
-7.000000 0.202234
-7.000000 0.272234
-7.000000 0.342234
-7.000000 0.412234
-7.000000 0.482234
-7.000000 0.552234
-7.000000 0.622234
-7.000000 0.692234
-7.000000 0.762234
-7.000000 0.832234
-7.000000 0.902234
-7.000000 0.972234
-7.000000 1.042234
-7.000000 1.112234
-7.000000 1.182234
-7.000000 1.252234
-7.000000 1.322234
-7.000000 1.392234
-7.000000 1.462234
-7.000000 1.532234
-7.000000 1.602234
-7.000000 1.672234
-7.000000 1.742234
-7.000000 1.812234
-7.000000 1.882234
-7.000000 1.952234
-7.000000 2.022234
-7.000000 2.092234
-7.000000 2.162234
-7.000000 2.232234
-7.000000 2.302234
-7.000000 2.372234
-7.000000 2.442234
-7.000000 2.512234
-7.000000 2.582234
-7.000000 2.652234
-7.000000 2.722234
-7.000000 2.792234
-7.000000 2.862234
-7.000000 2.932234
-7.000000 3.002234
-7.000000 3.072234
-7.000000 3.142234
-7.000000 3.212234
-7.000000 3.282234
-7.000000 3.352234
-7.000000 3.422234
-7.000000 3.492234
-7.000000 3.562234
-7.000000 3.632234
-7.000000 3.702234
-7.000000 3.772234
-7.000000 3.842234
-7.000000 3.912234
-7.000000 3.982234
-7.000000 4.052234
-7.000000 4.122234
-7.000000 4.192234
-7.000000 4.262234
-7.000000 4.332234
-7.000000 4.402234
-7.000000 4.472234
-7.000000 4.542234
-7.000000 4.612234
-7.000000 4.682234
-7.000000 4.752234
-7.000000 4.822234
-7.000000 4.892234
-7.000000 4.962234
-7.000000 5.032234
-7.000000 5.102234
-7.000000 5.172234
-7.000000 5.242234
13.895784 50.337654
13.435107 49.108038
13.009151 47.918294
12.614740 46.765444
12.249052 45.646779
11.909565 44.559829
11.594030 43.502339
11.300429 42.472246
11.026951 41.467658
10.771966 40.486840
10.534006 39.528194
10.311743 38.590248
10.103978 37.671645
9.909622 36.771130
9.727689 35.887541
9.557280 35.019800
9.397578 34.166909
9.247837 33.327938
9.107378 32.502020
8.975579 31.688350
8.851870 30.886173
8.735731 30.094786
8.626682 29.313529
8.524285 28.541784
8.428136 27.778970
8.337866 27.024543
8.253132 26.277988
8.173620 25.538823
8.099041 24.806589
8.029129 24.080855
7.963636 23.361213
7.902336 22.647275
7.845021 21.938673
7.791496 21.235057
7.741585 20.536095
7.695122 19.841469
7.651957 19.150874
7.611951 18.464022
7.574976 17.780632
7.540914 17.100439
7.509657 16.423184
7.481106 15.748619
7.455172 15.076506
7.431773 14.406612
7.410834 13.738713
7.392288 13.072590
7.376076 12.408031
7.362142 11.744828
7.350441 11.082779
7.340931 10.421683
7.333576 9.761346
7.328347 9.101576
7.325219 8.442181
7.324174 7.782974
7.325198 7.123768
7.328282 6.464376
7.333423 5.804615
7.340624 5.144298
7.349891 4.483241
7.361235 3.821256
7.374676 3.158156
5.000000 -10.003816
5.000000 -10.008816
5.000000 -10.013816
5.000000 -10.018816
5.000000 -10.023816
5.000000 -10.028816
5.000000 -10.033816
5.000000 -10.038816
5.000000 -10.043816
5.000000 -10.048816
5.000000 -10.053816
5.000000 -10.058816
5.000000 -10.063816
5.000000 -10.068816
5.000000 -10.073816
5.000000 -10.078816
5.000000 -10.083816
5.000000 -10.088816
5.000000 -10.093816
5.000000 -10.098816
5.000000 -10.103816
5.000000 -10.108816
5.000000 -10.113816
5.000000 -10.118816
5.000000 -10.123816
5.000000 -10.128816
5.000000 -10.133816
5.000000 -10.138816
5.000000 -10.143816
5.000000 -10.148816
5.000000 -10.153816
5.000000 -10.158816
5.000000 -10.163816
5.000000 -10.168816
5.000000 -10.173816
5.000000 -10.178816
5.000000 -10.183816
5.000000 -10.188816
5.000000 -10.193816
5.000000 -10.198816
5.000000 -10.203816
5.000000 -10.208816
5.000000 -10.213816
5.000000 -10.218816
5.000000 -10.223816
5.000000 -10.228816
5.000000 -10.233816
5.000000 -10.238816
5.000000 -10.243816
5.000000 -10.248816
5.000000 -10.253816
5.000000 -10.258816
5.000000 -10.263816
5.000000 -10.268816
5.000000 -10.273816
5.000000 -10.278816
5.000000 -10.283816
5.000000 -10.288816
5.000000 -10.293816
5.000000 -10.298816
5.000000 -10.303816
5.000000 -10.308816
5.000000 -10.313816
5.000000 -10.318816
5.000000 -10.323816
5.000000 -10.328816
5.000000 -10.333816
5.000000 -10.338816
5.000000 -10.343816
5.000000 -10.348816
5.000000 -10.353816
5.000000 -10.358816
5.000000 -10.363816
5.000000 -10.368816
5.000000 -10.373816
5.000000 -10.378816
5.000000 -10.383816
5.000000 -10.388816
5.000000 -10.393816
5.000000 -10.398816
5.000000 -10.403816
5.000000 -10.408816
5.000000 -10.413816
5.000000 -10.418816
5.000000 -10.423816
5.000000 -10.428816
5.000000 -10.433816
5.000000 -10.438816
5.000000 -10.443816
5.000000 -10.448816
5.000000 -10.453816
5.000000 -10.458816
5.000000 -10.463816
5.000000 -10.468816
5.000000 -10.473816
5.000000 -10.478816
5.000000 -10.483816
5.000000 -10.488816
5.000000 -10.493816
5.000000 -10.498816
5.000000 -10.503816
5.000000 -10.508816
5.000000 -10.513816
5.000000 -10.518816
5.000000 -10.523816
5.000000 -10.528816
5.000000 -10.533816
5.000000 -10.538816
5.000000 -10.543816
5.000000 -10.548816
5.000000 -10.553816
5.000000 -10.558816
5.000000 -10.563816
5.000000 -10.568816
5.000000 -10.573816
5.000000 -10.578816
5.000000 -10.583816
5.000000 -10.588816
5.000000 -10.593816
5.000000 -10.598816
5.000000 -10.603816
5.000000 -10.608816
5.000000 -10.613816
5.000000 -10.618816
5.000000 -10.623816
5.000000 -10.628816
5.000000 -10.633816
5.000000 -10.638816
5.000000 -10.643816
5.000000 -10.648816
5.000000 -10.653816
5.000000 -10.658816
5.000000 -10.663816
5.000000 -10.668816
5.000000 -10.673816
5.000000 -10.678816
5.000000 -10.683816
5.000000 -10.688816
5.000000 -10.693816
5.000000 -10.698816
5.000000 -10.703816
5.000000 -10.708816
-7.000000 -7.105389
-7.000000 -7.035389
-7.000000 -6.965389
-7.000000 -6.895389
-7.000000 -6.825389
-7.000000 -6.755389
-7.000000 -6.685389
-7.000000 -6.615389
-7.000000 -6.545389
-7.000000 -6.475389
-7.000000 -6.405389
-7.000000 -6.335389
-7.000000 -6.265389
-7.000000 -6.195389
-7.000000 -6.125389
-7.000000 -6.055389
-7.000000 -5.985389
-7.000000 -5.915389
-7.000000 -5.845389
-7.000000 -5.775389
-7.000000 -5.705389
-7.000000 -5.635389
-7.000000 -5.565389
-7.000000 -5.495389
-7.000000 -5.425389
-7.000000 -5.355389
-7.000000 -5.285389
-7.000000 -5.215389
-7.000000 -5.145389
-7.000000 -5.075389
-7.000000 -5.005389
-7.000000 -4.935389
-7.000000 -4.865389
-7.000000 -4.795389
-7.000000 -4.725389
-7.000000 -4.655389
-7.000000 -4.585389
-7.000000 -4.515389
-7.000000 -4.445389
-7.000000 -4.375389
-7.000000 -4.305389
-7.000000 -4.235389
-7.000000 -4.165389
-7.000000 -4.095389
-7.000000 -4.025389
-7.000000 -3.955389
-7.000000 -3.885389
-7.000000 -3.815389
-7.000000 -3.745389
-7.000000 -3.675389
-7.000000 -3.605389
-7.000000 -3.535389
-7.000000 -3.465389
-7.000000 -3.395389
-7.000000 -3.325389
-7.000000 -3.255389
-7.000000 -3.185389
-7.000000 -3.115389
-7.000000 -3.045389
-7.000000 -2.975389
-7.000000 -2.905389
-7.000000 -2.835389
-7.000000 -2.765389
-7.000000 -2.695389
-7.000000 -2.625389
-7.000000 -2.555389
-7.000000 -2.485389
-7.000000 -2.415389
-7.000000 -2.345389
-7.000000 -2.275389
-7.000000 -2.205389
-7.000000 -2.135389
-7.000000 -2.065389
-7.000000 -1.995389
-7.000000 -1.925389
-7.000000 -1.855389
-7.000000 -1.785389
-7.000000 -1.715389
-7.000000 -1.645389
-7.000000 -1.575389
-7.000000 -1.505389
-7.000000 -1.435389
-7.000000 -1.365389
-7.000000 -1.295389
-7.000000 -1.225389
-7.000000 -1.155389
-7.000000 -1.085389
-7.000000 -1.015389
-7.000000 -0.945389
-7.000000 -0.875389
-7.000000 -0.805389
-7.000000 -0.735389
-7.000000 -0.665389
-7.000000 -0.595389
-7.000000 -0.525389
-7.000000 -0.455389
-7.000000 -0.385389
-7.000000 -0.315389
-7.000000 -0.245389
-7.000000 -0.175389
-7.000000 -0.105389
-7.000000 -0.035389
-7.000000 0.034681
-7.000000 0.104681
-7.000000 0.174681
-7.000000 0.244681
-7.000000 0.314681
-7.000000 0.384681
-7.000000 0.454681
-7.000000 0.524681
-7.000000 0.594681
-7.000000 0.664681
-7.000000 0.734681
-7.000000 0.804681
-7.000000 0.874681
-7.000000 0.944681
-7.000000 1.014681
-7.000000 1.084681
-7.000000 1.154681
-7.000000 1.224681
-7.000000 1.294681
-7.000000 1.364681
-7.000000 1.434681
-7.000000 1.504681
-7.000000 1.574681
-7.000000 1.644681
-7.000000 1.714681
-7.000000 1.784681
-7.000000 1.854681
-7.000000 1.924681
-7.000000 1.994681
-7.000000 2.064681
-7.000000 2.134681
-7.000000 2.204681
-7.000000 2.274681
-7.000000 2.344681
-7.000000 2.414681
-7.000000 2.484681
-7.000000 2.554681
-7.000000 2.624681
-7.000000 2.694681
-7.000000 2.764681
-7.000000 2.834681
-7.000000 2.904681
-7.000000 2.974681
-7.000000 3.044681
-7.000000 3.114681
-7.000000 3.184681
-7.000000 3.254681
-7.000000 3.324681
-7.000000 3.394681
-7.000000 3.464681
-7.000000 3.534681
-7.000000 3.604681
-7.000000 3.674681
-7.000000 3.744681
-7.000000 3.814681
-7.000000 3.884681
-7.000000 3.954681
-7.000000 4.024681
-7.000000 4.094681
-7.000000 4.164681
-7.000000 4.234681
-7.000000 4.304681
-7.000000 4.374681
-7.000000 4.444681
-7.000000 4.514681
-7.000000 4.584681
-7.000000 4.654681
-7.000000 4.724681
-7.000000 4.794681
-7.000000 4.864681
-7.000000 4.934681
-7.000000 5.004681
-7.000000 5.074681
-7.000000 5.144681
-7.000000 5.214681
-7.000000 5.284681
-7.000000 5.354681
-7.000000 5.424681
-7.000000 5.494681
-7.000000 5.564681
-7.000000 5.634681
-7.000000 5.704681
-7.000000 5.774681
-7.000000 5.844681
-7.000000 5.914681
-7.000000 5.984681
-7.000000 6.054681
-7.000000 6.124681
-7.000000 6.194681
-7.000000 6.264681
-7.000000 6.334681
-7.000000 6.404681
-7.000000 6.474681
-7.000000 6.544681
-7.000000 6.614681
-7.000000 6.684681
-7.000000 6.754681
-7.000000 6.824681
-7.000000 6.894681
-7.000000 6.964681
-7.000000 7.034681
-7.000000 7.104681
24.367102 65.522521
23.070479 63.388835
21.899522 61.366067
20.839057 59.443608
19.876117 57.612113
5.000000 -10.300000
5.000000 -10.305000
5.000000 -10.310000
5.000000 -10.315000
5.000000 -10.320000
5.000000 -10.325000
5.000000 -10.330000
5.000000 -10.335000
5.000000 -10.340000
5.000000 -10.345000
-7.000000 -3.462366
-7.000000 -3.392366
-7.000000 -3.322366
-7.000000 -3.252366
-7.000000 -3.182366
-7.000000 -3.112366
-7.000000 -3.042366
-7.000000 -2.972366
-7.000000 -2.902366
-7.000000 -2.832366
-7.000000 -2.762366
-7.000000 -2.692366
-7.000000 -2.622366
-7.000000 -2.552366
-7.000000 -2.482366
-7.000000 -2.412366
-7.000000 -2.342366
-7.000000 -2.272366
-7.000000 -2.202366
-7.000000 -2.132366
-7.000000 -2.062366
-7.000000 -1.992366
-7.000000 -1.922366
-7.000000 -1.852366
-7.000000 -1.782366
-7.000000 -1.712366
-7.000000 -1.642366
-7.000000 -1.572366
-7.000000 -1.502366
-7.000000 -1.432366
-7.000000 -1.362366
-7.000000 -1.292366
-7.000000 -1.222366
-7.000000 -1.152366
-7.000000 -1.082366
-7.000000 -1.012366
-7.000000 -0.942366
-7.000000 -0.872366
-7.000000 -0.802366
-7.000000 -0.732366
-7.000000 -0.662366
-7.000000 -0.592366
-7.000000 -0.522366
-7.000000 -0.452366
-7.000000 -0.382366
-7.000000 -0.312366
-7.000000 -0.242366
-7.000000 -0.172366
-7.000000 -0.102366
-7.000000 -0.032366
-7.000000 0.037704
-7.000000 0.107704
-7.000000 0.177704
-7.000000 0.247704
-7.000000 0.317704
-7.000000 0.387704
-7.000000 0.457704
-7.000000 0.527704
-7.000000 0.597704
-7.000000 0.667704
-7.000000 0.737704
-7.000000 0.807704
-7.000000 0.877704
-7.000000 0.947704
-7.000000 1.017704
-7.000000 1.087704
-7.000000 1.157704
-7.000000 1.227704
-7.000000 1.297704
-7.000000 1.367704
-7.000000 1.437704
-7.000000 1.507704
-7.000000 1.577704
-7.000000 1.647704
-7.000000 1.717704
-7.000000 1.787704
-7.000000 1.857704
-7.000000 1.927704
-7.000000 1.997704
-7.000000 2.067704
-7.000000 2.137704
-7.000000 2.207704
-7.000000 2.277704
-7.000000 2.347704
-7.000000 2.417704
-7.000000 2.487704
-7.000000 2.557704
-7.000000 2.627704
-7.000000 2.697704
-7.000000 2.767704
-7.000000 2.837704
-7.000000 2.907704
-7.000000 2.977704
-7.000000 3.047704
-7.000000 3.117704
-7.000000 3.187704
-7.000000 3.257704
-7.000000 3.327704
-7.000000 3.397704
-7.000000 3.467704
6.041808 33.947781
6.004889 33.405696
5.970085 32.866837
5.937281 32.331020
5.906368 31.798070
5.877247 31.267820
5.849823 30.740115
5.824010 30.214804
5.799724 29.691747
5.776892 29.170810
5.755441 28.651865
5.735305 28.134791
5.716423 27.619472
5.698736 27.105799
5.682191 26.593666
5.666737 26.082972
5.652328 25.573622
5.638918 25.065523
5.626468 24.558588
5.614939 24.052731
5.604296 23.547872
5.594504 23.043932
5.585534 22.540837
5.577357 22.038512
5.569945 21.536890
5.563274 21.035900
5.557322 20.535479
5.552066 20.035561
5.547488 19.536086
5.543568 19.036994
5.540292 18.538225
5.537643 18.039722
5.535608 17.541431
5.534174 17.043295
5.533331 16.545262
5.533067 16.047278
5.533375 15.549292
5.534247 15.051254
5.535675 14.553111
5.537656 14.054815
5.540183 13.556317
5.543253 13.057566
5.546865 12.558515
5.551016 12.059114
5.555707 11.559316
5.560936 11.059071
5.566707 10.558331
5.573021 10.057047
5.579881 9.555171
5.587292 9.052652
5.595258 8.549442
5.603787 8.045489
5.612885 7.540743
5.622560 7.035152
5.632822 6.528665
5.643681 6.021227
5.655148 5.512784
5.667235 5.003281
5.679956 4.492663
5.693326 3.980870
5.707361 3.467844
5.000000 -10.000457
5.000000 -10.005457
5.000000 -10.010457
5.000000 -10.015457
5.000000 -10.020457
5.000000 -10.025457
5.000000 -10.030457
5.000000 -10.035457
5.000000 -10.040457
5.000000 -10.045457
5.000000 -10.050457
5.000000 -10.055457
5.000000 -10.060457
5.000000 -10.065457
5.000000 -10.070457
5.000000 -10.075457
5.000000 -10.080457
5.000000 -10.085457
5.000000 -10.090457
5.000000 -10.095457
5.000000 -10.100457
5.000000 -10.105457
5.000000 -10.110457
5.000000 -10.115457
5.000000 -10.120457
5.000000 -10.125457
5.000000 -10.130457
5.000000 -10.135457
5.000000 -10.140457
5.000000 -10.145457
5.000000 -10.150457
5.000000 -10.155457
5.000000 -10.160457
5.000000 -10.165457
5.000000 -10.170457
5.000000 -10.175457
5.000000 -10.180457
5.000000 -10.185457
5.000000 -10.190457
5.000000 -10.195457
5.000000 -10.200457
5.000000 -10.205457
5.000000 -10.210457
5.000000 -10.215457
5.000000 -10.220457
5.000000 -10.225457
5.000000 -10.230457
5.000000 -10.235457
5.000000 -10.240457
5.000000 -10.245457
5.000000 -10.250457
5.000000 -10.255457
5.000000 -10.260457
5.000000 -10.265457
5.000000 -10.270457
5.000000 -10.275457
5.000000 -10.280457
5.000000 -10.285457
5.000000 -10.290457
5.000000 -10.295457
5.000000 -10.300457
5.000000 -10.305457
5.000000 -10.310457
5.000000 -10.315457
5.000000 -10.320457
5.000000 -10.325457
5.000000 -10.330457
5.000000 -10.335457
5.000000 -10.340457
5.000000 -10.345457
5.000000 -10.350457
5.000000 -10.355457
5.000000 -10.360457
5.000000 -10.365457
5.000000 -10.370457
5.000000 -10.375457
5.000000 -10.380457
5.000000 -10.385457
5.000000 -10.390457
5.000000 -10.395457
5.000000 -10.400457
5.000000 -10.405457
5.000000 -10.410457
5.000000 -10.415457
5.000000 -10.420457
5.000000 -10.425457
5.000000 -10.430457
5.000000 -10.435457
5.000000 -10.440457
5.000000 -10.445457
5.000000 -10.450457
5.000000 -10.455457
5.000000 -10.460457
5.000000 -10.465457
5.000000 -10.470457
5.000000 -10.475457
5.000000 -10.480457
5.000000 -10.485457
5.000000 -10.490457
5.000000 -10.495457
5.000000 -10.500457
5.000000 -10.505457
5.000000 -10.510457
5.000000 -10.515457
5.000000 -10.520457
5.000000 -10.525457
5.000000 -10.530457
5.000000 -10.535457
5.000000 -10.540457
5.000000 -10.545457
5.000000 -10.550457
5.000000 -10.555457
-7.000000 -5.511803
-7.000000 -5.441803
-7.000000 -5.371803
-7.000000 -5.301803
-7.000000 -5.231803
-7.000000 -5.161803
-7.000000 -5.091803
-7.000000 -5.021803
-7.000000 -4.951803
-7.000000 -4.881803
-7.000000 -4.811803
-7.000000 -4.741803
-7.000000 -4.671803
-7.000000 -4.601803
-7.000000 -4.531803
-7.000000 -4.461803
-7.000000 -4.391803
-7.000000 -4.321803
-7.000000 -4.251803
-7.000000 -4.181803
-7.000000 -4.111803
-7.000000 -4.041803
-7.000000 -3.971803
-7.000000 -3.901803
-7.000000 -3.831803
-7.000000 -3.761803
-7.000000 -3.691803
-7.000000 -3.621803
-7.000000 -3.551803
-7.000000 -3.481803
-7.000000 -3.411803
-7.000000 -3.341803
-7.000000 -3.271803
-7.000000 -3.201803
-7.000000 -3.131803
-7.000000 -3.061803
-7.000000 -2.991803
-7.000000 -2.921803
-7.000000 -2.851803
-7.000000 -2.781803
-7.000000 -2.711803
-7.000000 -2.641803
-7.000000 -2.571803
-7.000000 -2.501803
-7.000000 -2.431803
-7.000000 -2.361803
-7.000000 -2.291803
-7.000000 -2.221803
-7.000000 -2.151803
-7.000000 -2.081803
-7.000000 -2.011803
-7.000000 -1.941803
-7.000000 -1.871803
-7.000000 -1.801803
-7.000000 -1.731803
-7.000000 -1.661803
-7.000000 -1.591803
-7.000000 -1.521803
-7.000000 -1.451803
-7.000000 -1.381803
-7.000000 -1.311803
-7.000000 -1.241803
-7.000000 -1.171803
-7.000000 -1.101803
-7.000000 -1.031803
-7.000000 -0.961803
-7.000000 -0.891803
-7.000000 -0.821803
-7.000000 -0.751803
-7.000000 -0.681803
-7.000000 -0.611803
-7.000000 -0.541803
-7.000000 -0.471803
-7.000000 -0.401803
-7.000000 -0.331803
-7.000000 -0.261803
-7.000000 -0.191803
-7.000000 -0.121803
-7.000000 -0.051803
-7.000000 0.018267
-7.000000 0.088267
-7.000000 0.158267
-7.000000 0.228267
-7.000000 0.298267
-7.000000 0.368267
-7.000000 0.438267
-7.000000 0.508267
-7.000000 0.578267
-7.000000 0.648267
-7.000000 0.718267
-7.000000 0.788267
-7.000000 0.858267
-7.000000 0.928267
-7.000000 0.998267
-7.000000 1.068267
-7.000000 1.138267
-7.000000 1.208267
-7.000000 1.278267
-7.000000 1.348267
-7.000000 1.418267
-7.000000 1.488267
-7.000000 1.558267
-7.000000 1.628267
-7.000000 1.698267
-7.000000 1.768267
-7.000000 1.838267
-7.000000 1.908267
-7.000000 1.978267
-7.000000 2.048267
-7.000000 2.118267
-7.000000 2.188267
-7.000000 2.258267
-7.000000 2.328267
-7.000000 2.398267
-7.000000 2.468267
-7.000000 2.538267
-7.000000 2.608267
-7.000000 2.678267
-7.000000 2.748267
-7.000000 2.818267
-7.000000 2.888267
-7.000000 2.958267
-7.000000 3.028267
-7.000000 3.098267
-7.000000 3.168267
-7.000000 3.238267
-7.000000 3.308267
-7.000000 3.378267
-7.000000 3.448267
-7.000000 3.518267
-7.000000 3.588267
-7.000000 3.658267
-7.000000 3.728267
-7.000000 3.798267
-7.000000 3.868267
-7.000000 3.938267
-7.000000 4.008267
-7.000000 4.078267
-7.000000 4.148267
-7.000000 4.218267
-7.000000 4.288267
-7.000000 4.358267
-7.000000 4.428267
-7.000000 4.498267
-7.000000 4.568267
-7.000000 4.638267
-7.000000 4.708267
-7.000000 4.778267
-7.000000 4.848267
-7.000000 4.918267
-7.000000 4.988267
-7.000000 5.058267
-7.000000 5.128267
-7.000000 5.198267
-7.000000 5.268267
-7.000000 5.338267
-7.000000 5.408267
-7.000000 5.478267
-7.000000 5.548267
15.059717 52.070528
14.521432 50.739707
14.025145 49.455410
13.566859 48.214041
13.143037 47.012342
12.750540 45.847355
12.386573 44.716390
12.048646 43.616991
11.734530 42.546919
11.442231 41.504122
11.169954 40.486717
10.916088 39.492978
10.679178 38.521313
10.457911 37.570256
10.251098 36.638455
10.057663 35.724657
9.876626 34.827704
9.707101 33.946519
9.548277 33.080105
9.399416 32.227531
9.259845 31.387931
9.128948 30.560499
9.006163 29.744477
8.890973 28.939161
8.782905 28.143889
8.681525 27.358038
8.586436 26.581025
8.497270 25.812302
8.413691 25.051349
8.335388 24.297679
8.262077 23.550830
8.193496 22.810363
8.129401 22.075866
8.069571 21.346943
8.013801 20.623221
7.961901 19.904343
7.913698 19.189968
7.869033 18.479771
7.827758 17.773441
7.789740 17.070677
7.754855 16.371193
7.722990 15.674713
7.694044 14.980968
7.667921 14.289700
7.644539 13.600659
7.623821 12.913603
7.605699 12.228294
7.590113 11.544501
7.577008 10.861999
7.566340 10.180566
7.558067 9.499986
7.552158 8.820043
7.548585 8.140527
7.547327 7.461229
7.548370 6.781940
7.551705 6.102453
7.557331 5.422564
7.565248 4.742065
7.575468 4.060750
7.588005 3.378411
5.000000 -10.002238
5.000000 -10.007238
5.000000 -10.012238
5.000000 -10.017238
5.000000 -10.022238
5.000000 -10.027238
5.000000 -10.032238
5.000000 -10.037238
5.000000 -10.042238
5.000000 -10.047238
5.000000 -10.052238
5.000000 -10.057238
5.000000 -10.062238
5.000000 -10.067238
5.000000 -10.072238
5.000000 -10.077238
5.000000 -10.082238
5.000000 -10.087238
5.000000 -10.092238
5.000000 -10.097238
5.000000 -10.102238
5.000000 -10.107238
5.000000 -10.112238
5.000000 -10.117238
5.000000 -10.122238
5.000000 -10.127238
5.000000 -10.132238
5.000000 -10.137238
5.000000 -10.142238
5.000000 -10.147238
5.000000 -10.152238
5.000000 -10.157238
5.000000 -10.162238
5.000000 -10.167238
5.000000 -10.172238
5.000000 -10.177238
5.000000 -10.182238
5.000000 -10.187238
5.000000 -10.192238
5.000000 -10.197238
5.000000 -10.202238
5.000000 -10.207238
5.000000 -10.212238
5.000000 -10.217238
5.000000 -10.222238
5.000000 -10.227238
5.000000 -10.232238
5.000000 -10.237238
5.000000 -10.242238
5.000000 -10.247238
5.000000 -10.252238
5.000000 -10.257238
5.000000 -10.262238
5.000000 -10.267238
5.000000 -10.272238
5.000000 -10.277238
5.000000 -10.282238
5.000000 -10.287238
5.000000 -10.292238
5.000000 -10.297238
5.000000 -10.302238
5.000000 -10.307238
5.000000 -10.312238
5.000000 -10.317238
5.000000 -10.322238
5.000000 -10.327238
5.000000 -10.332238
5.000000 -10.337238
5.000000 -10.342238
5.000000 -10.347238
5.000000 -10.352238
5.000000 -10.357238
5.000000 -10.362238
5.000000 -10.367238
5.000000 -10.372238
5.000000 -10.377238
5.000000 -10.382238
5.000000 -10.387238
5.000000 -10.392238
5.000000 -10.397238
5.000000 -10.402238
5.000000 -10.407238
5.000000 -10.412238
5.000000 -10.417238
5.000000 -10.422238
5.000000 -10.427238
5.000000 -10.432238
5.000000 -10.437238
5.000000 -10.442238
5.000000 -10.447238
5.000000 -10.452238
5.000000 -10.457238
5.000000 -10.462238
5.000000 -10.467238
5.000000 -10.472238
5.000000 -10.477238
5.000000 -10.482238
5.000000 -10.487238
5.000000 -10.492238
5.000000 -10.497238
5.000000 -10.502238
5.000000 -10.507238
5.000000 -10.512238
5.000000 -10.517238
5.000000 -10.522238
5.000000 -10.527238
5.000000 -10.532238
5.000000 -10.537238
5.000000 -10.542238
5.000000 -10.547238
5.000000 -10.552238
5.000000 -10.557238
5.000000 -10.562238
5.000000 -10.567238
5.000000 -10.572238
5.000000 -10.577238
5.000000 -10.582238
5.000000 -10.587238
5.000000 -10.592238
5.000000 -10.597238
5.000000 -10.602238
5.000000 -10.607238
5.000000 -10.612238
5.000000 -10.617238
5.000000 -10.622238
5.000000 -10.627238
5.000000 -10.632238
5.000000 -10.637238
5.000000 -10.642238
5.000000 -10.647238
5.000000 -10.652238
5.000000 -10.657238
5.000000 -10.662238
5.000000 -10.667238
5.000000 -10.672238
5.000000 -10.677238
5.000000 -10.682238
5.000000 -10.687238
5.000000 -10.692238
5.000000 -10.697238
5.000000 -10.702238
5.000000 -10.707238
5.000000 -10.712238
5.000000 -10.717238
5.000000 -10.722238
5.000000 -10.727238
5.000000 -10.732238
-7.000000 -7.264895
-7.000000 -7.194895
-7.000000 -7.124895
-7.000000 -7.054895
-7.000000 -6.984895
-7.000000 -6.914895
-7.000000 -6.844895
-7.000000 -6.774895
-7.000000 -6.704895
-7.000000 -6.634895
-7.000000 -6.564895
-7.000000 -6.494895
-7.000000 -6.424895
-7.000000 -6.354895
-7.000000 -6.284895
-7.000000 -6.214895
-7.000000 -6.144895
-7.000000 -6.074895
-7.000000 -6.004895
-7.000000 -5.934895
-7.000000 -5.864895
-7.000000 -5.794895
-7.000000 -5.724895
-7.000000 -5.654895
-7.000000 -5.584895
-7.000000 -5.514895
-7.000000 -5.444895
-7.000000 -5.374895
-7.000000 -5.304895
-7.000000 -5.234895
-7.000000 -5.164895
-7.000000 -5.094895
-7.000000 -5.024895
-7.000000 -4.954895
-7.000000 -4.884895
-7.000000 -4.814895
-7.000000 -4.744895
-7.000000 -4.674895
-7.000000 -4.604895
-7.000000 -4.534895
-7.000000 -4.464895
-7.000000 -4.394895
-7.000000 -4.324895
-7.000000 -4.254895
-7.000000 -4.184895
-7.000000 -4.114895
-7.000000 -4.044895
-7.000000 -3.974895
-7.000000 -3.904895
-7.000000 -3.834895
-7.000000 -3.764895
-7.000000 -3.694895
-7.000000 -3.624895
-7.000000 -3.554895
-7.000000 -3.484895
-7.000000 -3.414895
-7.000000 -3.344895
-7.000000 -3.274895
-7.000000 -3.204895
-7.000000 -3.134895
-7.000000 -3.064895
-7.000000 -2.994895
-7.000000 -2.924895
-7.000000 -2.854895
-7.000000 -2.784895
-7.000000 -2.714895
-7.000000 -2.644895
-7.000000 -2.574895
-7.000000 -2.504895
-7.000000 -2.434895
-7.000000 -2.364895
-7.000000 -2.294895
-7.000000 -2.224895
-7.000000 -2.154895
-7.000000 -2.084895
-7.000000 -2.014895
-7.000000 -1.944895
-7.000000 -1.874895
-7.000000 -1.804895
-7.000000 -1.734895
-7.000000 -1.664895
-7.000000 -1.594895
-7.000000 -1.524895
-7.000000 -1.454895
-7.000000 -1.384895
-7.000000 -1.314895
-7.000000 -1.244895
-7.000000 -1.174895
-7.000000 -1.104895
-7.000000 -1.034895
-7.000000 -0.964895
-7.000000 -0.894895
-7.000000 -0.824895
-7.000000 -0.754895
-7.000000 -0.684895
-7.000000 -0.614895
-7.000000 -0.544895
-7.000000 -0.474895
-7.000000 -0.404895
-7.000000 -0.334895
-7.000000 -0.264895
-7.000000 -0.194895
-7.000000 -0.124895
-7.000000 -0.054895
-7.000000 0.015175
-7.000000 0.085175
-7.000000 0.155175
-7.000000 0.225175
-7.000000 0.295175
-7.000000 0.365175
-7.000000 0.435175
-7.000000 0.505175
-7.000000 0.575175
-7.000000 0.645175
-7.000000 0.715175
-7.000000 0.785175
-7.000000 0.855175
-7.000000 0.925175
-7.000000 0.995175
-7.000000 1.065175
-7.000000 1.135175
-7.000000 1.205175
-7.000000 1.275175
-7.000000 1.345175
-7.000000 1.415175
-7.000000 1.485175
-7.000000 1.555175
-7.000000 1.625175
-7.000000 1.695175
-7.000000 1.765175
-7.000000 1.835175
-7.000000 1.905175
-7.000000 1.975175
-7.000000 2.045175
-7.000000 2.115175
-7.000000 2.185175
-7.000000 2.255175
-7.000000 2.325175
-7.000000 2.395175
-7.000000 2.465175
-7.000000 2.535175
-7.000000 2.605175
-7.000000 2.675175
-7.000000 2.745175
-7.000000 2.815175
-7.000000 2.885175
-7.000000 2.955175
-7.000000 3.025175
-7.000000 3.095175
-7.000000 3.165175
-7.000000 3.235175
-7.000000 3.305175
-7.000000 3.375175
-7.000000 3.445175
-7.000000 3.515175
-7.000000 3.585175
-7.000000 3.655175
-7.000000 3.725175
-7.000000 3.795175
-7.000000 3.865175
-7.000000 3.935175
-7.000000 4.005175
-7.000000 4.075175
-7.000000 4.145175
-7.000000 4.215175
-7.000000 4.285175
-7.000000 4.355175
-7.000000 4.425175
-7.000000 4.495175
-7.000000 4.565175
-7.000000 4.635175
-7.000000 4.705175
-7.000000 4.775175
-7.000000 4.845175
-7.000000 4.915175
-7.000000 4.985175
-7.000000 5.055175
-7.000000 5.125175
-7.000000 5.195175
-7.000000 5.265175
-7.000000 5.335175
-7.000000 5.405175
-7.000000 5.475175
-7.000000 5.545175
-7.000000 5.615175
-7.000000 5.685175
-7.000000 5.755175
-7.000000 5.825175
-7.000000 5.895175
-7.000000 5.965175
-7.000000 6.035175
-7.000000 6.105175
-7.000000 6.175175
-7.000000 6.245175
-7.000000 6.315175
-7.000000 6.385175
-7.000000 6.455175
-7.000000 6.525175
-7.000000 6.595175
-7.000000 6.665175
-7.000000 6.735175
-7.000000 6.805175
-7.000000 6.875175
-7.000000 6.945175
-7.000000 7.015175
-7.000000 7.085175
-7.000000 7.155175
-7.000000 7.225175
-7.000000 7.295175
26.005288 67.678057
24.554075 65.404047
23.247751 63.253980
22.068262 61.215650
21.000265 59.278350
20.030654 57.432652
19.148183 55.670220
18.343159 53.983657
17.607194 52.366381
16.932996 50.812510
16.314209 49.316780
15.745270 47.874458
15.221294 46.481283
14.737979 45.133406
14.291524 43.827341
13.878563 42.559927
13.496107 41.328285
13.141492 40.129793
12.812343 38.962053
12.506536 37.822871
12.222163 36.710234
11.957515 35.622290
11.711051 34.557335
11.481384 33.513797
11.267258 32.490220
11.067540 31.485258
10.881203 30.497662
10.707315 29.526269
10.545030 28.569997
10.393578 27.627838
10.252260 26.698849
10.120438 25.782147
9.997530 24.876903
9.883005 23.982340
9.776380 23.097725
9.677213 22.222368
9.585100 21.355615
9.499673 20.496849
9.420596 19.645484
9.347563 18.800961
9.280294 17.962749
9.218535 17.130342
9.162055 16.303255
9.110645 15.481021
9.064116 14.663192
9.022298 13.849338
8.985037 13.039042
8.952198 12.231899
8.923661 11.427517
8.899320 10.625514
8.879084 9.825516
8.862875 9.027158
8.850630 8.230080
8.842295 7.433928
8.837833 6.638351
8.837216 5.843002
8.840429 5.047537
8.847468 4.251610
8.858341 3.454878
5.000000 -10.002157
5.000000 -10.007157
5.000000 -10.012157
5.000000 -10.017157
5.000000 -10.022157
5.000000 -10.027157
5.000000 -10.032157
5.000000 -10.037157
5.000000 -10.042157
5.000000 -10.047157
5.000000 -10.052157
5.000000 -10.057157
5.000000 -10.062157
5.000000 -10.067157
5.000000 -10.072157
5.000000 -10.077157
5.000000 -10.082157
5.000000 -10.087157
5.000000 -10.092157
5.000000 -10.097157
5.000000 -10.102157
5.000000 -10.107157
5.000000 -10.112157
5.000000 -10.117157
5.000000 -10.122157
5.000000 -10.127157
5.000000 -10.132157
5.000000 -10.137157
5.000000 -10.142157
5.000000 -10.147157
5.000000 -10.152157
5.000000 -10.157157
5.000000 -10.162157
5.000000 -10.167157
5.000000 -10.172157
5.000000 -10.177157
5.000000 -10.182157
5.000000 -10.187157
5.000000 -10.192157
5.000000 -10.197157
5.000000 -10.202157
5.000000 -10.207157
5.000000 -10.212157
5.000000 -10.217157
5.000000 -10.222157
5.000000 -10.227157
5.000000 -10.232157
5.000000 -10.237157
5.000000 -10.242157
5.000000 -10.247157
5.000000 -10.252157
5.000000 -10.257157
5.000000 -10.262157
5.000000 -10.267157
5.000000 -10.272157
5.000000 -10.277157
5.000000 -10.282157
5.000000 -10.287157
5.000000 -10.292157
5.000000 -10.297157
5.000000 -10.302157
5.000000 -10.307157
5.000000 -10.312157
5.000000 -10.317157
5.000000 -10.322157
5.000000 -10.327157
5.000000 -10.332157
5.000000 -10.337157
5.000000 -10.342157
5.000000 -10.347157
5.000000 -10.352157
5.000000 -10.357157
5.000000 -10.362157
5.000000 -10.367157
5.000000 -10.372157
5.000000 -10.377157
5.000000 -10.382157
5.000000 -10.387157
5.000000 -10.392157
5.000000 -10.397157
5.000000 -10.402157
5.000000 -10.407157
5.000000 -10.412157
5.000000 -10.417157
