1.000000 12.000000
1.049575 11.907763
1.098302 11.811102
1.146182 11.710094
1.193219 11.604814
1.239415 11.495340
1.284775 11.381745
1.329304 11.264105
1.373006 11.142495
1.415887 11.016989
1.457953 10.887660
1.499210 10.754581
1.539666 10.617826
1.579327 10.477465
1.618200 10.333571
1.656294 10.186213
1.693615 10.035461
1.730172 9.881385
1.765974 9.724053
1.801028 9.563532
1.835343 9.399890
1.868927 9.233192
1.901790 9.063505
1.933940 8.890892
1.965385 8.715417
1.996135 8.537143
2.026197 8.356133
2.055582 8.172448
2.084297 7.986148
2.112352 7.797294
2.139754 7.605945
2.166513 7.412158
2.192636 7.215991
2.218133 7.017502
2.243011 6.816746
2.267279 6.613778
2.290944 6.408654
2.314014 6.201426
2.336498 5.992149
2.358402 5.780874
2.379735 5.567654
2.400503 5.352539
2.420713 5.135580
2.440373 4.916827
2.459489 4.696329
2.478067 4.474135
2.496114 4.250293
2.513637 4.024850
2.530640 3.797854
2.547130 3.569351
2.563113 3.339386
2.578593 3.108005
5.000000 -10.002679
5.000000 -10.007679
5.000000 -10.012679
5.000000 -10.017679
5.000000 -10.022679
5.000000 -10.027679
5.000000 -10.032679
5.000000 -10.037679
5.000000 -10.042679
5.000000 -10.047679
5.000000 -10.052679
5.000000 -10.057679
5.000000 -10.062679
5.000000 -10.067679
5.000000 -10.072679
5.000000 -10.077679
5.000000 -10.082679
5.000000 -10.087679
5.000000 -10.092679
5.000000 -10.097679
5.000000 -10.102679
5.000000 -10.107679
5.000000 -10.112679
5.000000 -10.117679
5.000000 -10.122679
5.000000 -10.127679
5.000000 -10.132679
5.000000 -10.137679
5.000000 -10.142679
5.000000 -10.147679
5.000000 -10.152679
5.000000 -10.157679
5.000000 -10.162679
5.000000 -10.167679
5.000000 -10.172679
5.000000 -10.177679
5.000000 -10.182679
5.000000 -10.187679
5.000000 -10.192679
5.000000 -10.197679
5.000000 -10.202679
5.000000 -10.207679
5.000000 -10.212679
5.000000 -10.217679
5.000000 -10.222679
5.000000 -10.227679
5.000000 -10.232679
5.000000 -10.237679
5.000000 -10.242679
5.000000 -10.247679
5.000000 -10.252679
-7.000000 -2.519909
-7.000000 -2.449909
-7.000000 -2.379909
-7.000000 -2.309909
-7.000000 -2.239909
-7.000000 -2.169909
-7.000000 -2.099909
-7.000000 -2.029909
-7.000000 -1.959909
-7.000000 -1.889909
-7.000000 -1.819909
-7.000000 -1.749909
-7.000000 -1.679909
-7.000000 -1.609909
-7.000000 -1.539909
-7.000000 -1.469909
-7.000000 -1.399909
-7.000000 -1.329909
-7.000000 -1.259909
-7.000000 -1.189909
-7.000000 -1.119909
-7.000000 -1.049909
-7.000000 -0.979909
-7.000000 -0.909909
-7.000000 -0.839909
-7.000000 -0.769909
-7.000000 -0.699909
-7.000000 -0.629909
-7.000000 -0.559909
-7.000000 -0.489909
-7.000000 -0.419909
-7.000000 -0.349909
-7.000000 -0.279909
-7.000000 -0.209909
-7.000000 -0.139909
-7.000000 -0.069909
-7.000000 0.000161
-7.000000 0.070161
-7.000000 0.140161
-7.000000 0.210161
-7.000000 0.280161
-7.000000 0.350161
-7.000000 0.420161
-7.000000 0.490161
-7.000000 0.560161
-7.000000 0.630161
-7.000000 0.700161
-7.000000 0.770161
-7.000000 0.840161
-7.000000 0.910161
-7.000000 0.980161
-7.000000 1.050161
-7.000000 1.120161
-7.000000 1.190161
-7.000000 1.260161
-7.000000 1.330161
-7.000000 1.400161
-7.000000 1.470161
-7.000000 1.540161
-7.000000 1.610161
-7.000000 1.680161
-7.000000 1.750161
-7.000000 1.820161
-7.000000 1.890161
-7.000000 1.960161
-7.000000 2.030161
-7.000000 2.100161
-7.000000 2.170161
-7.000000 2.240161
-7.000000 2.310161
-7.000000 2.380161
-7.000000 2.450161
-7.000000 2.520161
3.284400 25.826553
3.329461 25.528917
3.373023 25.227295
3.415147 24.921816
3.455891 24.612610
3.495312 24.299796
3.533463 23.983492
3.570398 23.663809
3.606167 23.340855
3.640817 23.014732
3.674396 22.685540
3.706948 22.353372
3.738517 22.018319
3.769145 21.680467
3.798870 21.339900
3.827732 20.996696
3.855768 20.650933
3.883013 20.302682
3.909502 19.952013
3.935269 19.598993
3.960344 19.243685
3.984759 18.886151
4.008543 18.526448
4.031725 18.164631
4.054332 17.800755
4.076392 17.434868
4.097929 17.067020
4.118969 16.697256
4.139535 16.325619
4.159651 15.952153
4.179338 15.576895
4.198620 15.199884
4.217516 14.821155
4.236047 14.440742
4.254233 14.058677
4.272093 13.674990
4.289646 13.289710
4.306909 12.902862
4.323901 12.514474
4.340638 12.124568
4.357138 11.733166
4.373416 11.340290
4.389489 10.945958
4.405373 10.550187
4.421082 10.152996
4.436632 9.754398
4.452038 9.354406
4.467314 8.953035
4.482475 8.550293
4.497535 8.146192
4.512508 7.740740
4.527408 7.333943
4.542248 6.925808
4.557044 6.516340
4.571807 6.105541
4.586553 5.693415
4.601294 5.279962
4.616044 4.865182
4.630817 4.449073
4.645627 4.031633
4.660488 3.612859
4.675414 3.192744
5.000000 -10.002716
5.000000 -10.007716
5.000000 -10.012716
5.000000 -10.017716
5.000000 -10.022716
5.000000 -10.027716
5.000000 -10.032716
5.000000 -10.037716
5.000000 -10.042716
5.000000 -10.047716
5.000000 -10.052716
5.000000 -10.057716
5.000000 -10.062716
5.000000 -10.067716
5.000000 -10.072716
5.000000 -10.077716
5.000000 -10.082716
5.000000 -10.087716
5.000000 -10.092716
5.000000 -10.097716
5.000000 -10.102716
5.000000 -10.107716
5.000000 -10.112716
5.000000 -10.117716
5.000000 -10.122716
5.000000 -10.127716
5.000000 -10.132716
5.000000 -10.137716
5.000000 -10.142716
5.000000 -10.147716
5.000000 -10.152716
5.000000 -10.157716
5.000000 -10.162716
5.000000 -10.167716
5.000000 -10.172716
5.000000 -10.177716
5.000000 -10.182716
5.000000 -10.187716
5.000000 -10.192716
5.000000 -10.197716
5.000000 -10.202716
5.000000 -10.207716
5.000000 -10.212716
5.000000 -10.217716
5.000000 -10.222716
5.000000 -10.227716
5.000000 -10.232716
5.000000 -10.237716
5.000000 -10.242716
5.000000 -10.247716
5.000000 -10.252716
5.000000 -10.257716
5.000000 -10.262716
5.000000 -10.267716
5.000000 -10.272716
5.000000 -10.277716
5.000000 -10.282716
5.000000 -10.287716
5.000000 -10.292716
5.000000 -10.297716
5.000000 -10.302716
5.000000 -10.307716
5.000000 -10.312716
5.000000 -10.317716
5.000000 -10.322716
5.000000 -10.327716
5.000000 -10.332716
5.000000 -10.337716
5.000000 -10.342716
5.000000 -10.347716
5.000000 -10.352716
5.000000 -10.357716
5.000000 -10.362716
5.000000 -10.367716
5.000000 -10.372716
5.000000 -10.377716
5.000000 -10.382716
5.000000 -10.387716
5.000000 -10.392716
5.000000 -10.397716
5.000000 -10.402716
5.000000 -10.407716
5.000000 -10.412716
5.000000 -10.417716
5.000000 -10.422716
5.000000 -10.427716
5.000000 -10.432716
5.000000 -10.437716
5.000000 -10.442716
5.000000 -10.447716
5.000000 -10.452716
5.000000 -10.457716
-7.000000 -4.508174
-7.000000 -4.438174
-7.000000 -4.368174
-7.000000 -4.298174
-7.000000 -4.228174
-7.000000 -4.158174
-7.000000 -4.088174
-7.000000 -4.018174
-7.000000 -3.948174
-7.000000 -3.878174
-7.000000 -3.808174
-7.000000 -3.738174
-7.000000 -3.668174
-7.000000 -3.598174
-7.000000 -3.528174
-7.000000 -3.458174
-7.000000 -3.388174
-7.000000 -3.318174
-7.000000 -3.248174
-7.000000 -3.178174
-7.000000 -3.108174
-7.000000 -3.038174
-7.000000 -2.968174
-7.000000 -2.898174
-7.000000 -2.828174
-7.000000 -2.758174
-7.000000 -2.688174
-7.000000 -2.618174
-7.000000 -2.548174
-7.000000 -2.478174
-7.000000 -2.408174
-7.000000 -2.338174
-7.000000 -2.268174
-7.000000 -2.198174
-7.000000 -2.128174
-7.000000 -2.058174
-7.000000 -1.988174
-7.000000 -1.918174
-7.000000 -1.848174
-7.000000 -1.778174
-7.000000 -1.708174
-7.000000 -1.638174
-7.000000 -1.568174
-7.000000 -1.498174
-7.000000 -1.428174
-7.000000 -1.358174
-7.000000 -1.288174
-7.000000 -1.218174
-7.000000 -1.148174
-7.000000 -1.078174
-7.000000 -1.008174
-7.000000 -0.938174
-7.000000 -0.868174
-7.000000 -0.798174
-7.000000 -0.728174
-7.000000 -0.658174
-7.000000 -0.588174
-7.000000 -0.518174
-7.000000 -0.448174
-7.000000 -0.378174
-7.000000 -0.308174
-7.000000 -0.238174
-7.000000 -0.168174
-7.000000 -0.098174
-7.000000 -0.028174
-7.000000 0.041896
-7.000000 0.111896
-7.000000 0.181896
-7.000000 0.251896
-7.000000 0.321896
-7.000000 0.391896
-7.000000 0.461896
-7.000000 0.531896
-7.000000 0.601896
-7.000000 0.671896
-7.000000 0.741896
-7.000000 0.811896
-7.000000 0.881896
-7.000000 0.951896
-7.000000 1.021896
-7.000000 1.091896
-7.000000 1.161896
-7.000000 1.231896
-7.000000 1.301896
-7.000000 1.371896
-7.000000 1.441896
-7.000000 1.511896
-7.000000 1.581896
-7.000000 1.651896
-7.000000 1.721896
-7.000000 1.791896
-7.000000 1.861896
-7.000000 1.931896
-7.000000 2.001896
-7.000000 2.071896
-7.000000 2.141896
-7.000000 2.211896
-7.000000 2.281896
-7.000000 2.351896
-7.000000 2.421896
-7.000000 2.491896
-7.000000 2.561896
-7.000000 2.631896
-7.000000 2.701896
-7.000000 2.771896
-7.000000 2.841896
-7.000000 2.911896
-7.000000 2.981896
-7.000000 3.051896
-7.000000 3.121896
-7.000000 3.191896
-7.000000 3.261896
-7.000000 3.331896
-7.000000 3.401896
-7.000000 3.471896
-7.000000 3.541896
-7.000000 3.611896
-7.000000 3.681896
-7.000000 3.751896
-7.000000 3.821896
-7.000000 3.891896
-7.000000 3.961896
-7.000000 4.031896
-7.000000 4.101896
-7.000000 4.171896
-7.000000 4.241896
-7.000000 4.311896
-7.000000 4.381896
-7.000000 4.451896
-7.000000 4.521896
10.426514 44.010768
10.180115 43.083598
9.950110 42.177856
9.735211 41.292125
9.534258 40.425100
9.346193 39.575572
9.170059 38.742427
9.004984 37.924630
8.850173 37.121222
8.704902 36.331313
8.568507 35.554073
8.440383 34.788733
8.319975 34.034573
8.206773 33.290922
8.100311 32.557152
8.000158 31.832676
7.905920 31.116946
7.817233 30.409444
7.733761 29.709688
7.655195 29.017220
7.581248 28.331614
7.511659 27.652465
7.446182 26.979392
7.384592 26.312036
7.326680 25.650055
7.272253 24.993129
7.221133 24.340950
7.173152 23.693230
7.128159 23.049693
7.086009 22.410077
7.046573 21.774130
7.009726 21.141616
6.975358 20.512305
6.943361 19.885980
6.913641 19.262432
6.886107 18.641459
6.860676 18.022870
6.837273 17.406477
6.815827 16.792102
6.796275 16.179571
6.778555 15.568717
5.000000 -10.100000
5.000000 -10.105000
5.000000 -10.110000
5.000000 -10.115000
5.000000 -10.120000
5.000000 -10.125000
5.000000 -10.130000
5.000000 -10.135000
5.000000 -10.140000
5.000000 -10.145000
5.000000 -10.150000
5.000000 -10.155000
5.000000 -10.160000
5.000000 -10.165000
5.000000 -10.170000
5.000000 -10.175000
5.000000 -10.180000
5.000000 -10.185000
5.000000 -10.190000
5.000000 -10.195000
5.000000 -10.200000
5.000000 -10.205000
5.000000 -10.210000
5.000000 -10.215000
5.000000 -10.220000
5.000000 -10.225000
5.000000 -10.230000
5.000000 -10.235000
5.000000 -10.240000
5.000000 -10.245000
5.000000 -10.250000
5.000000 -10.255000
5.000000 -10.260000
5.000000 -10.265000
5.000000 -10.270000
5.000000 -10.275000
5.000000 -10.280000
5.000000 -10.285000
5.000000 -10.290000
5.000000 -10.295000
-7.000000 -2.906829
-7.000000 -2.836829
-7.000000 -2.766829
-7.000000 -2.696829
-7.000000 -2.626829
-7.000000 -2.556829
-7.000000 -2.486829
-7.000000 -2.416829
-7.000000 -2.346829
-7.000000 -2.276829
-7.000000 -2.206829
-7.000000 -2.136829
-7.000000 -2.066829
-7.000000 -1.996829
-7.000000 -1.926829
-7.000000 -1.856829
-7.000000 -1.786829
-7.000000 -1.716829
-7.000000 -1.646829
-7.000000 -1.576829
-7.000000 -1.506829
-7.000000 -1.436829
-7.000000 -1.366829
-7.000000 -1.296829
-7.000000 -1.226829
-7.000000 -1.156829
-7.000000 -1.086829
-7.000000 -1.016829
-7.000000 -0.946829
-7.000000 -0.876829
-7.000000 -0.806829
-7.000000 -0.736829
-7.000000 -0.666829
-7.000000 -0.596829
-7.000000 -0.526829
-7.000000 -0.456829
-7.000000 -0.386829
-7.000000 -0.316829
-7.000000 -0.246829
-7.000000 -0.176829
-7.000000 -0.106829
-7.000000 -0.036829
-7.000000 0.033241
-7.000000 0.103241
-7.000000 0.173241
-7.000000 0.243241
-7.000000 0.313241
-7.000000 0.383241
-7.000000 0.453241
-7.000000 0.523241
-7.000000 0.593241
-7.000000 0.663241
-7.000000 0.733241
-7.000000 0.803241
-7.000000 0.873241
-7.000000 0.943241
-7.000000 1.013241
-7.000000 1.083241
-7.000000 1.153241
-7.000000 1.223241
-7.000000 1.293241
-7.000000 1.363241
-7.000000 1.433241
-7.000000 1.503241
-7.000000 1.573241
-7.000000 1.643241
-7.000000 1.713241
-7.000000 1.783241
-7.000000 1.853241
-7.000000 1.923241
-7.000000 1.993241
-7.000000 2.063241
-7.000000 2.133241
-7.000000 2.203241
-7.000000 2.273241
-7.000000 2.343241
-7.000000 2.413241
-7.000000 2.483241
-7.000000 2.553241
-7.000000 2.623241
-7.000000 2.693241
-7.000000 2.763241
-7.000000 2.833241
-7.000000 2.903241
4.388409 29.587189
4.406416 29.191418
4.423866 28.794051
4.440790 28.395138
4.457217 27.994724
4.473175 27.592853
4.488692 27.189566
4.503792 26.784901
4.518499 26.378895
4.532838 25.971582
4.546830 25.562994
4.560497 25.153162
4.573859 24.742114
4.586935 24.329876
4.599744 23.916474
4.612304 23.501930
4.624633 23.086266
4.636747 22.669502
4.648661 22.251658
4.660392 21.832749
4.671953 21.412792
4.683361 20.991802
4.694627 20.569791
4.705766 20.146773
4.716791 19.722757
4.727714 19.297754
4.738548 18.871771
4.749304 18.444817
4.759995 18.016898
4.770632 17.588020
4.781225 17.158186
4.791787 16.727400
4.802328 16.295665
4.812858 15.862982
4.823388 15.429351
4.833929 14.994771
4.844491 14.559243
4.855084 14.122762
4.865718 13.685326
4.876403 13.246931
4.887150 12.807572
4.897969 12.367242
4.908869 11.925935
4.919862 11.483643
4.930957 11.040357
4.942165 10.596067
4.953497 10.150763
4.964963 9.704434
4.976573 9.257066
4.988340 8.808646
5.000273 8.359160
5.012386 7.908591
5.024688 7.456924
5.037193 7.004141
5.049912 6.550223
5.062859 6.095150
5.076045 5.638901
5.089485 5.181455
5.103192 4.722786
5.117181 4.262871
5.131465 3.801685
5.146061 3.339198
5.000000 -10.001347
5.000000 -10.006347
5.000000 -10.011347
5.000000 -10.016347
5.000000 -10.021347
5.000000 -10.026347
5.000000 -10.031347
5.000000 -10.036347
5.000000 -10.041347
5.000000 -10.046347
5.000000 -10.051347
5.000000 -10.056347
5.000000 -10.061347
5.000000 -10.066347
5.000000 -10.071347
5.000000 -10.076347
5.000000 -10.081347
5.000000 -10.086347
5.000000 -10.091347
5.000000 -10.096347
5.000000 -10.101347
5.000000 -10.106347
5.000000 -10.111347
5.000000 -10.116347
5.000000 -10.121347
5.000000 -10.126347
5.000000 -10.131347
5.000000 -10.136347
5.000000 -10.141347
5.000000 -10.146347
5.000000 -10.151347
5.000000 -10.156347
5.000000 -10.161347
5.000000 -10.166347
5.000000 -10.171347
5.000000 -10.176347
5.000000 -10.181347
5.000000 -10.186347
5.000000 -10.191347
5.000000 -10.196347
5.000000 -10.201347
5.000000 -10.206347
5.000000 -10.211347
5.000000 -10.216347
5.000000 -10.221347
5.000000 -10.226347
5.000000 -10.231347
5.000000 -10.236347
5.000000 -10.241347
5.000000 -10.246347
5.000000 -10.251347
5.000000 -10.256347
5.000000 -10.261347
5.000000 -10.266347
5.000000 -10.271347
5.000000 -10.276347
5.000000 -10.281347
5.000000 -10.286347
5.000000 -10.291347
5.000000 -10.296347
5.000000 -10.301347
5.000000 -10.306347
5.000000 -10.311347
5.000000 -10.316347
5.000000 -10.321347
5.000000 -10.326347
5.000000 -10.331347
5.000000 -10.336347
5.000000 -10.341347
5.000000 -10.346347
5.000000 -10.351347
5.000000 -10.356347
5.000000 -10.361347
5.000000 -10.366347
5.000000 -10.371347
5.000000 -10.376347
5.000000 -10.381347
5.000000 -10.386347
5.000000 -10.391347
5.000000 -10.396347
5.000000 -10.401347
5.000000 -10.406347
5.000000 -10.411347
5.000000 -10.416347
5.000000 -10.421347
5.000000 -10.426347
5.000000 -10.431347
5.000000 -10.436347
5.000000 -10.441347
5.000000 -10.446347
5.000000 -10.451347
5.000000 -10.456347
5.000000 -10.461347
5.000000 -10.466347
5.000000 -10.471347
5.000000 -10.476347
5.000000 -10.481347
5.000000 -10.486347
5.000000 -10.491347
5.000000 -10.496347
5.000000 -10.501347
-7.000000 -4.984350
-7.000000 -4.914350
-7.000000 -4.844350
-7.000000 -4.774350
-7.000000 -4.704350
-7.000000 -4.634350
-7.000000 -4.564350
-7.000000 -4.494350
-7.000000 -4.424350
-7.000000 -4.354350
-7.000000 -4.284350
-7.000000 -4.214350
-7.000000 -4.144350
-7.000000 -4.074350
-7.000000 -4.004350
-7.000000 -3.934350
-7.000000 -3.864350
-7.000000 -3.794350
-7.000000 -3.724350
-7.000000 -3.654350
-7.000000 -3.584350
-7.000000 -3.514350
-7.000000 -3.444350
-7.000000 -3.374350
-7.000000 -3.304350
-7.000000 -3.234350
-7.000000 -3.164350
-7.000000 -3.094350
-7.000000 -3.024350
-7.000000 -2.954350
-7.000000 -2.884350
-7.000000 -2.814350
-7.000000 -2.744350
-7.000000 -2.674350
-7.000000 -2.604350
-7.000000 -2.534350
-7.000000 -2.464350
-7.000000 -2.394350
-7.000000 -2.324350
-7.000000 -2.254350
-7.000000 -2.184350
-7.000000 -2.114350
-7.000000 -2.044350
-7.000000 -1.974350
-7.000000 -1.904350
-7.000000 -1.834350
-7.000000 -1.764350
-7.000000 -1.694350
-7.000000 -1.624350
-7.000000 -1.554350
-7.000000 -1.484350
-7.000000 -1.414350
-7.000000 -1.344350
-7.000000 -1.274350
-7.000000 -1.204350
-7.000000 -1.134350
-7.000000 -1.064350
-7.000000 -0.994350
-7.000000 -0.924350
-7.000000 -0.854350
-7.000000 -0.784350
-7.000000 -0.714350
-7.000000 -0.644350
-7.000000 -0.574350
-7.000000 -0.504350
-7.000000 -0.434350
-7.000000 -0.364350
-7.000000 -0.294350
-7.000000 -0.224350
-7.000000 -0.154350
-7.000000 -0.084350
-7.000000 -0.014350
-7.000000 0.055720
-7.000000 0.125720
-7.000000 0.195720
-7.000000 0.265720
-7.000000 0.335720
-7.000000 0.405720
-7.000000 0.475720
-7.000000 0.545720
-7.000000 0.615720
-7.000000 0.685720
-7.000000 0.755720
-7.000000 0.825720
-7.000000 0.895720
-7.000000 0.965720
-7.000000 1.035720
-7.000000 1.105720
-7.000000 1.175720
-7.000000 1.245720
-7.000000 1.315720
-7.000000 1.385720
-7.000000 1.455720
-7.000000 1.525720
-7.000000 1.595720
-7.000000 1.665720
-7.000000 1.735720
-7.000000 1.805720
-7.000000 1.875720
-7.000000 1.945720
-7.000000 2.015720
-7.000000 2.085720
-7.000000 2.155720
-7.000000 2.225720
-7.000000 2.295720
-7.000000 2.365720
-7.000000 2.435720
-7.000000 2.505720
-7.000000 2.575720
-7.000000 2.645720
-7.000000 2.715720
-7.000000 2.785720
-7.000000 2.855720
-7.000000 2.925720
-7.000000 2.995720
-7.000000 3.065720
-7.000000 3.135720
-7.000000 3.205720
-7.000000 3.275720
-7.000000 3.345720
-7.000000 3.415720
-7.000000 3.485720
-7.000000 3.555720
-7.000000 3.625720
-7.000000 3.695720
-7.000000 3.765720
-7.000000 3.835720
-7.000000 3.905720
-7.000000 3.975720
-7.000000 4.045720
-7.000000 4.115720
-7.000000 4.185720
-7.000000 4.255720
-7.000000 4.325720
-7.000000 4.395720
-7.000000 4.465720
-7.000000 4.535720
-7.000000 4.605720
-7.000000 4.675720
-7.000000 4.745720
-7.000000 4.815720
-7.000000 4.885720
-7.000000 4.955720
-7.000000 5.025720
12.299696 47.233560
11.944788 46.142756
11.615182 45.082739
11.308714 44.051329
11.023444 43.046535
10.757627 42.066526
10.509694 41.109625
10.278229 40.174287
10.061952 39.259089
9.859703 38.362715
9.670433 37.483953
9.493185 36.621677
9.327092 35.774845
9.171362 34.942489
9.025273 34.123711
8.888166 33.317671
8.759439 32.523589
8.638537 31.740737
8.524956 30.968433
8.418229 30.206040
8.317931 29.452959
8.223669 28.708631
8.135082 27.972528
8.051836 27.244156
7.973625 26.523047
7.900167 25.808761
7.831200 25.100882
7.766484 24.399017
7.705797 23.702794
7.648932 23.011859
7.595701 22.325877
7.545927 21.644529
7.499449 20.967512
7.456118 20.294534
7.415794 19.625320
7.378352 18.959605
7.343674 18.297134
7.311651 17.637664
7.282184 16.980960
7.255183 16.326797
7.230563 15.674956
7.208248 15.025226
7.188169 14.377404
7.170263 13.731291
7.154472 13.086693
7.140747 12.443424
7.129041 11.801298
7.119315 11.160137
7.111533 10.519763
7.105665 9.880004
7.101687 9.240687
7.099578 8.601644
7.099323 7.962707
7.100909 7.323710
7.104331 6.684488
7.109586 6.044876
7.116675 5.404708
7.125606 4.763819
7.136388 4.122043
7.149038 3.479213
5.000000 -10.001286
5.000000 -10.006286
5.000000 -10.011286
5.000000 -10.016286
5.000000 -10.021286
5.000000 -10.026286
5.000000 -10.031286
5.000000 -10.036286
5.000000 -10.041286
5.000000 -10.046286
-7.000000 -2.000000
-7.000000 -1.930000
-7.000000 -1.860000
-7.000000 -1.790000
-7.000000 -1.720000
-7.000000 -1.650000
-7.000000 -1.580000
-7.000000 -1.510000
-7.000000 -1.440000
-7.000000 -1.370000
-7.000000 -1.300000
-7.000000 -1.230000
-7.000000 -1.160000
-7.000000 -1.090000
-7.000000 -1.020000
-7.000000 -0.950000
-7.000000 -0.880000
-7.000000 -0.810000
-7.000000 -0.740000
-7.000000 -0.670000
-7.000000 -0.600000
-7.000000 -0.530000
-7.000000 -0.460000
-7.000000 -0.390000
-7.000000 -0.320000
-7.000000 -0.250000
-7.000000 -0.180000
-7.000000 -0.110000
-7.000000 -0.040000
-7.000000 0.030070
-7.000000 0.100070
-7.000000 0.170070
-7.000000 0.240070
-7.000000 0.310070
-7.000000 0.380070
-7.000000 0.450070
-7.000000 0.520070
-7.000000 0.590070
-7.000000 0.660070
-7.000000 0.730070
-7.000000 0.800070
-7.000000 0.870070
-7.000000 0.940070
-7.000000 1.010070
-7.000000 1.080070
-7.000000 1.150070
-7.000000 1.220070
-7.000000 1.290070
-7.000000 1.360070
-7.000000 1.430070
-7.000000 1.500070
-7.000000 1.570070
-7.000000 1.640070
-7.000000 1.710070
-7.000000 1.780070
-7.000000 1.850070
-7.000000 1.920070
-7.000000 1.990070
-7.000000 2.060070
-7.000000 2.130070
-7.000000 2.200070
-7.000000 2.270070
-7.000000 2.340070
-7.000000 2.410070
-7.000000 2.480070
-7.000000 2.550070
-7.000000 2.620070
-7.000000 2.690070
-7.000000 2.760070
-7.000000 2.830070
-7.000000 2.900070
-7.000000 2.970070
-7.000000 3.040070
-7.000000 3.110070
-7.000000 3.180070
-7.000000 3.250070
-7.000000 3.320070
-7.000000 3.390070
-7.000000 3.460070
-7.000000 3.530070
-7.000000 3.600070
-7.000000 3.670070
-7.000000 3.740070
-7.000000 3.810070
-7.000000 3.880070
-7.000000 3.950070
-7.000000 4.020070
-7.000000 4.090070
-7.000000 4.160070
-7.000000 4.230070
-7.000000 4.300070
-7.000000 4.370070
-7.000000 4.440070
-7.000000 4.510070
-7.000000 4.580070
-7.000000 4.650070
-7.000000 4.720070
-7.000000 4.790070
-7.000000 4.860070
-7.000000 4.930070
-7.000000 5.000070
-7.000000 5.070070
-7.000000 5.140070
-7.000000 5.210070
-7.000000 5.280070
-7.000000 5.350070
-7.000000 5.420070
-7.000000 5.490070
-7.000000 5.560070
-7.000000 5.630070
-7.000000 5.700070
-7.000000 5.770070
-7.000000 5.840070
-7.000000 5.910070
-7.000000 5.980070
-7.000000 6.050070
-7.000000 6.120070
-7.000000 6.190070
-7.000000 6.260070
-7.000000 6.330070
-7.000000 6.400070
-7.000000 6.470070
-7.000000 6.540070
-7.000000 6.610070
-7.000000 6.680070
-7.000000 6.750070
22.350072 62.941473
21.232829 60.981074
20.219763 59.116441
19.298801 57.338755
18.459556 55.640206
17.693058 54.013854
16.991522 52.453508
16.348174 50.953635
15.757093 49.509270
15.213089 48.115947
14.711597 46.769639
14.248589 45.466705
13.820501 44.203846
13.424173 42.978062
13.056793 41.786626
12.715853 40.627047
12.399113 39.497047
12.104566 38.394541
11.830411 37.317613
11.575027 36.264504
11.336955 35.233589
11.114877 34.223372
10.907602 33.232468
10.714051 32.259592
10.533246 31.303556
10.364297 30.363252
10.206398 29.437651
10.058811 28.525791
9.920866 27.626776
9.791953 26.739765
9.671511 25.863970
9.559032 24.998654
9.454047 24.143120
9.356131 23.296713
9.264893 22.458816
9.179975 21.628843
9.101050 20.806241
9.027819 19.990483
8.960007 19.181071
8.897366 18.377527
8.839667 17.579396
8.786701 16.786245
8.738279 15.997654
8.694229 15.213223
8.654396 14.432566
8.618640 13.655310
8.586833 12.881093
8.558866 12.109565
8.534637 11.340385
8.514060 10.573220
8.497060 9.807747
8.483572 9.043644
8.473543 8.280600
8.466931 7.518304
8.463703 6.756451
8.463837 5.994737
8.467321 5.232860
8.474153 4.470518
8.484339 3.707412
5.000000 -10.000380
5.000000 -10.005380
5.000000 -10.010380
5.000000 -10.015380
5.000000 -10.020380
5.000000 -10.025380
5.000000 -10.030380
5.000000 -10.035380
5.000000 -10.040380
5.000000 -10.045380
5.000000 -10.050380
5.000000 -10.055380
5.000000 -10.060380
5.000000 -10.065380
5.000000 -10.070380
5.000000 -10.075380
5.000000 -10.080380
5.000000 -10.085380
5.000000 -10.090380
5.000000 -10.095380
5.000000 -10.100380
5.000000 -10.105380
5.000000 -10.110380
5.000000 -10.115380
5.000000 -10.120380
5.000000 -10.125380
5.000000 -10.130380
5.000000 -10.135380
5.000000 -10.140380
5.000000 -10.145380
5.000000 -10.150380
5.000000 -10.155380
5.000000 -10.160380
5.000000 -10.165380
5.000000 -10.170380
5.000000 -10.175380
5.000000 -10.180380
5.000000 -10.185380
5.000000 -10.190380
5.000000 -10.195380
5.000000 -10.200380
5.000000 -10.205380
5.000000 -10.210380
5.000000 -10.215380
5.000000 -10.220380
5.000000 -10.225380
5.000000 -10.230380
5.000000 -10.235380
5.000000 -10.240380
5.000000 -10.245380
5.000000 -10.250380
5.000000 -10.255380
5.000000 -10.260380
5.000000 -10.265380
5.000000 -10.270380
5.000000 -10.275380
5.000000 -10.280380
5.000000 -10.285380
5.000000 -10.290380
5.000000 -10.295380
5.000000 -10.300380
5.000000 -10.305380
5.000000 -10.310380
5.000000 -10.315380
5.000000 -10.320380
5.000000 -10.325380
5.000000 -10.330380
5.000000 -10.335380
5.000000 -10.340380
5.000000 -10.345380
5.000000 -10.350380
5.000000 -10.355380
5.000000 -10.360380
5.000000 -10.365380
5.000000 -10.370380
5.000000 -10.375380
5.000000 -10.380380
5.000000 -10.385380
5.000000 -10.390380
5.000000 -10.395380
5.000000 -10.400380
5.000000 -10.405380
5.000000 -10.410380
5.000000 -10.415380
5.000000 -10.420380
5.000000 -10.425380
5.000000 -10.430380
5.000000 -10.435380
5.000000 -10.440380
5.000000 -10.445380
5.000000 -10.450380
5.000000 -10.455380
5.000000 -10.460380
5.000000 -10.465380
5.000000 -10.470380
5.000000 -10.475380
5.000000 -10.480380
5.000000 -10.485380
5.000000 -10.490380
5.000000 -10.495380
5.000000 -10.500380
5.000000 -10.505380
5.000000 -10.510380
5.000000 -10.515380
5.000000 -10.520380
5.000000 -10.525380
5.000000 -10.530380
5.000000 -10.535380
5.000000 -10.540380
5.000000 -10.545380
5.000000 -10.550380
5.000000 -10.555380
5.000000 -10.560380
5.000000 -10.565380
5.000000 -10.570380
5.000000 -10.575380
5.000000 -10.580380
5.000000 -10.585380
5.000000 -10.590380
5.000000 -10.595380
5.000000 -10.600380
5.000000 -10.605380
5.000000 -10.610380
5.000000 -10.615380
5.000000 -10.620380
5.000000 -10.625380
5.000000 -10.630380
5.000000 -10.635380
5.000000 -10.640380
5.000000 -10.645380
5.000000 -10.650380
5.000000 -10.655380
5.000000 -10.660380
5.000000 -10.665380
5.000000 -10.670380
5.000000 -10.675380
5.000000 -10.680380
5.000000 -10.685380
5.000000 -10.690380
5.000000 -10.695380
5.000000 -10.700380
5.000000 -10.705380
5.000000 -10.710380
5.000000 -10.715380
5.000000 -10.720380
5.000000 -10.725380
5.000000 -10.730380
5.000000 -10.735380
5.000000 -10.740380
5.000000 -10.745380
5.000000 -10.750380
5.000000 -10.755380
5.000000 -10.760380
5.000000 -10.765380
5.000000 -10.770380
5.000000 -10.775380
5.000000 -10.780380
5.000000 -10.785380
5.000000 -10.790380
5.000000 -10.795380
5.000000 -10.800380
5.000000 -10.805380
5.000000 -10.810380
5.000000 -10.815380
-7.000000 -8.107491
-7.000000 -8.037491
-7.000000 -7.967491
-7.000000 -7.897491
-7.000000 -7.827491
-7.000000 -7.757491
-7.000000 -7.687491
-7.000000 -7.617491
-7.000000 -7.547491
-7.000000 -7.477491
-7.000000 -7.407491
-7.000000 -7.337491
-7.000000 -7.267491
-7.000000 -7.197491
-7.000000 -7.127491
-7.000000 -7.057491
-7.000000 -6.987491
-7.000000 -6.917491
-7.000000 -6.847491
-7.000000 -6.777491
-7.000000 -6.707491
-7.000000 -6.637491
-7.000000 -6.567491
-7.000000 -6.497491
-7.000000 -6.427491
-7.000000 -6.357491
-7.000000 -6.287491
-7.000000 -6.217491
-7.000000 -6.147491
-7.000000 -6.077491
-7.000000 -6.007491
-7.000000 -5.937491
-7.000000 -5.867491
-7.000000 -5.797491
-7.000000 -5.727491
-7.000000 -5.657491
-7.000000 -5.587491
-7.000000 -5.517491
-7.000000 -5.447491
-7.000000 -5.377491
-7.000000 -5.307491
-7.000000 -5.237491
-7.000000 -5.167491
-7.000000 -5.097491
-7.000000 -5.027491
-7.000000 -4.957491
-7.000000 -4.887491
-7.000000 -4.817491
-7.000000 -4.747491
-7.000000 -4.677491
-7.000000 -4.607491
-7.000000 -4.537491
-7.000000 -4.467491
-7.000000 -4.397491
-7.000000 -4.327491
-7.000000 -4.257491
-7.000000 -4.187491
-7.000000 -4.117491
-7.000000 -4.047491
-7.000000 -3.977491
-7.000000 -3.907491
-7.000000 -3.837491
-7.000000 -3.767491
-7.000000 -3.697491
-7.000000 -3.627491
-7.000000 -3.557491
-7.000000 -3.487491
-7.000000 -3.417491
-7.000000 -3.347491
-7.000000 -3.277491
-7.000000 -3.207491
-7.000000 -3.137491
-7.000000 -3.067491
-7.000000 -2.997491
-7.000000 -2.927491
-7.000000 -2.857491
-7.000000 -2.787491
-7.000000 -2.717491
-7.000000 -2.647491
-7.000000 -2.577491
-7.000000 -2.507491
-7.000000 -2.437491
-7.000000 -2.367491
-7.000000 -2.297491
-7.000000 -2.227491
-7.000000 -2.157491
-7.000000 -2.087491
-7.000000 -2.017491
-7.000000 -1.947491
-7.000000 -1.877491
-7.000000 -1.807491
-7.000000 -1.737491
-7.000000 -1.667491
-7.000000 -1.597491
-7.000000 -1.527491
-7.000000 -1.457491
-7.000000 -1.387491
-7.000000 -1.317491
-7.000000 -1.247491
-7.000000 -1.177491
-7.000000 -1.107491
-7.000000 -1.037491
-7.000000 -0.967491
-7.000000 -0.897491
-7.000000 -0.827491
-7.000000 -0.757491
-7.000000 -0.687491
-7.000000 -0.617491
-7.000000 -0.547491
-7.000000 -0.477491
-7.000000 -0.407491
-7.000000 -0.337491
-7.000000 -0.267491
-7.000000 -0.197491
-7.000000 -0.127491
-7.000000 -0.057491
-7.000000 0.012579
-7.000000 0.082579
-7.000000 0.152579
-7.000000 0.222579
-7.000000 0.292579
-7.000000 0.362579
-7.000000 0.432579
-7.000000 0.502579
-7.000000 0.572579
-7.000000 0.642579
-7.000000 0.712579
-7.000000 0.782579
-7.000000 0.852579
-7.000000 0.922579
-7.000000 0.992579
-7.000000 1.062579
-7.000000 1.132579
-7.000000 1.202579
-7.000000 1.272579
-7.000000 1.342579
-7.000000 1.412579
-7.000000 1.482579
-7.000000 1.552579
-7.000000 1.622579
-7.000000 1.692579
-7.000000 1.762579
-7.000000 1.832579
-7.000000 1.902579
-7.000000 1.972579
-7.000000 2.042579
-7.000000 2.112579
-7.000000 2.182579
-7.000000 2.252579
-7.000000 2.322579
-7.000000 2.392579
-7.000000 2.462579
13.000000 48.000000
12.605291 46.847988
12.239332 45.730185
11.899601 44.644121
11.583844 43.587538
11.290040 42.558371
11.016376 41.554727
10.761219 40.574868
10.523100 39.617197
10.300690 38.680239
10.092786 37.762637
9.898300 36.863135
9.716242 35.980571
9.545715 35.113866
9.385899 34.262021
9.236048 33.424105
9.095482 32.599254
8.963577 31.786659
8.839764 30.985567
8.723520 30.195274
8.614367 29.415121
8.511865 28.644489
8.415611 27.882798
8.325232 27.129503
8.240388 26.384090
8.160764 25.646076
8.086069 24.915005
8.016037 24.190444
7.950420 23.471985
7.888993 22.759243
7.831545 22.051847
7.777882 21.349451
7.727827 20.651720
7.681215 19.958339
7.637894 19.269003
7.597725 18.583423
7.560579 17.901322
7.526339 17.222432
7.494896 16.546497
7.466151 15.873270
7.440013 15.202512
7.416401 14.533992
7.395239 13.867486
7.376460 13.202777
7.360003 12.539654
7.345813 11.877909
7.333844 11.217341
7.324052 10.557752
7.316402 9.898947
7.310865 9.240736
7.307413 8.582929
7.306029 7.925339
7.306697 7.267782
7.309408 6.610073
7.314158 5.952028
7.320948 5.293463
7.329784 4.634196
7.340676 3.974040
7.353641 3.312812
5.000000 -10.002645
5.000000 -10.007645
5.000000 -10.012645
5.000000 -10.017645
5.000000 -10.022645
5.000000 -10.027645
5.000000 -10.032645
5.000000 -10.037645
5.000000 -10.042645
5.000000 -10.047645
5.000000 -10.052645
5.000000 -10.057645
5.000000 -10.062645
5.000000 -10.067645
5.000000 -10.072645
5.000000 -10.077645
5.000000 -10.082645
5.000000 -10.087645
5.000000 -10.092645
5.000000 -10.097645
5.000000 -10.102645
5.000000 -10.107645
5.000000 -10.112645
5.000000 -10.117645
5.000000 -10.122645
5.000000 -10.127645
5.000000 -10.132645
5.000000 -10.137645
5.000000 -10.142645
5.000000 -10.147645
5.000000 -10.152645
5.000000 -10.157645
5.000000 -10.162645
5.000000 -10.167645
5.000000 -10.172645
5.000000 -10.177645
5.000000 -10.182645
5.000000 -10.187645
5.000000 -10.192645
5.000000 -10.197645
5.000000 -10.202645
5.000000 -10.207645
5.000000 -10.212645
5.000000 -10.217645
5.000000 -10.222645
5.000000 -10.227645
5.000000 -10.232645
5.000000 -10.237645
5.000000 -10.242645
5.000000 -10.247645
5.000000 -10.252645
5.000000 -10.257645
5.000000 -10.262645
5.000000 -10.267645
5.000000 -10.272645
5.000000 -10.277645
5.000000 -10.282645
5.000000 -10.287645
5.000000 -10.292645
5.000000 -10.297645
5.000000 -10.302645
5.000000 -10.307645
5.000000 -10.312645
5.000000 -10.317645
5.000000 -10.322645
5.000000 -10.327645
5.000000 -10.332645
5.000000 -10.337645
5.000000 -10.342645
5.000000 -10.347645
5.000000 -10.352645
5.000000 -10.357645
5.000000 -10.362645
5.000000 -10.367645
5.000000 -10.372645
5.000000 -10.377645
5.000000 -10.382645
5.000000 -10.387645
5.000000 -10.392645
5.000000 -10.397645
5.000000 -10.402645
5.000000 -10.407645
5.000000 -10.412645
5.000000 -10.417645
5.000000 -10.422645
5.000000 -10.427645
5.000000 -10.432645
5.000000 -10.437645
5.000000 -10.442645
5.000000 -10.447645
5.000000 -10.452645
5.000000 -10.457645
5.000000 -10.462645
5.000000 -10.467645
5.000000 -10.472645
5.000000 -10.477645
5.000000 -10.482645
5.000000 -10.487645
5.000000 -10.492645
5.000000 -10.497645
5.000000 -10.502645
5.000000 -10.507645
5.000000 -10.512645
5.000000 -10.517645
5.000000 -10.522645
5.000000 -10.527645
5.000000 -10.532645
5.000000 -10.537645
5.000000 -10.542645
5.000000 -10.547645
5.000000 -10.552645
5.000000 -10.557645
5.000000 -10.562645
5.000000 -10.567645
5.000000 -10.572645
5.000000 -10.577645
5.000000 -10.582645
5.000000 -10.587645
5.000000 -10.592645
5.000000 -10.597645
5.000000 -10.602645
5.000000 -10.607645
5.000000 -10.612645
5.000000 -10.617645
5.000000 -10.622645
5.000000 -10.627645
5.000000 -10.632645
5.000000 -10.637645
5.000000 -10.642645
5.000000 -10.647645
5.000000 -10.652645
5.000000 -10.657645
5.000000 -10.662645
5.000000 -10.667645
5.000000 -10.672645
5.000000 -10.677645
5.000000 -10.682645
5.000000 -10.687645
5.000000 -10.692645
5.000000 -10.697645
5.000000 -10.702645
5.000000 -10.707645
-7.000000 -7.082135
-7.000000 -7.012135
-7.000000 -6.942135
-7.000000 -6.872135
-7.000000 -6.802135
-7.000000 -6.732135
-7.000000 -6.662135
-7.000000 -6.592135
-7.000000 -6.522135
-7.000000 -6.452135
-7.000000 -6.382135
-7.000000 -6.312135
-7.000000 -6.242135
-7.000000 -6.172135
-7.000000 -6.102135
-7.000000 -6.032135
-7.000000 -5.962135
-7.000000 -5.892135
-7.000000 -5.822135
-7.000000 -5.752135
-7.000000 -5.682135
-7.000000 -5.612135
-7.000000 -5.542135
-7.000000 -5.472135
-7.000000 -5.402135
-7.000000 -5.332135
-7.000000 -5.262135
-7.000000 -5.192135
-7.000000 -5.122135
-7.000000 -5.052135
-7.000000 -4.982135
-7.000000 -4.912135
-7.000000 -4.842135
-7.000000 -4.772135
-7.000000 -4.702135
-7.000000 -4.632135
-7.000000 -4.562135
-7.000000 -4.492135
-7.000000 -4.422135
-7.000000 -4.352135
-7.000000 -4.282135
-7.000000 -4.212135
-7.000000 -4.142135
-7.000000 -4.072135
-7.000000 -4.002135
-7.000000 -3.932135
-7.000000 -3.862135
-7.000000 -3.792135
-7.000000 -3.722135
-7.000000 -3.652135
-7.000000 -3.582135
-7.000000 -3.512135
-7.000000 -3.442135
-7.000000 -3.372135
-7.000000 -3.302135
-7.000000 -3.232135
-7.000000 -3.162135
-7.000000 -3.092135
-7.000000 -3.022135
-7.000000 -2.952135
-7.000000 -2.882135
-7.000000 -2.812135
-7.000000 -2.742135
-7.000000 -2.672135
-7.000000 -2.602135
-7.000000 -2.532135
-7.000000 -2.462135
-7.000000 -2.392135
-7.000000 -2.322135
-7.000000 -2.252135
-7.000000 -2.182135
-7.000000 -2.112135
-7.000000 -2.042135
-7.000000 -1.972135
-7.000000 -1.902135
-7.000000 -1.832135
-7.000000 -1.762135
-7.000000 -1.692135
-7.000000 -1.622135
-7.000000 -1.552135
-7.000000 -1.482135
-7.000000 -1.412135
-7.000000 -1.342135
-7.000000 -1.272135
-7.000000 -1.202135
-7.000000 -1.132135
-7.000000 -1.062135
-7.000000 -0.992135
-7.000000 -0.922135
-7.000000 -0.852135
-7.000000 -0.782135
-7.000000 -0.712135
-7.000000 -0.642135
-7.000000 -0.572135
-7.000000 -0.502135
-7.000000 -0.432135
-7.000000 -0.362135
-7.000000 -0.292135
-7.000000 -0.222135
-7.000000 -0.152135
-7.000000 -0.082135
-7.000000 -0.012135
-7.000000 0.057935
-7.000000 0.127935
-7.000000 0.197935
-7.000000 0.267935
-7.000000 0.337935
-7.000000 0.407935
-7.000000 0.477935
-7.000000 0.547935
-7.000000 0.617935
-7.000000 0.687935
-7.000000 0.757935
-7.000000 0.827935
-7.000000 0.897935
-7.000000 0.967935
-7.000000 1.037935
-7.000000 1.107935
-7.000000 1.177935
-7.000000 1.247935
-7.000000 1.317935
-7.000000 1.387935
-7.000000 1.457935
-7.000000 1.527935
-7.000000 1.597935
-7.000000 1.667935
-7.000000 1.737935
-7.000000 1.807935
-7.000000 1.877935
-7.000000 1.947935
-7.000000 2.017935
-7.000000 2.087935
-7.000000 2.157935
-7.000000 2.227935
-7.000000 2.297935
-7.000000 2.367935
-7.000000 2.437935
-7.000000 2.507935
-7.000000 2.577935
-7.000000 2.647935
-7.000000 2.717935
-7.000000 2.787935
-7.000000 2.857935
-7.000000 2.927935
-7.000000 2.997935
-7.000000 3.067935
-7.000000 3.137935
-7.000000 3.207935
-7.000000 3.277935
-7.000000 3.347935
-7.000000 3.417935
-7.000000 3.487935
-7.000000 3.557935
-7.000000 3.627935
-7.000000 3.697935
-7.000000 3.767935
-7.000000 3.837935
-7.000000 3.907935
-7.000000 3.977935
-7.000000 4.047935
-7.000000 4.117935
-7.000000 4.187935
-7.000000 4.257935
-7.000000 4.327935
-7.000000 4.397935
-7.000000 4.467935
-7.000000 4.537935
-7.000000 4.607935
-7.000000 4.677935
-7.000000 4.747935
-7.000000 4.817935
-7.000000 4.887935
-7.000000 4.957935
-7.000000 5.027935
-7.000000 5.097935
-7.000000 5.167935
-7.000000 5.237935
-7.000000 5.307935
-7.000000 5.377935
-7.000000 5.447935
-7.000000 5.517935
-7.000000 5.587935
-7.000000 5.657935
-7.000000 5.727935
-7.000000 5.797935
-7.000000 5.867935
-7.000000 5.937935
-7.000000 6.007935
-7.000000 6.077935
-7.000000 6.147935
-7.000000 6.217935
-7.000000 6.287935
-7.000000 6.357935
-7.000000 6.427935
-7.000000 6.497935
-7.000000 6.567935
-7.000000 6.637935
-7.000000 6.707935
-7.000000 6.777935
-7.000000 6.847935
-7.000000 6.917935
-7.000000 6.987935
-7.000000 7.057935
24.855890 66.335348
23.510288 64.159924
22.296386 62.099548
21.198114 60.143108
20.201763 58.280831
19.295587 56.504087
18.469471 54.805225
17.714674 53.177444
17.023607 51.614673
16.389660 50.111482
15.807052 48.662995
15.270713 47.264825
14.776182 45.913013
14.319520 44.603976
13.897242 43.334468
13.506254 42.101534
13.143803 40.902486
12.807433 39.734868
12.494950 38.596432
12.204387 37.485119
11.933978 36.399038
11.682134 35.336446
11.447426 34.295740
11.228559 33.275435
11.024366 32.274159
10.833789 31.290640
10.655869 30.323697
10.489732 29.372231
10.334589 28.435216
10.189717 27.511697
10.054459 26.600778
9.928216 25.701624
9.810442 24.813446
9.700637 23.935505
9.598345 23.067106
9.503151 22.207590
9.414672 21.356337
9.332561 20.512758
9.256501 19.676295
9.186201 18.846415
9.121396 18.022614
9.061845 17.204406
9.007330 16.391330
8.957651 15.582942
8.912628 14.778814
8.872098 13.978534
8.835917 13.181706
8.803953 12.387943
8.776091 11.596871
8.752230 10.808126
8.732282 10.021352
8.716171 9.236200
8.703834 8.452328
8.695221 7.669399
8.690291 6.887078
8.689018 6.105036
8.691383 5.322946
8.697381 4.540478
8.707018 3.757308
5.000000 -10.000180
5.000000 -10.005180
5.000000 -10.010180
5.000000 -10.015180
5.000000 -10.020180
5.000000 -10.025180
5.000000 -10.030180
5.000000 -10.035180
5.000000 -10.040180
5.000000 -10.045180
5.000000 -10.050180
5.000000 -10.055180
5.000000 -10.060180
5.000000 -10.065180
5.000000 -10.070180
5.000000 -10.075180
5.000000 -10.080180
5.000000 -10.085180
5.000000 -10.090180
5.000000 -10.095180
5.000000 -10.100180
5.000000 -10.105180
5.000000 -10.110180
5.000000 -10.115180
5.000000 -10.120180
5.000000 -10.125180
5.000000 -10.130180
5.000000 -10.135180
5.000000 -10.140180
5.000000 -10.145180
5.000000 -10.150180
5.000000 -10.155180
5.000000 -10.160180
5.000000 -10.165180
5.000000 -10.170180
5.000000 -10.175180
5.000000 -10.180180
5.000000 -10.185180
-7.000000 -5.000000
-7.000000 -4.930000
-7.000000 -4.860000
-7.000000 -4.790000
-7.000000 -4.720000
-7.000000 -4.650000
-7.000000 -4.580000
-7.000000 -4.510000
-7.000000 -4.440000
-7.000000 -4.370000
-7.000000 -4.300000
-7.000000 -4.230000
-7.000000 -4.160000
-7.000000 -4.090000
-7.000000 -4.020000
-7.000000 -3.950000
-7.000000 -3.880000
-7.000000 -3.810000
-7.000000 -3.740000
-7.000000 -3.670000
-7.000000 -3.600000
-7.000000 -3.530000
-7.000000 -3.460000
-7.000000 -3.390000
-7.000000 -3.320000
-7.000000 -3.250000
-7.000000 -3.180000
-7.000000 -3.110000
-7.000000 -3.040000
-7.000000 -2.970000
-7.000000 -2.900000
-7.000000 -2.830000
-7.000000 -2.760000
-7.000000 -2.690000
-7.000000 -2.620000
-7.000000 -2.550000
-7.000000 -2.480000
-7.000000 -2.410000
-7.000000 -2.340000
-7.000000 -2.270000
-7.000000 -2.200000
-7.000000 -2.130000
-7.000000 -2.060000
-7.000000 -1.990000
-7.000000 -1.920000
-7.000000 -1.850000
-7.000000 -1.780000
-7.000000 -1.710000
-7.000000 -1.640000
-7.000000 -1.570000
-7.000000 -1.500000
-7.000000 -1.430000
-7.000000 -1.360000
-7.000000 -1.290000
-7.000000 -1.220000
-7.000000 -1.150000
-7.000000 -1.080000
-7.000000 -1.010000
-7.000000 -0.940000
-7.000000 -0.870000
-7.000000 -0.800000
-7.000000 -0.730000
-7.000000 -0.660000
-7.000000 -0.590000
-7.000000 -0.520000
-7.000000 -0.450000
-7.000000 -0.380000
-7.000000 -0.310000
-7.000000 -0.240000
-7.000000 -0.170000
-7.000000 -0.100000
-7.000000 -0.030000
-7.000000 0.040070
-7.000000 0.110070
-7.000000 0.180070
-7.000000 0.250070
-7.000000 0.320070
-7.000000 0.390070
-7.000000 0.460070
-7.000000 0.530070
-7.000000 0.600070
-7.000000 0.670070
-7.000000 0.740070
-7.000000 0.810070
-7.000000 0.880070
-7.000000 0.950070
-7.000000 1.020070
-7.000000 1.090070
-7.000000 1.160070
-7.000000 1.230070
-7.000000 1.300070
-7.000000 1.370070
-7.000000 1.440070
-7.000000 1.510070
-7.000000 1.580070
-7.000000 1.650070
-7.000000 1.720070
-7.000000 1.790070
-7.000000 1.860070
-7.000000 1.930070
-7.000000 2.000070
-7.000000 2.070070
-7.000000 2.140070
-7.000000 2.210070
-7.000000 2.280070
-7.000000 2.350070
-7.000000 2.420070
-7.000000 2.490070
-7.000000 2.560070
-7.000000 2.630070
-7.000000 2.700070
-7.000000 2.770070
-7.000000 2.840070
-7.000000 2.910070
-7.000000 2.980070
-7.000000 3.050070
-7.000000 3.120070
-7.000000 3.190070
-7.000000 3.260070
-7.000000 3.330070
-7.000000 3.400070
-7.000000 3.470070
-7.000000 3.540070
-7.000000 3.610070
-7.000000 3.680070
-7.000000 3.750070
-7.000000 3.820070
-7.000000 3.890070
-7.000000 3.960070
-7.000000 4.030070
-7.000000 4.100070
-7.000000 4.170070
-7.000000 4.240070
-7.000000 4.310070
-7.000000 4.380070
-7.000000 4.450070
-7.000000 4.520070
-7.000000 4.590070
-7.000000 4.660070
-7.000000 4.730070
-7.000000 4.800070
-7.000000 4.870070
-7.000000 4.940070
-7.000000 5.010070
-7.000000 5.080070
-7.000000 5.150070
-7.000000 5.220070
-7.000000 5.290070
-7.000000 5.360070
-7.000000 5.430070
-7.000000 5.500070
-7.000000 5.570070
-7.000000 5.640070
-7.000000 5.710070
-7.000000 5.780070
-7.000000 5.850070
-7.000000 5.920070
-7.000000 5.990070
-7.000000 6.060070
-7.000000 6.130070
-7.000000 6.200070
-7.000000 6.270070
-7.000000 6.340070
-7.000000 6.410070
-7.000000 6.480070
-7.000000 6.550070
-7.000000 6.620070
-7.000000 6.690070
-7.000000 6.760070
-7.000000 6.830070
-7.000000 6.900070
-7.000000 6.970070
-7.000000 7.040070
-7.000000 7.110070
-7.000000 7.180070
-7.000000 7.250070
-7.000000 7.320070
-7.000000 7.390070
-7.000000 7.460070
-7.000000 7.530070
-7.000000 7.600070
-7.000000 7.670070
-7.000000 7.740070
-7.000000 7.810070
-7.000000 7.880070
-7.000000 7.950070
-7.000000 8.020070
-7.000000 8.090070
-7.000000 8.160070
32.051023 74.784945
29.993210 71.994778
28.161058 69.379404
26.523566 66.919953
25.054856 64.600103
23.733192 62.405671
22.540208 60.324271
21.460309 58.345043
20.480178 56.458424
19.588395 54.655962
18.775122 52.930159
18.031848 51.274341
17.351180 49.682549
16.726674 48.149445
16.152695 46.670233
15.624295 45.240593
15.137118 43.856623
14.687320 42.514791
14.271495 41.211887
13.886621 39.944993
13.530008 38.711448
13.199256 37.508816
12.892219 36.334870
12.606975 35.187563
12.341799 34.065013
12.095139 32.965484
11.865597 31.887375
11.651911 30.829201
11.452942 29.789589
11.267659 28.767261
11.095126 27.761028
10.934496 26.769781
10.785000 25.792485
10.645939 24.828168
10.516677 23.875922
10.396636 22.934890
10.285291 22.004267
10.182162 21.083291
10.086814 20.171244
9.998852 19.267443
9.917917 18.371240
9.843682 17.482017
9.775852 16.599185
9.714159 15.722180
9.658364 14.850459
9.608249 13.983504
9.563622 13.120810
9.524311 12.261892
9.490164 11.406279
9.461051 10.553512
9.436855 9.703142
9.417483 8.854733
9.402853 8.007853
9.392902 7.162079
9.387585 6.316992
9.386868 5.472176
9.390735 4.627218
9.399185 3.781706
5.000000 -10.000392
5.000000 -10.005392
5.000000 -10.010392
5.000000 -10.015392
5.000000 -10.020392
5.000000 -10.025392
5.000000 -10.030392
5.000000 -10.035392
5.000000 -10.040392
5.000000 -10.045392
5.000000 -10.050392
5.000000 -10.055392
5.000000 -10.060392
5.000000 -10.065392
5.000000 -10.070392
5.000000 -10.075392
5.000000 -10.080392
5.000000 -10.085392
5.000000 -10.090392
5.000000 -10.095392
5.000000 -10.100392
5.000000 -10.105392
5.000000 -10.110392
5.000000 -10.115392
5.000000 -10.120392
5.000000 -10.125392
5.000000 -10.130392
5.000000 -10.135392
5.000000 -10.140392
5.000000 -10.145392
5.000000 -10.150392
5.000000 -10.155392
5.000000 -10.160392
5.000000 -10.165392
5.000000 -10.170392
5.000000 -10.175392
5.000000 -10.180392
5.000000 -10.185392
5.000000 -10.190392
5.000000 -10.195392
5.000000 -10.200392
5.000000 -10.205392
5.000000 -10.210392
5.000000 -10.215392
5.000000 -10.220392
5.000000 -10.225392
5.000000 -10.230392
5.000000 -10.235392
5.000000 -10.240392
5.000000 -10.245392
5.000000 -10.250392
5.000000 -10.255392
5.000000 -10.260392
5.000000 -10.265392
5.000000 -10.270392
5.000000 -10.275392
5.000000 -10.280392
5.000000 -10.285392
5.000000 -10.290392
5.000000 -10.295392
5.000000 -10.300392
5.000000 -10.305392
5.000000 -10.310392
5.000000 -10.315392
5.000000 -10.320392
5.000000 -10.325392
5.000000 -10.330392
5.000000 -10.335392
5.000000 -10.340392
5.000000 -10.345392
5.000000 -10.350392
5.000000 -10.355392
5.000000 -10.360392
5.000000 -10.365392
5.000000 -10.370392
5.000000 -10.375392
5.000000 -10.380392
5.000000 -10.385392
5.000000 -10.390392
5.000000 -10.395392
5.000000 -10.400392
5.000000 -10.405392
5.000000 -10.410392
5.000000 -10.415392
5.000000 -10.420392
5.000000 -10.425392
5.000000 -10.430392
5.000000 -10.435392
5.000000 -10.440392
5.000000 -10.445392
5.000000 -10.450392
5.000000 -10.455392
5.000000 -10.460392
5.000000 -10.465392
5.000000 -10.470392
5.000000 -10.475392
5.000000 -10.480392
5.000000 -10.485392
5.000000 -10.490392
5.000000 -10.495392
5.000000 -10.500392
5.000000 -10.505392
5.000000 -10.510392
5.000000 -10.515392
5.000000 -10.520392
5.000000 -10.525392
5.000000 -10.530392
5.000000 -10.535392
5.000000 -10.540392
5.000000 -10.545392
5.000000 -10.550392
5.000000 -10.555392
5.000000 -10.560392
5.000000 -10.565392
5.000000 -10.570392
5.000000 -10.575392
5.000000 -10.580392
5.000000 -10.585392
5.000000 -10.590392
5.000000 -10.595392
5.000000 -10.600392
5.000000 -10.605392
5.000000 -10.610392
5.000000 -10.615392
5.000000 -10.620392
5.000000 -10.625392
5.000000 -10.630392
5.000000 -10.635392
5.000000 -10.640392
5.000000 -10.645392
5.000000 -10.650392
5.000000 -10.655392
5.000000 -10.660392
5.000000 -10.665392
5.000000 -10.670392
5.000000 -10.675392
5.000000 -10.680392
5.000000 -10.685392
5.000000 -10.690392
5.000000 -10.695392
5.000000 -10.700392
5.000000 -10.705392
5.000000 -10.710392
5.000000 -10.715392
5.000000 -10.720392
5.000000 -10.725392
5.000000 -10.730392
5.000000 -10.735392
5.000000 -10.740392
5.000000 -10.745392
5.000000 -10.750392
5.000000 -10.755392
5.000000 -10.760392
5.000000 -10.765392
5.000000 -10.770392
5.000000 -10.775392
5.000000 -10.780392
5.000000 -10.785392
5.000000 -10.790392
5.000000 -10.795392
5.000000 -10.800392
5.000000 -10.805392
5.000000 -10.810392
5.000000 -10.815392
5.000000 -10.820392
5.000000 -10.825392
5.000000 -10.830392
5.000000 -10.835392
5.000000 -10.840392
5.000000 -10.845392
5.000000 -10.850392
5.000000 -10.855392
5.000000 -10.860392
5.000000 -10.865392
5.000000 -10.870392
5.000000 -10.875392
5.000000 -10.880392
5.000000 -10.885392
5.000000 -10.890392
5.000000 -10.895392
5.000000 -10.900392
-7.000000 -8.938172
-7.000000 -8.868172
-7.000000 -8.798172
-7.000000 -8.728172
-7.000000 -8.658172
-7.000000 -8.588172
-7.000000 -8.518172
-7.000000 -8.448172
-7.000000 -8.378172
-7.000000 -8.308172
-7.000000 -8.238172
-7.000000 -8.168172
-7.000000 -8.098172
-7.000000 -8.028172
-7.000000 -7.958172
-7.000000 -7.888172
-7.000000 -7.818172
-7.000000 -7.748172
-7.000000 -7.678172
-7.000000 -7.608172
-7.000000 -7.538172
-7.000000 -7.468172
-7.000000 -7.398172
-7.000000 -7.328172
-7.000000 -7.258172
-7.000000 -7.188172
-7.000000 -7.118172
-7.000000 -7.048172
-7.000000 -6.978172
-7.000000 -6.908172
-7.000000 -6.838172
-7.000000 -6.768172
-7.000000 -6.698172
-7.000000 -6.628172
-7.000000 -6.558172
-7.000000 -6.488172
-7.000000 -6.418172
-7.000000 -6.348172
-7.000000 -6.278172
-7.000000 -6.208172
-7.000000 -6.138172
-7.000000 -6.068172
-7.000000 -5.998172
-7.000000 -5.928172
-7.000000 -5.858172
-7.000000 -5.788172
-7.000000 -5.718172
-7.000000 -5.648172
-7.000000 -5.578172
-7.000000 -5.508172
-7.000000 -5.438172
-7.000000 -5.368172
-7.000000 -5.298172
-7.000000 -5.228172
-7.000000 -5.158172
-7.000000 -5.088172
-7.000000 -5.018172
-7.000000 -4.948172
-7.000000 -4.878172
-7.000000 -4.808172
-7.000000 -4.738172
-7.000000 -4.668172
-7.000000 -4.598172
-7.000000 -4.528172
-7.000000 -4.458172
-7.000000 -4.388172
-7.000000 -4.318172
-7.000000 -4.248172
-7.000000 -4.178172
-7.000000 -4.108172
-7.000000 -4.038172
-7.000000 -3.968172
-7.000000 -3.898172
-7.000000 -3.000000
-7.000000 -2.930000
-7.000000 -2.860000
-7.000000 -2.790000
-7.000000 -2.720000
-7.000000 -2.650000
-7.000000 -2.580000
-7.000000 -2.510000
-7.000000 -2.440000
-7.000000 -2.370000
-7.000000 -2.300000
-7.000000 -2.230000
-7.000000 -2.160000
-7.000000 -2.090000
-7.000000 -2.020000
-7.000000 -1.950000
-7.000000 -1.880000
-7.000000 -1.810000
-7.000000 -1.740000
-7.000000 -1.670000
-7.000000 -1.600000
-7.000000 -1.530000
-7.000000 -1.460000
-7.000000 -1.390000
-7.000000 -1.320000
-7.000000 -1.250000
-7.000000 -1.180000
-7.000000 -1.110000
-7.000000 -1.040000
-7.000000 -0.970000
-7.000000 -0.900000
-7.000000 -0.830000
-7.000000 -0.760000
-7.000000 -0.690000
-7.000000 -0.620000
-7.000000 -0.550000
-7.000000 -0.480000
-7.000000 -0.410000
-7.000000 -0.340000
-7.000000 -0.270000
-7.000000 -0.200000
-7.000000 -0.130000
-7.000000 -0.060000
-7.000000 0.010070
-7.000000 0.080070
-7.000000 0.150070
-7.000000 0.220070
-7.000000 0.290070
-7.000000 0.360070
-7.000000 0.430070
-7.000000 0.500070
-7.000000 0.570070
-7.000000 0.640070
-7.000000 0.710070
-7.000000 0.780070
-7.000000 0.850070
-7.000000 0.920070
-7.000000 0.990070
-7.000000 1.060070
-7.000000 1.130070
-7.000000 1.200070
-7.000000 1.270070
-7.000000 1.340070
-7.000000 1.410070
-7.000000 1.480070
-7.000000 1.550070
-7.000000 1.620070
-7.000000 1.690070
-7.000000 1.760070
-7.000000 1.830070
-7.000000 1.900070
-7.000000 1.970070
-7.000000 2.040070
-7.000000 2.110070
-7.000000 2.180070
-7.000000 2.250070
-7.000000 2.320070
-7.000000 2.390070
-7.000000 2.460070
-7.000000 2.530070
-7.000000 2.600070
-7.000000 2.670070
-7.000000 2.740070
-7.000000 2.810070
-7.000000 2.880070
-7.000000 2.950070
-7.000000 3.020070
-7.000000 3.090070
-7.000000 3.160070
-7.000000 3.230070
-7.000000 3.300070
-7.000000 3.370070
-7.000000 3.440070
-7.000000 3.510070
-7.000000 3.580070
-7.000000 3.650070
-7.000000 3.720070
-7.000000 3.790070
-7.000000 3.860070
-7.000000 3.930070
-7.000000 4.000070
-7.000000 4.070070
-7.000000 4.140070
-7.000000 4.210070
-7.000000 4.280070
-7.000000 4.350070
-7.000000 4.420070
-7.000000 4.490070
-7.000000 4.560070
-7.000000 4.630070
-7.000000 4.700070
-7.000000 4.770070
11.302258 45.514673
11.006693 44.510929
10.731455 43.532858
10.474881 42.578707
10.235474 41.646865
10.011879 40.735848
9.802874 39.844289
9.607348 38.970926
9.424296 38.114592
9.252803 37.274206
9.092035 36.448766
8.941233 35.637341
8.799703 34.839066
8.666812 34.053135
8.541979 33.278798
8.424672 32.515354
8.314405 31.762146
8.210728 31.018563
8.113231 30.284030
8.021533 29.558007
7.935286 28.839990
7.854168 28.129502
7.777883 27.426095
7.706156 26.729346
7.638735 26.038858
7.575386 25.354252
7.515893 24.675173
7.460055 24.001282
7.407689 23.332258
7.358623 22.667799
7.312699 22.007612
7.269770 21.351423
7.229702 20.698968
7.192368 20.049995
7.157654 19.404263
7.125452 18.761541
7.095664 18.121609
7.068199 17.484252
7.042974 16.849266
7.019912 16.216452
6.998942 15.585619
6.980001 14.956582
6.963030 14.329160
6.947975 13.703179
6.934790 13.078468
6.923431 12.454862
6.913860 11.832197
6.906043 11.210314
6.899952 10.589057
6.895561 9.968272
6.892850 9.347806
6.891802 8.727509
6.892404 8.107232
6.894648 7.486827
6.898527 6.866146
6.904041 6.245043
6.911192 5.623370
6.919987 5.000979
6.930436 4.377722
6.942552 3.753451
6.956353 3.128013
5.000000 -10.003985
5.000000 -10.008985
5.000000 -10.013985
5.000000 -10.018985
5.000000 -10.023985
5.000000 -10.028985
5.000000 -10.033985
5.000000 -10.038985
5.000000 -10.043985
5.000000 -10.048985
5.000000 -10.053985
5.000000 -10.058985
5.000000 -10.063985
5.000000 -10.068985
5.000000 -10.073985
5.000000 -10.078985
5.000000 -10.083985
5.000000 -10.088985
5.000000 -10.093985
5.000000 -10.098985
5.000000 -10.103985
5.000000 -10.108985
5.000000 -10.113985
5.000000 -10.118985
5.000000 -10.123985
5.000000 -10.128985
5.000000 -10.133985
5.000000 -10.138985
5.000000 -10.143985
5.000000 -10.148985
5.000000 -10.153985
5.000000 -10.158985
5.000000 -10.163985
5.000000 -10.168985
5.000000 -10.173985
5.000000 -10.178985
5.000000 -10.183985
5.000000 -10.188985
5.000000 -10.193985
5.000000 -10.198985
5.000000 -10.203985
5.000000 -10.208985
5.000000 -10.213985
5.000000 -10.218985
5.000000 -10.223985
5.000000 -10.228985
5.000000 -10.233985
5.000000 -10.238985
5.000000 -10.243985
5.000000 -10.248985
5.000000 -10.253985
5.000000 -10.258985
5.000000 -10.263985
5.000000 -10.268985
5.000000 -10.273985
5.000000 -10.278985
5.000000 -10.283985
5.000000 -10.288985
5.000000 -10.293985
5.000000 -10.298985
5.000000 -10.303985
5.000000 -10.308985
5.000000 -10.313985
5.000000 -10.318985
5.000000 -10.323985
5.000000 -10.328985
5.000000 -10.333985
5.000000 -10.338985
5.000000 -10.343985
5.000000 -10.348985
5.000000 -10.353985
5.000000 -10.358985
5.000000 -10.363985
5.000000 -10.368985
5.000000 -10.373985
5.000000 -10.378985
5.000000 -10.383985
5.000000 -10.388985
5.000000 -10.393985
5.000000 -10.398985
5.000000 -10.403985
5.000000 -10.408985
5.000000 -10.413985
5.000000 -10.418985
5.000000 -10.423985
5.000000 -10.428985
5.000000 -10.433985
5.000000 -10.438985
5.000000 -10.443985
5.000000 -10.448985
5.000000 -10.453985
5.000000 -10.458985
5.000000 -10.463985
5.000000 -10.468985
5.000000 -10.473985
5.000000 -10.478985
5.000000 -10.483985
5.000000 -10.488985
5.000000 -10.493985
5.000000 -10.498985
5.000000 -10.503985
5.000000 -10.508985
5.000000 -10.513985
5.000000 -10.518985
5.000000 -10.523985
5.000000 -10.528985
5.000000 -10.533985
5.000000 -10.538985
5.000000 -10.543985
5.000000 -10.548985
5.000000 -10.553985
5.000000 -10.558985
5.000000 -10.563985
5.000000 -10.568985
5.000000 -10.573985
5.000000 -10.578985
5.000000 -10.583985
5.000000 -10.588985
5.000000 -10.593985
5.000000 -10.598985
5.000000 -10.603985
5.000000 -10.608985
5.000000 -10.613985
5.000000 -10.618985
5.000000 -10.623985
5.000000 -10.628985
5.000000 -10.633985
5.000000 -10.638985
5.000000 -10.643985
5.000000 -10.648985
5.000000 -10.653985
5.000000 -10.658985
5.000000 -10.663985
5.000000 -10.668985
-7.000000 -6.723016
-7.000000 -6.653016
-7.000000 -6.583016
-7.000000 -6.513016
-7.000000 -6.443016
-7.000000 -6.373016
-7.000000 -6.303016
-7.000000 -6.233016
-7.000000 -6.163016
-7.000000 -6.093016
-7.000000 -6.023016
-7.000000 -5.953016
-7.000000 -5.883016
-7.000000 -5.813016
-7.000000 -5.743016
-7.000000 -5.673016
-7.000000 -5.603016
-7.000000 -5.533016
-7.000000 -5.463016
-7.000000 -5.393016
-7.000000 -5.323016
-7.000000 -5.253016
-7.000000 -5.183016
-7.000000 -5.113016
-7.000000 -5.043016
-7.000000 -4.973016
-7.000000 -4.903016
-7.000000 -4.833016
-7.000000 -4.763016
-7.000000 -4.693016
-7.000000 -4.623016
-7.000000 -4.553016
-7.000000 -4.483016
-7.000000 -4.413016
-7.000000 -4.343016
-7.000000 -4.273016
-7.000000 -4.203016
-7.000000 -4.133016
-7.000000 -4.063016
-7.000000 -3.993016
-7.000000 -3.923016
-7.000000 -3.853016
-7.000000 -3.783016
-7.000000 -3.713016
-7.000000 -3.643016
-7.000000 -3.573016
-7.000000 -3.503016
-7.000000 -3.433016
-7.000000 -3.363016
-7.000000 -3.293016
-7.000000 -3.223016
-7.000000 -3.153016
-7.000000 -3.083016
-7.000000 -3.013016
-7.000000 -2.943016
-7.000000 -2.873016
-7.000000 -2.803016
-7.000000 -2.733016
-7.000000 -2.663016
-7.000000 -2.593016
-7.000000 -2.523016
-7.000000 -2.453016
-7.000000 -2.383016
-7.000000 -2.313016
-7.000000 -2.243016
-7.000000 -2.173016
-7.000000 -2.103016
-7.000000 -2.033016
-7.000000 -1.963016
-7.000000 -1.893016
-7.000000 -1.823016
-7.000000 -1.753016
-7.000000 -1.683016
-7.000000 -1.613016
-7.000000 -1.543016
-7.000000 -1.473016
-7.000000 -1.403016
-7.000000 -1.333016
-7.000000 -1.263016
-7.000000 -1.193016
-7.000000 -1.123016
-7.000000 -1.053016
-7.000000 -0.983016
-7.000000 -0.913016
-7.000000 -0.843016
-7.000000 -0.773016
-7.000000 -0.703016
-7.000000 -0.633016
-7.000000 -0.563016
-7.000000 -0.493016
-7.000000 -0.423016
-7.000000 -0.353016
-7.000000 -0.283016
-7.000000 -0.213016
-7.000000 -0.143016
-7.000000 -0.073016
-7.000000 -0.003016
-7.000000 0.067054
-7.000000 0.137054
-7.000000 0.207054
-7.000000 0.277054
-7.000000 0.347054
-7.000000 0.417054
-7.000000 0.487054
-7.000000 0.557054
-7.000000 0.627054
-7.000000 0.697054
-7.000000 0.767054
-7.000000 0.837054
-7.000000 0.907054
-7.000000 0.977054
-7.000000 1.047054
-7.000000 1.117054
-7.000000 1.187054
-7.000000 1.257054
-7.000000 1.327054
-7.000000 1.397054
-7.000000 1.467054
-7.000000 1.537054
-7.000000 1.607054
-7.000000 1.677054
-7.000000 1.747054
-7.000000 1.817054
-7.000000 1.887054
-7.000000 1.957054
-7.000000 2.027054
-7.000000 2.097054
-7.000000 2.167054
-7.000000 2.237054
-7.000000 2.307054
-7.000000 2.377054
-7.000000 2.447054
-7.000000 2.517054
-7.000000 2.587054
-7.000000 2.657054
-7.000000 2.727054
-7.000000 2.797054
-7.000000 2.867054
-7.000000 2.937054
-7.000000 3.007054
-7.000000 3.077054
-7.000000 3.147054
-7.000000 3.217054
-7.000000 3.287054
-7.000000 3.357054
-7.000000 3.427054
-7.000000 3.497054
-7.000000 3.567054
-7.000000 3.637054
-7.000000 3.707054
-7.000000 3.777054
-7.000000 3.847054
-7.000000 3.917054
-7.000000 3.987054
-7.000000 4.057054
-7.000000 4.127054
-7.000000 4.197054
-7.000000 4.267054
-7.000000 4.337054
-7.000000 4.407054
-7.000000 4.477054
-7.000000 4.547054
-7.000000 4.617054
-7.000000 4.687054
-7.000000 4.757054
-7.000000 4.827054
-7.000000 4.897054
-7.000000 4.967054
-7.000000 5.037054
-7.000000 5.107054
-7.000000 5.177054
-7.000000 5.247054
-7.000000 5.317054
-7.000000 5.387054
-7.000000 5.457054
-7.000000 5.527054
-7.000000 5.597054
-7.000000 5.667054
-7.000000 5.737054
-7.000000 5.807054
-7.000000 5.877054
-7.000000 5.947054
-7.000000 6.017054
-7.000000 6.087054
-7.000000 6.157054
-7.000000 6.227054
-7.000000 6.297054
-7.000000 6.367054
-7.000000 6.437054
-7.000000 6.507054
-7.000000 6.577054
-7.000000 6.647054
-7.000000 6.717054
21.768958 62.052981
2.000000 12.000000
2.039553 11.818213
2.078220 11.632907
2.116017 11.444160
2.152960 11.252050
2.189062 11.056652
2.224339 10.858043
2.258805 10.656296
2.292476 10.451482
2.325364 10.243673
2.357486 10.032940
2.388854 9.819349
2.419483 9.602968
2.449386 9.383864
2.478578 9.162100
2.507071 8.937740
2.534879 8.710848
2.562014 8.481482
2.588490 8.249705
2.614318 8.015574
2.639511 7.779147
2.664081 7.540480
2.688039 7.299630
2.711398 7.056651
2.734167 6.811596
2.756358 6.564519
2.777982 6.315469
2.799049 6.064498
2.819569 5.811657
2.839552 5.556992
2.859007 5.300553
2.877944 5.042386
2.896372 4.782538
2.914299 4.521054
2.931735 4.257979
2.948686 3.993357
2.965162 3.727230
2.981169 3.459642
2.996715 3.190634
5.000000 -10.001475
5.000000 -10.006475
5.000000 -10.011475
5.000000 -10.016475
5.000000 -10.021475
5.000000 -10.026475
5.000000 -10.031475
5.000000 -10.036475
5.000000 -10.041475
5.000000 -10.046475
5.000000 -10.051475
5.000000 -10.056475
5.000000 -10.061475
5.000000 -10.066475
5.000000 -10.071475
5.000000 -10.076475
5.000000 -10.081475
5.000000 -10.086475
5.000000 -10.091475
5.000000 -10.096475
5.000000 -10.101475
5.000000 -10.106475
5.000000 -10.111475
5.000000 -10.116475
5.000000 -10.121475
5.000000 -10.126475
5.000000 -10.131475
5.000000 -10.136475
5.000000 -10.141475
5.000000 -10.146475
5.000000 -10.151475
5.000000 -10.156475
5.000000 -10.161475
5.000000 -10.166475
5.000000 -10.171475
5.000000 -10.176475
5.000000 -10.181475
5.000000 -10.186475
5.000000 -10.191475
5.000000 -10.196475
5.000000 -10.201475
5.000000 -10.206475
5.000000 -10.211475
5.000000 -10.216475
5.000000 -10.221475
5.000000 -10.226475
5.000000 -10.231475
5.000000 -10.236475
5.000000 -10.241475
5.000000 -10.246475
5.000000 -10.251475
5.000000 -10.256475
5.000000 -10.261475
5.000000 -10.266475
5.000000 -10.271475
5.000000 -10.276475
5.000000 -10.281475
5.000000 -10.286475
5.000000 -10.291475
-7.000000 -2.961901
-7.000000 -2.891901
-7.000000 -2.821901
-7.000000 -2.751901
-7.000000 -2.681901
-7.000000 -2.611901
-7.000000 -2.541901
-7.000000 -2.471901
-7.000000 -2.401901
-7.000000 -2.331901
-7.000000 -2.261901
-7.000000 -2.191901
-7.000000 -2.121901
-7.000000 -2.051901
-7.000000 -1.981901
-7.000000 -1.911901
-7.000000 -1.841901
-7.000000 -1.771901
-7.000000 -1.701901
-7.000000 -1.631901
-7.000000 -1.561901
-7.000000 -1.491901
-7.000000 -1.421901
-7.000000 -1.351901
-7.000000 -1.281901
-7.000000 -1.211901
-7.000000 -1.141901
-7.000000 -1.071901
-7.000000 -1.001901
-7.000000 -0.931901
-7.000000 -0.861901
-7.000000 -0.791901
-7.000000 -0.721901
-7.000000 -0.651901
-7.000000 -0.581901
-7.000000 -0.511901
-7.000000 -0.441901
-7.000000 -0.371901
-7.000000 -0.301901
-7.000000 -0.231901
-7.000000 -0.161901
-7.000000 -0.091901
-7.000000 -0.021901
-7.000000 0.048169
-7.000000 0.118169
-7.000000 0.188169
-7.000000 0.258169
-7.000000 0.328169
-7.000000 0.398169
-7.000000 0.468169
-7.000000 0.538169
-7.000000 0.608169
-7.000000 0.678169
-7.000000 0.748169
-7.000000 0.818169
-7.000000 0.888169
-7.000000 0.958169
-7.000000 1.028169
-7.000000 1.098169
-7.000000 1.168169
-7.000000 1.238169
-7.000000 1.308169
-7.000000 1.378169
-7.000000 1.448169
-7.000000 1.518169
-7.000000 1.588169
-7.000000 1.658169
-7.000000 1.728169
-7.000000 1.798169
-7.000000 1.868169
-7.000000 1.938169
-7.000000 2.008169
-7.000000 2.078169
-7.000000 2.148169
-7.000000 2.218169
-7.000000 2.288169
-7.000000 2.358169
-7.000000 2.428169
-7.000000 2.498169
-7.000000 2.568169
-7.000000 2.638169
-7.000000 2.708169
-7.000000 2.778169
-7.000000 2.848169
-7.000000 2.918169
4.398673 29.537640
4.416378 29.140958
4.433541 28.742708
4.450190 28.342936
4.466355 27.941688
4.482064 27.539006
4.497342 27.134930
4.512215 26.729497
4.526706 26.322742
4.540838 25.914700
4.554633 25.505402
4.568112 25.094876
4.581295 24.683150
4.594201 24.270251
4.606849 23.856202
4.619255 23.441025
4.631437 23.024743
4.643412 22.607373
4.655194 22.188934
4.666799 21.769443
4.678241 21.348916
4.689535 20.927364
4.700695 20.504803
4.711733 20.081243
4.722662 19.656695
4.733495 19.231167
4.744244 18.804668
4.754921 18.377205
4.765537 17.948784
4.776104 17.519410
4.786632 17.089086
4.797133 16.657817
4.807617 16.225603
4.818096 15.792446
4.828578 15.358346
4.839075 14.923301
4.849597 14.487311
4.860154 14.050373
4.870757 13.612482
4.881414 13.173635
4.892137 12.733826
4.902935 12.293048
4.913819 11.851295
4.924799 11.408558
4.935885 10.964828
4.947087 10.520095
4.958417 10.074348
4.969884 9.627576
4.981500 9.179765
4.993276 8.730901
5.005222 8.280970
5.017351 7.829956
5.029673 7.377841
5.042202 6.924608
5.054949 6.470238
5.067926 6.014711
5.081148 5.558004
5.094627 5.100096
5.108378 4.640963
5.122414 4.180580
5.136750 3.718920
5.151402 3.255955
5.000000 -10.002247
5.000000 -10.007247
5.000000 -10.012247
5.000000 -10.017247
5.000000 -10.022247
5.000000 -10.027247
5.000000 -10.032247
5.000000 -10.037247
5.000000 -10.042247
5.000000 -10.047247
5.000000 -10.052247
5.000000 -10.057247
5.000000 -10.062247
5.000000 -10.067247
5.000000 -10.072247
5.000000 -10.077247
5.000000 -10.082247
5.000000 -10.087247
5.000000 -10.092247
5.000000 -10.097247
5.000000 -10.102247
5.000000 -10.107247
5.000000 -10.112247
5.000000 -10.117247
5.000000 -10.122247
5.000000 -10.127247
5.000000 -10.132247
5.000000 -10.137247
5.000000 -10.142247
5.000000 -10.147247
5.000000 -10.152247
5.000000 -10.157247
5.000000 -10.162247
5.000000 -10.167247
5.000000 -10.172247
5.000000 -10.177247
5.000000 -10.182247
5.000000 -10.187247
5.000000 -10.192247
5.000000 -10.197247
5.000000 -10.202247
5.000000 -10.207247
5.000000 -10.212247
5.000000 -10.217247
5.000000 -10.222247
5.000000 -10.227247
5.000000 -10.232247
5.000000 -10.237247
5.000000 -10.242247
5.000000 -10.247247
5.000000 -10.252247
5.000000 -10.257247
5.000000 -10.262247
5.000000 -10.267247
5.000000 -10.272247
5.000000 -10.277247
5.000000 -10.282247
5.000000 -10.287247
5.000000 -10.292247
5.000000 -10.297247
5.000000 -10.302247
5.000000 -10.307247
5.000000 -10.312247
5.000000 -10.317247
5.000000 -10.322247
5.000000 -10.327247
5.000000 -10.332247
5.000000 -10.337247
5.000000 -10.342247
5.000000 -10.347247
5.000000 -10.352247
5.000000 -10.357247
5.000000 -10.362247
5.000000 -10.367247
5.000000 -10.372247
5.000000 -10.377247
5.000000 -10.382247
5.000000 -10.387247
5.000000 -10.392247
5.000000 -10.397247
5.000000 -10.402247
5.000000 -10.407247
5.000000 -10.412247
5.000000 -10.417247
5.000000 -10.422247
5.000000 -10.427247
5.000000 -10.432247
5.000000 -10.437247
5.000000 -10.442247
5.000000 -10.447247
5.000000 -10.452247
5.000000 -10.457247
5.000000 -10.462247
5.000000 -10.467247
5.000000 -10.472247
5.000000 -10.477247
5.000000 -10.482247
5.000000 -10.487247
5.000000 -10.492247
5.000000 -10.497247
5.000000 -10.502247
-7.000000 -4.977874
-7.000000 -4.907874
-7.000000 -4.837874
-7.000000 -4.767874
-7.000000 -4.697874
-7.000000 -4.627874
-7.000000 -4.557874
-7.000000 -4.487874
-7.000000 -4.417874
-7.000000 -4.347874
-7.000000 -4.277874
-7.000000 -4.207874
-7.000000 -4.137874
-7.000000 -4.067874
-7.000000 -3.997874
-7.000000 -3.927874
-7.000000 -3.857874
-7.000000 -3.787874
-7.000000 -3.717874
-7.000000 -3.647874
-7.000000 -3.577874
-7.000000 -3.507874
-7.000000 -3.437874
-7.000000 -3.367874
-7.000000 -3.297874
-7.000000 -3.227874
-7.000000 -3.157874
-7.000000 -3.087874
-7.000000 -3.017874
-7.000000 -2.947874
-7.000000 -2.877874
-7.000000 -2.807874
-7.000000 -2.737874
-7.000000 -2.667874
-7.000000 -2.597874
-7.000000 -2.527874
-7.000000 -2.457874
-7.000000 -2.387874
-7.000000 -2.317874
-7.000000 -2.247874
-7.000000 -2.177874
-7.000000 -2.107874
-7.000000 -2.037874
-7.000000 -1.967874
-7.000000 -1.897874
-7.000000 -1.827874
-7.000000 -1.757874
-7.000000 -1.687874
-7.000000 -1.617874
-7.000000 -1.547874
-7.000000 -1.477874
-7.000000 -1.407874
-7.000000 -1.337874
-7.000000 -1.267874
-7.000000 -1.197874
-7.000000 -1.127874
-7.000000 -1.057874
-7.000000 -0.987874
-7.000000 -0.917874
-7.000000 -0.847874
-7.000000 -0.777874
-7.000000 -0.707874
-7.000000 -0.637874
-7.000000 -0.567874
-7.000000 -0.497874
-7.000000 -0.427874
-7.000000 -0.357874
-7.000000 -0.287874
-7.000000 -0.217874
-7.000000 -0.147874
-7.000000 -0.077874
-7.000000 -0.007874
-7.000000 0.062196
-7.000000 0.132196
-7.000000 0.202196
-7.000000 0.272196
-7.000000 0.342196
-7.000000 0.412196
-7.000000 0.482196
-7.000000 0.552196
-7.000000 0.622196
-7.000000 0.692196
-7.000000 0.762196
-7.000000 0.832196
-7.000000 0.902196
-7.000000 0.972196
-7.000000 1.042196
-7.000000 1.112196
-7.000000 1.182196
-7.000000 1.252196
-7.000000 1.322196
-7.000000 1.392196
-7.000000 1.462196
-7.000000 1.532196
-7.000000 1.602196
-7.000000 1.672196
-7.000000 1.742196
-7.000000 1.812196
-7.000000 1.882196
-7.000000 1.952196
-7.000000 2.022196
-7.000000 2.092196
-7.000000 2.162196
-7.000000 2.232196
-7.000000 2.302196
-7.000000 2.372196
-7.000000 2.442196
-7.000000 2.512196
-7.000000 2.582196
-7.000000 2.652196
-7.000000 2.722196
-7.000000 2.792196
-7.000000 2.862196
-7.000000 2.932196
-7.000000 3.002196
-7.000000 3.072196
-7.000000 3.142196
-7.000000 3.212196
-7.000000 3.282196
-7.000000 3.352196
-7.000000 3.422196
-7.000000 3.492196
-7.000000 3.562196
-7.000000 3.632196
-7.000000 3.702196
-7.000000 3.772196
-7.000000 3.842196
-7.000000 3.912196
-7.000000 3.982196
-7.000000 4.052196
-7.000000 4.122196
-7.000000 4.192196
-7.000000 4.262196
-7.000000 4.332196
-7.000000 4.402196
-7.000000 4.472196
-7.000000 4.542196
-7.000000 4.612196
-7.000000 4.682196
-7.000000 4.752196
-7.000000 4.822196
-7.000000 4.892196
-7.000000 4.962196
-7.000000 5.032196
12.291116 47.193391
11.936943 46.103327
11.608008 45.043985
11.302154 44.013193
11.017446 43.008963
10.752146 42.029471
10.504689 41.073041
10.273662 40.138134
10.057789 39.223328
9.855914 38.327312
9.666990 37.448875
