-0.507000 -1.000000
-0.509557 -1.000000
-0.512101 -1.000000
-0.514631 -1.000000
-0.517148 -1.000000
-0.519653 -1.000000
-0.522144 -1.000000
-0.524623 -1.000000
-0.527088 -1.000000
-0.529541 -1.000000
-0.528152 1.000000
-0.520227 1.000000
-0.512342 1.000000
-0.504498 1.000000
-0.496695 1.000000
-0.488932 1.000000
-0.481210 1.000000
-0.473528 1.000000
-0.465885 1.000000
-0.458282 1.000000
-0.450719 1.000000
-0.443195 1.000000
-0.435710 1.000000
-0.428263 1.000000
-0.420856 1.000000
-0.413486 1.000000
-0.406155 1.000000
-0.398862 1.000000
-0.391607 1.000000
-0.384390 1.000000
-0.377209 1.000000
-0.370067 1.000000
-0.362961 1.000000
-0.355892 1.000000
-0.348859 1.000000
-0.341864 1.000000
-0.334904 1.000000
-0.327980 1.000000
-0.321093 1.000000
-0.314241 1.000000
-0.307425 1.000000
-0.300644 1.000000
-0.293898 1.000000
-0.287187 1.000000
-0.280511 1.000000
-0.273870 1.000000
-0.267263 1.000000
-0.260690 1.000000
-0.254152 1.000000
-0.247647 1.000000
-0.241176 1.000000
-0.234739 1.000000
-0.228335 1.000000
-0.221964 1.000000
-0.215626 1.000000
-0.209321 1.000000
-0.203049 1.000000
-0.196810 1.000000
-0.190602 1.000000
-0.184427 1.000000
-0.178284 1.000000
-0.172173 1.000000
-0.166094 1.000000
-0.160046 1.000000
-0.154029 1.000000
-0.148044 1.000000
-0.142089 1.000000
-0.136166 1.000000
-0.130273 1.000000
-0.124411 1.000000
-0.118579 1.000000
-0.112778 1.000000
-0.107006 1.000000
-0.101265 1.000000
-0.095553 1.000000
-0.089871 1.000000
-0.084218 1.000000
-0.078595 1.000000
-0.073001 1.000000
-0.067436 1.000000
-0.061900 1.000000
-0.056392 1.000000
-0.050913 1.000000
-0.045462 1.000000
-0.040040 1.000000
-0.034646 1.000000
-0.029280 1.000000
-0.023941 1.000000
-0.018631 1.000000
-0.013348 1.000000
-0.008092 1.000000
-0.002863 1.000000
0.002338 1.000000
0.007512 1.000000
0.012660 1.000000
0.017781 1.000000
0.022875 1.000000
0.027943 1.000000
0.032984 1.000000
0.038000 1.000000
0.042989 1.000000
0.047953 1.000000
0.052891 1.000000
0.057803 1.000000
0.062689 1.000000
0.067551 1.000000
0.072387 1.000000
0.077198 1.000000
0.081984 1.000000
0.086745 1.000000
0.091482 1.000000
0.096194 1.000000
0.100882 1.000000
0.105545 1.000000
0.110184 1.000000
0.114799 1.000000
0.119390 1.000000
0.123957 1.000000
0.128501 1.000000
0.133021 1.000000
0.137518 1.000000
0.141991 1.000000
0.146441 1.000000
0.150868 1.000000
0.155272 1.000000
0.159653 1.000000
0.164012 1.000000
0.168348 1.000000
0.172661 1.000000
0.176952 1.000000
0.181221 1.000000
0.185467 1.000000
0.189692 1.000000
0.193895 1.000000
0.198075 1.000000
0.202235 1.000000
0.206372 1.000000
0.210488 1.000000
0.214583 1.000000
0.218657 1.000000
0.222709 1.000000
0.226741 1.000000
0.230751 1.000000
0.234741 1.000000
0.238710 1.000000
0.242658 1.000000
0.246586 1.000000
0.250494 1.000000
0.254381 1.000000
0.258248 1.000000
0.262095 1.000000
0.265922 1.000000
0.269730 1.000000
0.273517 1.000000
0.277285 1.000000
0.281034 1.000000
0.284763 1.000000
0.288472 1.000000
0.292162 1.000000
0.295834 1.000000
0.299486 1.000000
0.303119 1.000000
0.306733 1.000000
0.310329 1.000000
0.313906 1.000000
0.317464 1.000000
0.321004 1.000000
0.324526 1.000000
0.328029 1.000000
0.331515 1.000000
0.334982 1.000000
0.338431 1.000000
0.341862 1.000000
0.345275 1.000000
0.348671 1.000000
0.352049 1.000000
0.355410 1.000000
0.358753 1.000000
0.362079 1.000000
0.365387 1.000000
0.368679 1.000000
0.371953 1.000000
0.375211 1.000000
0.378451 1.000000
0.381675 1.000000
0.384882 1.000000
0.388072 1.000000
0.391246 1.000000
0.384116 -1.000000
0.376937 -1.000000
0.369796 -1.000000
0.362691 -1.000000
0.355624 -1.000000
0.348593 -1.000000
0.341598 -1.000000
0.334640 -1.000000
0.327718 -1.000000
0.320832 -1.000000
0.313981 -1.000000
0.307166 -1.000000
0.300387 -1.000000
0.293642 -1.000000
0.286933 -1.000000
0.280258 -1.000000
0.273618 -1.000000
0.267012 -1.000000
0.260441 -1.000000
0.253904 -1.000000
0.247400 -1.000000
0.240931 -1.000000
0.234495 -1.000000
0.228092 -1.000000
0.221722 -1.000000
0.215386 -1.000000
0.209082 -1.000000
0.202811 -1.000000
0.196573 -1.000000
0.190367 -1.000000
0.184193 -1.000000
0.178051 -1.000000
0.171941 -1.000000
0.165863 -1.000000
0.159816 -1.000000
0.153801 -1.000000
0.147817 -1.000000
0.141864 -1.000000
0.135941 -1.000000
0.130050 -1.000000
0.124189 -1.000000
0.118358 -1.000000
0.112558 -1.000000
0.106787 -1.000000
0.101047 -1.000000
0.095337 -1.000000
0.089656 -1.000000
0.084004 -1.000000
0.078382 -1.000000
0.072789 -1.000000
0.067225 -1.000000
0.061690 -1.000000
0.056183 -1.000000
0.050705 -1.000000
0.045256 -1.000000
0.039835 -1.000000
0.034441 -1.000000
0.029076 -1.000000
0.023739 -1.000000
0.018429 -1.000000
0.013147 -1.000000
0.007893 -1.000000
0.002665 -1.000000
0.065000 1.000000
0.069849 1.000000
0.074674 1.000000
0.079473 1.000000
0.084247 1.000000
0.088997 1.000000
0.093722 1.000000
0.098422 1.000000
0.103098 1.000000
0.107750 1.000000
0.112378 1.000000
0.116981 1.000000
0.121561 1.000000
0.126117 1.000000
0.130649 1.000000
0.135158 1.000000
0.139644 1.000000
0.144106 1.000000
0.148545 1.000000
0.152961 1.000000
0.157354 1.000000
0.161725 1.000000
0.166072 1.000000
0.170398 1.000000
0.174700 1.000000
0.178981 1.000000
0.183239 1.000000
0.187475 1.000000
0.191689 1.000000
0.195882 1.000000
0.200052 1.000000
0.204201 1.000000
0.208329 1.000000
0.212435 1.000000
0.216519 1.000000
0.216794 -1.000000
0.210484 -1.000000
0.204205 -1.000000
0.197960 -1.000000
0.191747 -1.000000
0.185566 -1.000000
0.179417 -1.000000
0.173300 -1.000000
0.167214 -1.000000
0.161160 -1.000000
0.155138 -1.000000
0.149147 -1.000000
0.143187 -1.000000
0.137258 -1.000000
0.131359 -1.000000
0.125492 -1.000000
0.119654 -1.000000
0.113847 -1.000000
0.108070 -1.000000
0.102323 -1.000000
0.096606 -1.000000
0.090918 -1.000000
0.085260 -1.000000
0.079632 -1.000000
0.074032 -1.000000
0.068462 -1.000000
0.062920 -1.000000
0.057407 -1.000000
0.051923 -1.000000
0.046467 -1.000000
0.041040 -1.000000
0.035640 -1.000000
0.030269 -1.000000
0.024925 -1.000000
0.019610 -1.000000
0.014322 -1.000000
0.009061 -1.000000
0.003827 -1.000000
-0.001379 -1.000000
-0.006558 -1.000000
-0.011711 -1.000000
-0.016837 -1.000000
-0.021936 -1.000000
-0.027009 -1.000000
-0.032055 -1.000000
-0.037075 -1.000000
-0.042070 -1.000000
-0.047038 -1.000000
-0.051980 -1.000000
-0.056897 -1.000000
-0.061789 -1.000000
-0.066655 -1.000000
-0.071496 -1.000000
-0.076311 -1.000000
-0.081102 -1.000000
-0.085868 -1.000000
-0.090609 -1.000000
-0.095326 -1.000000
-0.100018 -1.000000
-0.104685 -1.000000
-0.109329 -1.000000
-0.113948 -1.000000
-0.118544 -1.000000
-0.123116 -1.000000
-0.127664 -1.000000
-0.132188 -1.000000
-0.136689 -1.000000
-0.141166 -1.000000
-0.145621 -1.000000
-0.150052 -1.000000
-0.154460 -1.000000
-0.158846 -1.000000
-0.163208 -1.000000
-0.167548 -1.000000
-0.171866 -1.000000
-0.176161 -1.000000
-0.180434 -1.000000
-0.184684 -1.000000
-0.188913 -1.000000
-0.188228 1.000000
-0.182065 1.000000
-0.175934 1.000000
-0.169835 1.000000
-0.163768 1.000000
-0.157732 1.000000
-0.151728 1.000000
-0.145754 1.000000
-0.139812 1.000000
-0.133900 1.000000
-0.128019 1.000000
-0.122169 1.000000
-0.116348 1.000000
-0.110558 1.000000
-0.104799 1.000000
-0.099069 1.000000
-0.093368 1.000000
-0.087697 1.000000
-0.082056 1.000000
-0.076444 1.000000
-0.070861 1.000000
-0.065307 1.000000
-0.059782 1.000000
-0.054285 1.000000
-0.048817 1.000000
-0.043377 1.000000
-0.037966 1.000000
-0.032583 1.000000
-0.027227 1.000000
-0.021899 1.000000
-0.016599 1.000000
-0.011327 1.000000
-0.006081 1.000000
-0.000863 1.000000
0.004328 1.000000
0.009492 1.000000
0.014629 1.000000
0.019740 1.000000
0.024824 1.000000
0.029881 1.000000
0.034913 1.000000
0.039918 1.000000
0.044898 1.000000
0.049851 1.000000
0.054779 1.000000
0.059682 1.000000
0.064559 1.000000
0.069410 1.000000
0.074237 1.000000
0.079038 1.000000
0.083815 1.000000
0.088567 1.000000
0.093294 1.000000
0.097997 1.000000
0.102675 1.000000
0.107329 1.000000
0.111959 1.000000
0.116564 1.000000
0.121146 1.000000
0.125705 1.000000
0.130239 1.000000
0.134750 1.000000
0.139238 1.000000
0.143702 1.000000
0.148143 1.000000
0.152561 1.000000
0.156957 1.000000
0.161329 1.000000
0.165679 1.000000
0.168832 -1.000000
0.162770 -1.000000
0.156739 -1.000000
0.150740 -1.000000
0.144771 -1.000000
0.138834 -1.000000
0.132928 -1.000000
0.127052 -1.000000
0.121206 -1.000000
0.115391 -1.000000
0.109606 -1.000000
0.103851 -1.000000
0.098126 -1.000000
0.092431 -1.000000
0.086765 -1.000000
0.081128 -1.000000
0.075521 -1.000000
0.069943 -1.000000
0.064393 -1.000000
0.058873 -1.000000
0.053381 -1.000000
0.047918 -1.000000
0.042483 -1.000000
0.037076 -1.000000
0.031697 -1.000000
0.026346 -1.000000
0.021023 -1.000000
0.015727 -1.000000
0.010459 -1.000000
0.005219 -1.000000
0.000005 -1.000000
-0.005181 -1.000000
-0.010341 -1.000000
-0.015474 -1.000000
-0.020580 -1.000000
-0.025660 -1.000000
-0.030713 -1.000000
-0.035741 -1.000000
-0.040742 -1.000000
-0.045717 -1.000000
-0.050666 -1.000000
-0.055590 -1.000000
-0.060488 -1.000000
-0.065361 -1.000000
-0.070209 -1.000000
-0.075031 -1.000000
-0.079828 -1.000000
-0.084601 -1.000000
-0.089348 -1.000000
-0.094072 -1.000000
-0.098770 -1.000000
-0.103444 -1.000000
-0.108094 -1.000000
-0.112720 -1.000000
-0.117322 -1.000000
-0.121900 -1.000000
-0.126454 -1.000000
-0.130985 -1.000000
-0.135492 -1.000000
-0.139976 -1.000000
-0.144436 -1.000000
-0.148874 -1.000000
-0.150950 1.000000
-0.144981 1.000000
-0.139042 1.000000
-0.133135 1.000000
-0.127258 1.000000
-0.121411 1.000000
0.013000 -1.000000
0.007746 -1.000000
0.002519 -1.000000
-0.002680 -1.000000
-0.007853 -1.000000
-0.012999 -1.000000
-0.018118 -1.000000
-0.023210 -1.000000
-0.028276 -1.000000
-0.033316 -1.000000
-0.038330 -1.000000
-0.043318 -1.000000
-0.048279 -1.000000
-0.053216 -1.000000
-0.058126 -1.000000
-0.063011 -1.000000
-0.067871 -1.000000
-0.072705 -1.000000
-0.077515 -1.000000
-0.082299 -1.000000
-0.087059 -1.000000
-0.091794 -1.000000
-0.096504 -1.000000
-0.101190 -1.000000
-0.105852 -1.000000
-0.110489 -1.000000
-0.115103 -1.000000
-0.119692 -1.000000
-0.124258 -1.000000
-0.128800 -1.000000
-0.133319 -1.000000
-0.137814 -1.000000
-0.142285 -1.000000
-0.146734 -1.000000
-0.151159 -1.000000
-0.155562 -1.000000
-0.159942 -1.000000
-0.164298 -1.000000
-0.168633 -1.000000
-0.172945 -1.000000
-0.177234 -1.000000
-0.181502 -1.000000
-0.185747 -1.000000
-0.189970 -1.000000
-0.194171 -1.000000
-0.198350 -1.000000
-0.202508 -1.000000
-0.206644 -1.000000
-0.210759 -1.000000
-0.205985 1.000000
-0.199730 1.000000
-0.193507 1.000000
-0.187317 1.000000
-0.181159 1.000000
-0.175033 1.000000
-0.168939 1.000000
-0.162876 1.000000
-0.156845 1.000000
-0.150845 1.000000
-0.144876 1.000000
-0.138938 1.000000
-0.133031 1.000000
-0.127155 1.000000
-0.121309 1.000000
-0.115493 1.000000
-0.109707 1.000000
-0.103952 1.000000
-0.098226 1.000000
-0.092530 1.000000
-0.086864 1.000000
-0.081227 1.000000
-0.075619 1.000000
-0.070040 1.000000
-0.064491 1.000000
-0.058970 1.000000
-0.053477 1.000000
-0.048013 1.000000
-0.042578 1.000000
-0.037171 1.000000
-0.031791 1.000000
-0.026440 1.000000
-0.021116 1.000000
-0.015820 1.000000
-0.010552 1.000000
-0.005310 1.000000
-0.000096 1.000000
0.005091 1.000000
0.010251 1.000000
0.015384 1.000000
0.020491 1.000000
0.025571 1.000000
0.030625 1.000000
0.035652 1.000000
0.040654 1.000000
0.045630 1.000000
0.050580 1.000000
0.055504 1.000000
0.060402 1.000000
0.065276 1.000000
0.070124 1.000000
0.074946 1.000000
0.079744 1.000000
0.084517 1.000000
0.089265 1.000000
0.093989 1.000000
0.098688 1.000000
0.103362 1.000000
0.108013 1.000000
0.112639 1.000000
0.117241 1.000000
0.121820 1.000000
0.126375 1.000000
0.130906 1.000000
0.135413 1.000000
0.139897 1.000000
0.144358 1.000000
0.148796 1.000000
0.153211 1.000000
0.157603 1.000000
0.161972 1.000000
0.166318 1.000000
0.170642 1.000000
0.174944 1.000000
0.179223 1.000000
0.183480 1.000000
0.181595 -1.000000
0.175467 -1.000000
0.169370 -1.000000
0.163305 -1.000000
0.157272 -1.000000
0.151269 -1.000000
0.145298 -1.000000
0.139358 -1.000000
0.133449 -1.000000
0.127570 -1.000000
0.121722 -1.000000
0.115904 -1.000000
0.110117 -1.000000
0.104359 -1.000000
0.098631 -1.000000
0.092933 -1.000000
0.087265 -1.000000
0.081626 -1.000000
0.076016 -1.000000
0.070435 -1.000000
0.064883 -1.000000
0.059360 -1.000000
0.053866 -1.000000
0.048400 -1.000000
0.042963 -1.000000
0.037553 -1.000000
0.032172 -1.000000
0.026819 -1.000000
0.021493 -1.000000
0.016195 -1.000000
0.010924 -1.000000
0.005681 -1.000000
0.000465 -1.000000
-0.004724 -1.000000
-0.009886 -1.000000
-0.015021 -1.000000
-0.020129 -1.000000
-0.025212 -1.000000
-0.030267 -1.000000
-0.035297 -1.000000
-0.040300 -1.000000
-0.045278 -1.000000
-0.050229 -1.000000
-0.055155 -1.000000
-0.060056 -1.000000
-0.064931 -1.000000
-0.069781 -1.000000
-0.074605 -1.000000
-0.079405 -1.000000
-0.084179 -1.000000
-0.088929 -1.000000
-0.093655 -1.000000
-0.098355 -1.000000
-0.103032 -1.000000
-0.107684 -1.000000
-0.112312 -1.000000
-0.116916 -1.000000
-0.121496 -1.000000
-0.126052 -1.000000
-0.130585 -1.000000
-0.135094 -1.000000
-0.139580 -1.000000
-0.144043 -1.000000
-0.148482 -1.000000
-0.152899 -1.000000
-0.157292 -1.000000
-0.161663 -1.000000
-0.163226 1.000000
-0.157193 1.000000
-0.151191 1.000000
-0.145221 1.000000
-0.139281 1.000000
-0.133372 1.000000
-0.127494 1.000000
-0.121646 1.000000
-0.115829 1.000000
-0.110042 1.000000
-0.104284 1.000000
-0.098557 1.000000
-0.092859 1.000000
-0.087191 1.000000
-0.081552 1.000000
-0.075943 1.000000
-0.070363 1.000000
-0.064811 1.000000
-0.059289 1.000000
-0.053795 1.000000
-0.048329 1.000000
-0.042892 1.000000
-0.037483 1.000000
-0.032102 1.000000
-0.026749 1.000000
-0.021424 1.000000
-0.016126 1.000000
-0.010856 1.000000
-0.005613 1.000000
-0.000398 1.000000
0.004791 1.000000
0.009953 1.000000
0.015088 1.000000
0.020196 1.000000
0.025278 1.000000
0.030333 1.000000
0.035362 1.000000
0.040365 1.000000
0.045342 1.000000
0.050294 1.000000
0.055219 1.000000
0.060119 1.000000
0.064994 1.000000
0.069844 1.000000
0.074668 1.000000
0.079467 1.000000
0.084241 1.000000
0.088991 1.000000
0.093716 1.000000
0.098416 1.000000
0.103092 1.000000
0.107744 1.000000
0.112372 1.000000
0.116976 1.000000
0.121555 1.000000
0.126112 1.000000
0.130644 1.000000
0.135153 1.000000
0.139638 1.000000
-0.416000 1.000000
-0.408656 1.000000
-0.401350 1.000000
-0.394082 1.000000
-0.386851 1.000000
-0.379658 1.000000
-0.372503 1.000000
-0.365384 1.000000
-0.358303 1.000000
-0.351258 1.000000
-0.344250 1.000000
-0.337278 1.000000
-0.330342 1.000000
-0.323442 1.000000
-0.316578 1.000000
-0.309750 1.000000
-0.302957 1.000000
-0.296199 1.000000
-0.289476 1.000000
-0.282788 1.000000
-0.276135 1.000000
-0.269516 1.000000
-0.262932 1.000000
-0.256382 1.000000
-0.249866 1.000000
-0.243383 1.000000
-0.236934 1.000000
-0.230519 1.000000
-0.224137 1.000000
-0.217788 1.000000
-0.211472 1.000000
-0.205189 1.000000
-0.198938 1.000000
-0.192720 1.000000
-0.186533 1.000000
-0.180379 1.000000
-0.174257 1.000000
-0.168167 1.000000
-0.162108 1.000000
-0.156081 1.000000
-0.150085 1.000000
-0.144120 1.000000
-0.138186 1.000000
-0.132283 1.000000
-0.126410 1.000000
-0.120568 1.000000
-0.114756 1.000000
-0.108975 1.000000
-0.103223 1.000000
-0.097501 1.000000
-0.091809 1.000000
-0.086146 1.000000
-0.080513 1.000000
-0.074909 1.000000
-0.069334 1.000000
-0.063788 1.000000
-0.058271 1.000000
-0.052782 1.000000
-0.047322 1.000000
-0.041890 1.000000
-0.036486 1.000000
-0.031110 1.000000
-0.025762 1.000000
-0.020442 1.000000
-0.015150 1.000000
-0.009885 1.000000
-0.004647 1.000000
0.000564 1.000000
0.005747 1.000000
0.010904 1.000000
0.016034 1.000000
0.021137 1.000000
0.026214 1.000000
0.031265 1.000000
0.036289 1.000000
0.041287 1.000000
0.046260 1.000000
0.051206 1.000000
0.056127 1.000000
0.061023 1.000000
0.065893 1.000000
0.070737 1.000000
0.075557 1.000000
0.080352 1.000000
0.085121 1.000000
0.089867 1.000000
0.094587 1.000000
0.099283 1.000000
0.103954 1.000000
0.108602 1.000000
0.113225 1.000000
0.117824 1.000000
0.122400 1.000000
0.126951 1.000000
0.131479 1.000000
0.135984 1.000000
0.140465 1.000000
0.144923 1.000000
0.149358 1.000000
0.153770 1.000000
0.158159 1.000000
0.162525 1.000000
0.166869 1.000000
0.171190 1.000000
0.175488 1.000000
0.179765 1.000000
0.184019 1.000000
0.188251 1.000000
0.192461 1.000000
0.196649 1.000000
0.200816 1.000000
0.204961 1.000000
0.209084 1.000000
0.213186 1.000000
0.217267 1.000000
0.221327 1.000000
0.225366 1.000000
0.229383 1.000000
0.233380 1.000000
0.237356 1.000000
0.241312 1.000000
0.245246 1.000000
0.249161 1.000000
0.253055 1.000000
0.256929 1.000000
0.260783 1.000000
0.264617 1.000000
0.268431 1.000000
0.272225 1.000000
0.276000 1.000000
0.279755 1.000000
0.283491 1.000000
0.287207 1.000000
0.290904 1.000000
0.294581 1.000000
0.298240 1.000000
0.301880 1.000000
0.305501 1.000000
0.309103 1.000000
0.312686 1.000000
0.316251 1.000000
0.319797 1.000000
0.323325 1.000000
0.326834 1.000000
0.330326 1.000000
0.333799 1.000000
0.337254 1.000000
0.340692 1.000000
0.344111 1.000000
0.347513 1.000000
0.350897 1.000000
0.354264 1.000000
0.357613 1.000000
0.360945 1.000000
0.364259 1.000000
0.367556 1.000000
0.370836 1.000000
0.374100 1.000000
0.377346 1.000000
0.380575 1.000000
0.383788 1.000000
0.386984 1.000000
0.390163 1.000000
0.393326 1.000000
0.396473 1.000000
0.399603 1.000000
0.402717 1.000000
0.405815 1.000000
0.408896 1.000000
0.411962 1.000000
0.415012 1.000000
0.418046 1.000000
0.421064 1.000000
0.424067 1.000000
0.427054 1.000000
0.430026 1.000000
0.427356 -1.000000
0.419953 -1.000000
0.412588 -1.000000
0.405262 -1.000000
0.397973 -1.000000
0.390723 -1.000000
0.383510 -1.000000
0.376334 -1.000000
0.369196 -1.000000
0.362094 -1.000000
0.355030 -1.000000
0.348002 -1.000000
0.341011 -1.000000
0.334055 -1.000000
0.327136 -1.000000
0.320253 -1.000000
0.313406 -1.000000
0.306594 -1.000000
0.299817 -1.000000
0.293076 -1.000000
0.286369 -1.000000
0.279697 -1.000000
0.273060 -1.000000
0.266457 -1.000000
0.259889 -1.000000
0.253354 -1.000000
0.246854 -1.000000
0.240387 -1.000000
0.233954 -1.000000
0.227554 -1.000000
0.221187 -1.000000
0.214854 -1.000000
0.208553 -1.000000
0.202285 -1.000000
0.196049 -1.000000
0.189846 -1.000000
0.183674 -1.000000
0.177535 -1.000000
0.171428 -1.000000
0.165352 -1.000000
0.159308 -1.000000
0.153296 -1.000000
0.147314 -1.000000
0.141363 -1.000000
0.135444 -1.000000
0.129555 -1.000000
0.123696 -1.000000
0.117868 -1.000000
0.112070 -1.000000
0.106303 -1.000000
0.100565 -1.000000
0.094857 -1.000000
0.089178 -1.000000
0.083529 -1.000000
0.077910 -1.000000
0.072319 -1.000000
0.066757 -1.000000
0.061225 -1.000000
0.055721 -1.000000
0.050245 -1.000000
0.044798 -1.000000
0.039379 -1.000000
0.033988 -1.000000
0.028626 -1.000000
0.023291 -1.000000
0.017983 -1.000000
0.012704 -1.000000
0.007451 -1.000000
0.002226 -1.000000
-0.002972 -1.000000
-0.008143 -1.000000
-0.013287 -1.000000
-0.018405 -1.000000
-0.023496 -1.000000
-0.028561 -1.000000
-0.273000 -1.000000
-0.276771 -1.000000
-0.280522 -1.000000
-0.284253 -1.000000
-0.287965 -1.000000
-0.291658 -1.000000
-0.295332 -1.000000
-0.298987 -1.000000
-0.302623 -1.000000
-0.306240 -1.000000
-0.309838 -1.000000
-0.313417 -1.000000
-0.316978 -1.000000
-0.320521 -1.000000
-0.324045 -1.000000
-0.327551 -1.000000
-0.331039 -1.000000
-0.334508 -1.000000
-0.337960 -1.000000
-0.341393 -1.000000
-0.344809 -1.000000
-0.348207 -1.000000
-0.351588 -1.000000
-0.354951 -1.000000
-0.358296 -1.000000
-0.361625 -1.000000
-0.364936 -1.000000
-0.368229 -1.000000
-0.371506 -1.000000
-0.374766 -1.000000
-0.378008 -1.000000
-0.376168 1.000000
-0.369031 1.000000
-0.361930 1.000000
-0.354866 1.000000
-0.347839 1.000000
-0.340849 1.000000
-0.333895 1.000000
-0.326976 1.000000
-0.320094 1.000000
-0.313247 1.000000
-0.306436 1.000000
-0.299660 1.000000
-0.292920 1.000000
-0.286214 1.000000
-0.279543 1.000000
-0.272907 1.000000
-0.266305 1.000000
-0.259737 1.000000
-0.253203 1.000000
-0.246704 1.000000
-0.240238 1.000000
-0.233805 1.000000
-0.227406 1.000000
-0.221040 1.000000
-0.214707 1.000000
-0.208407 1.000000
-0.202140 1.000000
-0.195905 1.000000
-0.189702 1.000000
-0.183532 1.000000
-0.177393 1.000000
-0.171287 1.000000
-0.165212 1.000000
-0.159168 1.000000
-0.153156 1.000000
-0.147176 1.000000
-0.141226 1.000000
-0.135307 1.000000
-0.129419 1.000000
-0.123561 1.000000
-0.117733 1.000000
-0.111936 1.000000
-0.106169 1.000000
-0.100432 1.000000
-0.094725 1.000000
-0.089047 1.000000
-0.083399 1.000000
-0.077780 1.000000
-0.072190 1.000000
-0.066629 1.000000
-0.061097 1.000000
-0.055593 1.000000
-0.050118 1.000000
-0.044672 1.000000
-0.039254 1.000000
-0.033864 1.000000
-0.028502 1.000000
-0.023167 1.000000
-0.017861 1.000000
-0.012581 1.000000
-0.007330 1.000000
-0.002105 1.000000
0.003092 1.000000
0.008263 1.000000
0.013406 1.000000
0.018523 1.000000
0.023614 1.000000
0.028678 1.000000
0.033716 1.000000
0.038727 1.000000
0.043713 1.000000
0.048673 1.000000
0.053607 1.000000
0.058515 1.000000
0.063398 1.000000
0.068256 1.000000
0.073088 1.000000
0.077896 1.000000
0.082678 1.000000
0.087436 1.000000
0.092169 1.000000
0.096878 1.000000
0.101562 1.000000
0.106221 1.000000
0.110857 1.000000
0.115468 1.000000
0.120056 1.000000
0.124620 1.000000
0.129160 1.000000
0.133677 1.000000
0.138170 1.000000
0.142640 1.000000
0.147086 1.000000
0.151510 1.000000
0.155911 1.000000
0.160289 1.000000
0.164644 1.000000
0.168976 1.000000
0.173287 1.000000
0.177574 1.000000
0.181840 1.000000
0.186083 1.000000
0.190305 1.000000
0.194504 1.000000
0.198682 1.000000
0.202838 1.000000
0.206972 1.000000
0.211085 1.000000
0.215177 1.000000
0.219248 1.000000
0.223297 1.000000
0.227325 1.000000
0.231333 1.000000
0.235319 1.000000
0.239285 1.000000
0.243231 1.000000
0.247156 1.000000
0.251061 1.000000
0.254945 1.000000
0.258809 1.000000
0.262653 1.000000
0.266478 1.000000
0.270282 1.000000
0.274067 1.000000
0.277832 1.000000
0.281577 1.000000
0.285303 1.000000
0.289010 1.000000
0.292698 1.000000
0.296366 1.000000
0.300015 1.000000
0.300849 -1.000000
0.294102 -1.000000
0.287390 -1.000000
0.280713 -1.000000
0.274071 -1.000000
0.267463 -1.000000
0.260889 -1.000000
0.254350 -1.000000
0.247844 -1.000000
0.241372 -1.000000
0.234934 -1.000000
0.228529 -1.000000
0.222157 -1.000000
0.215818 -1.000000
0.209512 -1.000000
0.203239 -1.000000
0.196999 -1.000000
0.190790 -1.000000
0.184614 -1.000000
0.178470 -1.000000
0.172358 -1.000000
0.166278 -1.000000
0.160229 -1.000000
0.154211 -1.000000
0.148225 -1.000000
0.142270 -1.000000
0.136345 -1.000000
0.130452 -1.000000
0.124589 -1.000000
0.118756 -1.000000
0.112953 -1.000000
0.107181 -1.000000
0.101439 -1.000000
0.095726 -1.000000
0.090043 -1.000000
0.084390 -1.000000
0.078765 -1.000000
0.073170 -1.000000
0.067604 -1.000000
0.062067 -1.000000
0.056559 -1.000000
0.051079 -1.000000
0.045628 -1.000000
0.040204 -1.000000
0.034809 -1.000000
0.029442 -1.000000
0.024103 -1.000000
0.018792 -1.000000
0.013508 -1.000000
0.008251 -1.000000
0.003022 -1.000000
-0.002180 -1.000000
-0.007356 -1.000000
-0.012504 -1.000000
-0.017626 -1.000000
-0.022721 -1.000000
-0.027789 -1.000000
-0.032832 -1.000000
-0.037848 -1.000000
-0.042838 -1.000000
-0.047802 -1.000000
-0.052741 -1.000000
-0.057654 -1.000000
-0.062541 -1.000000
-0.067404 -1.000000
-0.072241 -1.000000
-0.077052 -1.000000
-0.081839 -1.000000
-0.086601 -1.000000
-0.091339 -1.000000
-0.096051 -1.000000
-0.100740 -1.000000
-0.105404 -1.000000
-0.110044 -1.000000
-0.114659 -1.000000
-0.119251 -1.000000
-0.123819 -1.000000
-0.128363 -1.000000
-0.132884 -1.000000
-0.137382 -1.000000
-0.141855 -1.000000
-0.146306 -1.000000
-0.150734 -1.000000
-0.155139 -1.000000
-0.159521 -1.000000
-0.163880 -1.000000
-0.168216 -1.000000
-0.172530 -1.000000
-0.176822 -1.000000
