0.000000 110.000000 11.666667
10.422162 109.400209 17.083924
19.891794 110.736222 23.198429
28.667505 113.673922 30.344489
36.951688 117.879364 38.839556
44.894736 122.994502 48.998058
52.596386 128.609560 61.134882
60.104164 134.232626 75.557835
67.409003 139.257776 92.547063
74.438270 142.934652 112.318261
81.046857 144.344970 134.966190
87.007557 142.395048 160.385879
92.002951 135.837744 188.172118
95.622264 123.341092 217.504496
97.368070 103.622174 247.036234
96.678831 75.659466 274.820017
92.973273 38.980510 298.319337
85.720346 -6.008823 314.561572
74.532998 -57.729067 320.476679
59.274938 -113.280409 313.421172
40.158918 -168.568625 291.810187
17.807036 -218.779898 255.693724
-6.755833 -259.167263 207.064111
-32.191098 -285.967810 149.721252
-57.009477 -297.171392 88.662868
-79.773533 -292.880664 29.154589
-99.290018 -275.148664 -24.231177
-114.745980 -247.381012 -68.316501
-125.763127 -213.536477 -101.594900
-132.371878 -177.385015 -124.095254
-134.927669 -141.999226 -136.974646
-134.000671 -109.530838 -142.021768
-130.266851 -81.224487 -141.214965
-124.418486 -57.576056 -136.408858
-117.101515 -38.545478 -129.160529
-233.843633 45.254661 -152.021265
-168.892545 20.631471 -135.433737
-125.421931 -0.921789 -123.109053
-97.484085 -19.874017 -112.888924
-80.751701 -37.041612 -103.514882
-72.164001 -53.293954 -94.177778
-69.613388 -69.437905 -84.255147
-71.690944 -86.173691 -73.155602
-77.486698 -104.071564 -60.217948
-86.432479 -123.541131 -44.635918
-98.172495 -144.772823 -25.396097
-112.445586 -167.632080 -1.230621
-128.962179 -191.486167 29.397669
-147.258483 -214.946751 68.237099
-166.512345 -235.528451 117.043290
-185.314360 -249.271989 177.119327
-201.413166 -250.484159 248.470483
-211.507093 -231.918787 328.504659
-211.241208 -185.913391 410.458750
-195.663409 -106.999528 482.264234
-160.399738 4.078547 527.243236
-103.559388 136.463586 528.145617
-27.778164 268.594740 474.465375
58.852514 373.798699 369.635742
144.171328 430.872038 232.479400
215.561758 433.281842 90.184831
264.007102 390.490453 -33.062891
286.374511 321.229702 -124.133514
285.067436 244.491456 -181.745833
265.903717 173.757118 -212.113627
235.699821 115.777274 -223.785059
200.550654 72.133945 -224.315631
165.030589 41.468937 -219.063427
132.085922 21.242303 -211.290427
103.290907 8.776556 -202.741980
79.220395 1.743648 -194.234231
59.803663 -1.681329 -186.083537
44.605552 -2.832028 -178.369585
14.678390 8.740392 -115.599175
13.973931 5.936962 -112.474092
13.092454 3.600030 -109.409400
12.094011 1.703046 -106.417348
11.029892 0.209432 -103.505981
9.942713 -0.923222 -100.679695
8.866854 -1.739838 -97.939944
7.829132 -2.285321 -95.285983
6.849616 -2.602732 -92.715541
5.942509 -2.732028 -90.225395
5.117045 -2.709291 -87.811823
4.378349 -2.566318 -85.470935
3.728246 -2.330500 -83.198898
3.165990 -2.024918 -80.992080
2.688912 -1.668568 -78.847122
2.292969 -1.276696 -76.760965
1.973223 -0.861173 -74.730845
1.724221 -0.430899 -72.754267
1.540308 0.007798 -70.828967
1.415877 0.450788 -68.952873
1.345552 0.895782 -67.124066
1.324327 1.342026 -65.340739
1.347664 1.790025 -63.601162
1.411557 2.241312 -61.903653
1.512567 2.698256 -60.246548
1.647843 3.163905 -58.628177
1.815123 3.641868 -57.046836
2.012727 4.136219 -55.500768
2.239543 4.651439 -53.988134
2.495009 5.192374 -52.506992
2.779093 5.764215 -51.055261
3.092278 6.372493 -49.630698
3.435544 7.023098 -48.230849
3.810357 7.722298 -46.853014
4.218659 8.476774 -45.494189
4.662864 9.293663 -44.151005
5.145861 10.180609 -42.819651
5.671016 11.145810 -41.495789
6.242188 12.198080 -40.174445
6.863734 13.346900 -38.849882
7.540537 14.602469 -37.515448
8.278021 15.975757 -36.163397
9.082178 17.478534 -34.784670
9.959587 19.123395 -33.368637
10.917441 20.923755 -31.902799
11.963563 22.893807 -30.372419
13.106418 25.048441 -28.760101
14.355108 27.403089 -27.045290
15.719355 29.973486 -25.203689
17.209454 32.775313 -23.206591
18.836191 35.823672 -21.020104
20.610705 39.132369 -18.604295
22.544287 42.712912 -15.912225
24.648085 46.573164 -12.888928
26.932688 50.715551 -9.470350
29.407552 55.134710 -5.582325
32.080225 59.814434 -1.139699
34.955318 64.723797 3.954237
38.033154 69.812270 9.807735
41.308033 75.003746 16.539664
44.766031 80.189374 24.277155
48.382276 85.219265 33.151164
52.117644 89.893344 43.289128
55.914888 93.951927 54.803695
59.694256 97.067172 67.776477
63.348839 98.837201 82.235790
66.740024 98.785637 98.127793
69.693758 96.370267 115.281315
71.998605 91.005442 133.368292
73.406992 82.103139 151.864215
73.641317 69.136734 170.016349
72.406704 51.728667 186.831094
69.411902 29.757520 201.094735
64.398831 3.471633 211.441943
57.179562 -26.413616 216.481449
47.677013 -58.665963 214.976517
35.962870 -91.566530 206.059740
22.284163 -123.042666 189.441456
7.069638 -150.902130 165.557235
-9.090428 -173.134668 135.601836
-25.491965 -188.217449 101.420099
-41.386479 -195.348725 65.265091
-56.059991 -194.548757 29.475691
-68.906542 -186.605249 -3.848497
-79.482766 -172.886635 -33.099282
-87.535371 -155.081220 -57.291636
-93.000402 -134.930887 -76.067574
-95.979306 -114.015003 -89.599216
-96.700446 -93.613659 -98.435966
-95.475260 -74.652316 -103.340564
-92.656653 -57.711366 -105.146556
-88.604424 -43.076534 -104.653662
-83.659806 -30.807243 -102.563764
-78.129105 -20.806008 -99.451583
-72.275100 -12.878830 -95.760493
-66.314399 -6.782420 -91.813836
-60.418876 -2.257962 -87.833908
-146.868466 49.275958 -121.353922
-101.805531 27.963675 -112.860960
-72.297283 11.531365 -106.398025
-53.543255 -1.473471 -100.940340
-42.240216 -12.264824 -95.974550
-36.157766 -21.824802 -91.221676
-33.825139 -30.948805 -86.499649
-34.306754 -40.297523 -81.652512
-37.044848 -50.444600 -76.508895
-41.751184 -61.916171 -70.850489
-48.333656 -75.220730 -64.379851
-56.846690 -90.867487 -56.680588
-67.456388 -109.369343 -47.164251
-80.412151 -131.222569 -34.998830
-96.015825 -156.848674 -19.015058
-114.576809 -186.473632 2.408762
-136.336598 -219.905277 31.470515
-161.338517 -256.153049 71.035727
-189.209233 -292.825096 124.599037
-218.813048 -325.264447 195.917730
-247.753434 -345.513067 287.977226
-271.761662 -341.529535 400.837386
-284.182220 -297.724738 528.081813
-276.072338 -198.619732 652.565646
-237.758881 -37.225830 744.369521
-162.557720 173.403974 766.260064
-52.009968 393.554153 690.246099
80.464074 566.767688 518.637599
211.658996 647.272120 291.317214
317.155260 625.405168 67.121141
381.154292 528.607522 -107.328855
400.929655 399.775514 -215.350134
384.308418 274.513466 -265.666051
343.827456 171.893520 -277.549815
291.708041 96.944523 -269.099103
237.296972 46.922243 -252.628323
85.391233 92.539591 -169.154166
84.611556 62.941319 -162.292522
81.268925 37.119452 -153.985877
75.980055 15.295572 -145.168599
69.309399 -2.592475 -136.559663
61.752437 -16.784781 -128.646835
53.729357 -27.620061 -121.706802
45.585624 -35.481849 -115.843942
37.596581 -40.764981 -111.035274
29.974075 -43.856162 -107.173703
22.873847 -45.123186 -104.105239
16.402987 -44.908940 -101.658353
10.627120 -43.527771 -99.665209
5.577195 -41.263043 -97.975462
1.255820 -38.365455 -96.463805
-2.356880 -35.052088 -95.032667
-5.297914 -31.506314 -93.611448
-7.616617 -27.878615 -92.153561
-9.370427 -24.288320 -90.632312
-10.621261 -20.826117 -89.036432
-11.432515 -17.557151 -87.365790
-11.866653 -14.524479 -85.627650
-11.983368 -11.752639 -83.833597
-11.838254 -9.251154 -81.997197
-11.481929 -7.017801 -80.132320
-10.959535 -5.041550 -78.252030
-10.310544 -3.305107 -76.367937
-9.568815 -1.787050 -74.489881
-8.762815 -0.463557 -72.625864
-7.915976 0.690241 -70.782127
-7.047126 1.699233 -68.963313
-6.170963 2.587600 -67.172684
-5.298539 3.378314 -65.412323
-4.437740 4.092842 -63.683345
-3.593737 4.750998 -61.986065
-2.769408 5.370910 -60.320147
-1.965708 5.969079 -58.684715
-1.182006 6.560497 -57.078438
-0.416373 7.158802 -55.499581
0.334179 7.776465 -53.946038
1.073489 8.424985 -52.415338
1.806089 9.115091 -50.904632
2.537069 9.856932 -49.410657
3.271981 10.660272 -47.929690
4.016767 11.534661 -46.457480
4.777707 12.489600 -44.989155
5.561392 13.534683 -43.519117
6.374710 14.679731 -42.040911
7.224840 15.934891 -40.547065
8.119266 17.310726 -39.028905
9.065785 18.818266 -37.476329
10.072529 20.469037 -35.877551
11.147971 22.275036 -34.218789
12.300945 24.248671 -32.483906
13.540637 26.402617 -30.653999
14.876569 28.749605 -28.706912
16.318560 31.302091 -26.616694
17.876647 34.071787 -24.352978
19.560967 37.069019 -21.880296
21.381571 40.301849 -19.157337
23.348168 43.774909 -16.136163
25.469756 47.487874 -12.761427
27.754129 51.433488 -8.969644
30.207213 55.595037 -4.688619
32.832198 59.943185 0.162844
35.628411 64.432060 5.674735
38.589893 68.994510 11.944875
41.703606 73.536516 19.076804
44.947252 77.930810 27.176046
48.286656 82.009934 36.344136
51.672730 85.559214 46.669712
55.038083 88.310470 58.215912
58.293446 89.937814 71.003397
61.324213 90.057447 84.988612
63.987581 88.234070 100.037513
66.111031 83.997101 115.896078
67.493104 76.870122 132.160591
67.907665 66.416457 148.252840
67.112945 52.302019 163.407877
64.866449 34.373070 176.683967
60.946293 12.741169 187.004909
55.178385 -12.138954 193.242407
47.467277 -39.418998 194.339489
37.826623 -67.857186 189.464840
26.403472 -95.887875 178.174389
13.489939 -121.766916 160.544952
-0.483250 -143.778757 137.241246
-14.973934 -160.469451 109.486972
-29.374495 -170.855071 78.932978
-43.070060 -174.555720 47.444344
-55.498911 -171.823305 16.852565
-66.204431 -163.460667 -11.271460
-74.870144 -150.658803 -35.777058
-81.333739 -134.796839 -56.002407
-85.580833 -117.250934 -71.755195
-87.723007 -99.246091 -83.228590
-87.966618 -81.766392 -90.884460
-86.578846 -65.522015 -95.333487
-83.856096 -50.960394 -97.232822
-80.097928 -38.304813 -97.211288
-75.587832 -27.605013 -95.823338
-70.580748 -18.788389 -93.527503
-65.296379 -11.704953 -90.682758
-59.916991 -6.163079 -87.556185
-54.588347 -1.955674 -84.336480
-49.422630 1.122122 -81.149380
-44.502427 3.261975 -78.072553
-39.885120 4.636396 -75.148651
-96.943651 37.458529 -106.692062
-66.300966 21.188973 -100.867807
-46.548495 9.104423 -96.061106
-34.187771 -0.170803 -91.780156
-26.867510 -7.686128 -87.788043
-23.033353 -14.240243 -83.959693
-21.681312 -20.452329 -80.214439
-22.187427 -26.821983 -76.482717
-24.192152 -33.777567 -72.686968
-27.523480 -41.714688 -68.726957
-32.147197 -51.026815 -64.464157
-38.135924 -62.129448 -59.701457
-45.650845 -75.478212 -54.154651
-54.931418 -91.579482 -47.411490
-66.288823 -110.989304 -38.873002
-80.098356 -134.291651 -27.670713
-96.784022 -162.039196 -12.553269
-116.784642 -194.627014 8.260793
-140.483798 -232.050324 37.255709
-168.075193 -273.471869 77.777644
-199.320580 -316.501828 134.073442
-233.144461 -356.105787 210.970970
-267.015918 -383.189158 312.754734
-296.137373 -383.325145 440.575557
-312.673117 -336.988863 587.839887
-305.682451 -223.870801 734.238333
-262.949829 -33.922910 842.274546
-175.835458 216.525166 864.107523
-46.376317 475.312143 764.523256
107.839164 669.175416 550.220438
257.069344 743.129984 277.571623
371.609698 693.353817 22.853011
434.505385 562.360053 -160.769365
445.727449 405.662179 -261.731328
417.215905 263.449514 -298.006661
364.881321 153.341713 -295.882165
302.814268 76.926158 -276.625226
110.991790 130.612436 -188.955791
110.765554 88.148676 -179.959519
106.772979 51.032139 -168.177074
99.904891 19.651959 -155.361399
90.979345 -6.082626 -142.868729
80.713135 -26.539194 -131.617895
69.712550 -42.217692 -122.125247
58.475978 -53.661938 -114.577786
47.402491 -61.413648 -108.918742
36.802580 -65.993387 -104.930221
26.908912 -67.895301 -102.304896
17.886294 -67.586610 -100.703287
9.840708 -65.506922 -99.795907
2.827653 -62.065587 -99.291137
-3.139972 -57.637275 -98.950664
-8.084264 -52.556923 -98.594884
-12.054990 -47.115345 -98.100910
-15.122600 -41.556525 -97.395732
-17.371762 -36.077069 -96.446833
-18.895566 -30.827884 -95.252039
-19.790529 -25.917734 -93.829926
-20.152490 -21.418147 -92.211553
-20.073402 -17.369104 -90.433898
-19.638984 -13.784949 -88.535040
-18.927159 -10.660111 -86.550932
-18.007150 -7.974329 -84.513487
-16.939146 -5.697196 -82.449682
-15.774377 -3.791964 -80.381379
-14.555520 -2.218585 -78.325605
-13.317321 -0.936075 -76.295105
-12.087344 0.095757 -74.299006
-10.886794 0.915087 -72.343503
-9.731359 1.557287 -70.432493
-8.632020 2.054477 -68.568134
-7.595825 2.435328 -66.751309
-6.626588 2.725069 -64.982000
-5.725522 2.945614 -63.259576
-4.891790 3.115796 -61.583008
-4.122981 3.251649 -59.951024
-3.415509 3.366715 -58.362221
-2.764950 3.472372 -56.815131
-2.166309 3.578144 -55.308268
-1.614236 3.692010 -53.840154
-1.103197 3.820678 -52.409325
-0.627596 3.969848 -51.014338
-0.181865 4.144442 -49.653756
0.239472 4.348815 -48.326146
0.641764 4.586936 -47.030058
1.030217 4.862555 -45.764009
1.409896 5.179345 -44.526463
1.785731 5.541031 -43.315810
2.162549 5.951505 -42.130335
2.545096 6.414926 -40.968192
2.938082 6.935817 -39.827363
3.346219 7.519152 -38.705621
3.774269 8.170439 -37.600478
4.227095 8.895795 -36.509124
4.709712 9.702030 -35.428358
5.227340 10.596722 -34.354498
5.785467 11.588291 -33.283285
6.389901 12.686075 -32.209749
7.046836 13.900409 -31.128067
7.762909 15.242689 -30.031373
8.545264 16.725445 -28.911546
9.401617 18.362392 -27.758939
10.340312 20.168467 -26.562063
11.370379 22.159850 -25.307206
12.501591 24.353935 -23.977968
13.744499 26.769251 -22.554717
15.110464 29.425315 -21.013935
16.611661 32.342363 -19.327445
18.261050 35.540945 -17.461509
20.072306 39.041314 -15.375771
22.059680 42.862545 -13.022052
24.237777 47.021297 -10.342996
26.621214 51.530093 -7.270568
29.224117 56.394993 -3.724476
32.059408 61.612460 0.389416
35.137817 67.165236 5.180531
38.466536 73.016978 10.774637
42.047419 79.105413 17.314144
45.874626 85.333781 24.957117
49.931582 91.560435 33.874217
54.187152 97.586629 44.242532
58.590939 103.142875 56.234945
63.067705 107.874843 70.003385
67.511019 111.330626 85.654162
71.776492 112.952478 103.213725
75.675264 112.077698 122.583911
78.968890 107.955114 143.487480
81.367356 99.785035 165.407844
82.532546 86.790783 187.531602
82.089973 68.327502 208.708658
79.651548 44.027432 227.450908
74.851322 13.968921 241.994113
67.393953 -21.159938 250.444386
57.112062 -59.949138 251.016386
44.024074 -100.261413 242.343062
28.379920 -139.380352 223.801431
10.680136 -174.325045 195.768646
-8.343413 -202.290049 159.716209
-27.789167 -221.113725 118.081488
-46.682491 -229.649008 73.921401
-64.089118 -227.929492 30.428255
-79.221642 -217.087883 -9.563331
-91.517397 -199.065082 -43.951357
-100.674960 -176.208767 -71.546117
-106.648347 -150.876262 -92.048197
-109.607910 -125.129510 -105.876624
-109.882160 -100.561476 -113.924925
-107.894876 -78.247777 -117.316716
-104.108322 -58.789769 -117.207563
-98.978726 -42.407738 -114.651760
-92.925808 -29.049053 -110.531484
-86.315254 -18.488194 -105.534453
-219.729264 63.432393 -141.888747
-154.009616 37.421177 -128.171808
-110.043006 16.341892 -118.536790
-81.446623 -0.896673 -110.943058
-63.680201 -15.470814 -104.321667
-53.588122 -28.453226 -98.079937
-49.028947 -40.771628 -91.838255
-48.593333 -53.221180 -85.289084
-51.396365 -66.492628 -78.114820
-56.927558 -81.199187 -69.929810
-64.942834 -97.892610 -60.227581
-75.384542 -117.060079 -48.322601
-88.316665 -139.090976 -33.281004
-103.862193 -164.196974 -13.839911
-122.127713 -192.260419 11.675926
-143.096603 -222.576531 45.413344
-166.467520 -253.450110 89.964601
-191.412287 -281.623128 148.135943
-216.235166 -301.579660 222.308788
-237.951545 -304.956298 313.120522
-251.896282 -280.634216 417.253037
-251.643744 -216.539470 524.565891
-229.733170 -104.292446 615.933405
-179.734863 53.369702 664.694890
-99.656068 235.815015 644.847218
4.651187 405.380684 545.098675
118.718066 520.818567 380.158598
223.274074 557.474889 187.835915
301.282859 518.924819 11.008862
343.865262 430.981842 -121.858332
351.698844 325.236156 -203.768096
332.221298 225.700857 -243.296270
295.416846 144.654679 -254.587537
250.554951 85.042354 -250.344989
0.000000 50.000000 -1.333333
4.755512 50.144707 -0.252138
9.128946 51.442639 0.974440
13.261389 53.795384 2.425625
17.272582 57.133282 4.184050
21.265360 61.408666 6.342165
25.329032 66.589252 9.007929
29.541802 72.651205 12.310267
33.972261 79.571321 16.404496
38.679925 87.317636 21.477755
43.714716 95.837658 27.754200
49.115221 105.043274 35.499370
54.905482 114.791315 45.022647
61.089985 124.858734 56.676041
67.646472 134.911655 70.846542
74.516192 144.468228 87.938064
81.591287 152.856763 108.337583
88.699331 159.173334 132.358717
95.585601 162.247469 160.155489
101.894737 160.630961 191.600467
107.155101 152.632717 226.127033
110.771372 136.430096 262.547507
112.033486 110.289485 298.879449
110.151987 72.918339 332.240542
104.329640 23.937684 358.900561
93.874399 -35.597196 374.588926
78.347665 -102.780065 375.121799
57.724464 -172.756202 357.311912
32.523706 -239.145906 319.967633
3.857124 -295.051405 264.641648
-26.643987 -334.459294 195.763527
-57.030817 -353.606442 119.964403
-85.327370 -351.806791 44.733633
-109.831841 -331.428087 -23.142645
-129.346612 -297.071192 -78.820237
-143.283915 -254.322669 -119.955146
-151.641262 -208.548450 -146.548311
-154.880893 -164.064513 -160.309614
-153.765115 -123.788669 -163.864462
-149.194475 -89.287900 -160.059532
-377.381678 65.632276 -196.539673
-272.224018 41.532392 -164.940035
-198.741385 17.143317 -143.354559
-148.952680 -5.479835 -127.293535
-116.583858 -26.069305 -114.021837
-96.932222 -45.064687 -101.864389
-86.585720 -63.128351 -89.710710
-83.130605 -80.924967 -76.704831
-84.892890 -99.012084 -62.057627
-90.722040 -117.768029 -44.931626
-99.810171 -137.317212 -24.370496
-111.534014 -157.427535 0.734212
-125.304966 -177.363104 31.627304
-140.413273 -195.686341 69.592761
-155.856942 -210.026601 115.720627
-170.157805 -216.879003 170.467262
-181.191665 -211.577403 232.950566
-186.101275 -188.690278 300.006855
-181.415439 -143.155776 365.249601
-163.535041 -72.349941 418.716853
-129.698694 21.232203 447.993823
-79.323245 127.914801 441.484226
-15.233565 231.335063 393.294903
56.010463 312.746253 307.344298
125.298425 357.842430 197.562350
183.450391 362.250559 83.111171
223.859854 332.210328 -18.740708
244.004057 280.474550 -97.779196
245.304941 220.635014 -151.746698
231.803694 163.106675 -183.954595
208.528480 113.835376 -200.022584
180.219036 74.949240 -205.472088
150.634624 46.117345 -204.604111
122.359263 25.797497 -200.315206
96.909800 12.083082 -194.357956
74.973488 3.166841 -187.704071
56.664297 -2.460997 -180.851855
41.743514 -5.967587 -174.037732
29.786698 -8.207176 -167.364030
20.298261 -9.779492 -160.868888
12.782910 -11.092583 -154.561271
6.785017 -12.419019 -148.436964
1.905946 -13.941575 -142.485003
-2.192605 -15.788209 -136.689605
-5.793408 -18.057771 -131.030013
-9.132644 -20.838450 -125.479260
-12.410442 -24.220901 -120.002125
-15.801560 -28.307736 -114.552185
-19.465446 -33.220637 -109.067642
-23.555379 -39.105978 -103.465452
-28.226606 -46.139386 -97.633051
-33.643481 -54.529228 -91.416735
-39.985506 -64.518410 -84.605434
-47.451986 -76.383042 -76.908221
-56.264539 -90.425240 -67.923573
-66.666005 -106.955316 -57.098157
-78.913106 -126.255460 -43.673407
-93.258373 -148.512296 -26.619987
-109.914046 -173.699089 -4.565377
-128.986756 -201.380456 24.268756
-150.366992 -230.406189 62.080020
-173.553315 -258.465252 111.369628
-197.392739 -281.507130 174.555907
-219.736694 -293.144362 253.105603
-237.066111 -284.378046 345.956753
-244.253473 -244.345839 447.204454
-234.803284 -163.091881 543.678881
-202.049809 -36.998209 614.253934
-141.624557 124.389516 633.740168
-54.705770 294.726258 582.934295
49.719400 436.477687 461.125227
155.884211 516.552081 291.533845
246.187135 522.498990 112.496559
307.534140 466.646245 -40.627771
335.210611 375.968067 -149.188770
332.513319 277.516185 -212.640817
307.502173 189.470985 -241.192650
269.380692 119.890888 -247.549283
226.082523 69.683017 -242.105855
183.300837 36.148071 -231.634174
144.498703 15.465183 -219.835340
48.313108 45.830974 -143.440988
47.387649 31.875909 -138.953106
45.311093 19.775749 -134.128062
42.372918 9.581689 -129.213109
38.834753 1.243664 -124.397048
34.925000 -5.357177 -119.808847
30.836779 -10.382194 -115.523764
26.728255 -14.015138 -111.573363
22.724591 -16.447392 -107.956748
18.920888 -17.867583 -104.651237
15.385679 -18.454564 -101.621490
12.164615 -18.372921 -98.826675
9.284145 -17.770350 -96.225637
6.755016 -16.776409 -93.780287
4.575515 -15.502279 -91.457510
2.734382 -14.041258 -89.229969
1.213375 -12.469789 -87.076119
-0.010524 -10.848834 -84.979722
-0.963261 -9.225481 -82.929100
-1.672190 -7.634647 -80.916280
-2.164869 -6.100813 -78.936145
-2.468123 -4.639687 -76.985673
-2.607360 -3.259772 -75.063280
-2.606090 -1.963793 -73.168293
-2.485614 -0.749946 -71.300540
-2.264862 0.387010 -69.460044
-1.960335 1.454842 -67.646808
-1.586134 2.463090 -65.860661
-1.154047 3.422471 -64.101168
-0.673685 4.344411 -62.367558
-0.152637 5.240696 -60.658689
0.403360 6.123227 -58.973017
0.990245 7.003852 -57.308575
1.605465 7.894269 -55.662940
2.247813 8.805978 -54.033210
2.917282 9.750284 -52.415953
3.614932 10.738314 -50.807156
4.342777 11.781068 -49.202152
5.103678 12.889475 -47.595531
5.901266 14.074453 -45.981031
6.739867 15.346968 -44.351404
7.624441 16.718081 -42.698254
8.560537 18.198981 -41.011851
9.554247 19.800987 -39.280907
10.612163 21.535525 -37.492312
11.741344 23.414045 -35.630836
12.949258 25.447894 -33.678778
14.243732 27.648101 -31.615572
15.632869 30.025069 -29.417343
17.124946 32.588142 -27.056411
18.728263 35.345013 -24.500754
20.450955 38.300937 -21.713447
22.300723 41.457695 -18.652077
24.284483 44.812263 -15.268204
26.407907 48.355112 -11.506884
28.674821 52.068077 -7.306375
31.086436 55.921719 -2.598109
33.640374 59.872136 2.692878
36.329455 63.857153 8.646852
39.140205 67.791940 15.347329
42.051069 71.564105 22.877694
45.030303 75.028509 31.316046
48.033581 78.002187 40.727792
51.001376 80.260051 51.155447
53.856256 81.532402 62.605260
56.500347 81.505659 75.030456
58.813335 79.828203 88.311394
60.651551 76.123520 102.233722
61.848842 70.012984 116.466721
62.220072 61.150164 130.545546
61.568146 49.267297 143.862604
59.695322 34.232256 155.674673
56.419183 16.110822 165.132652
51.592900 -4.775197 171.339287
45.128375 -27.807525 173.436097
37.019531 -52.064242 170.713689
27.361890 -76.359621 162.730965
16.363916 -99.337424 149.420629
4.345998 -119.611789 131.154653
-8.275416 -135.935341 108.747129
-21.018220 -147.362552 83.384204
-33.376039 -153.373088 56.488882
-44.864301 -153.927545 29.546330
-55.063452 -149.444867 3.926086
-63.652418 -140.710798 -19.262967
-70.427823 -128.742693 -39.260272
-75.307692 -114.642643 -55.676278
-78.321446 -99.467556 -68.458675
-79.590114 -84.134595 -77.821038
-79.301422 -69.368255 -84.155556
-77.684117 -55.685259 -87.948294
-74.984748 -43.407688 -89.708967
-71.448813 -32.693060 -89.920486
-67.306967 -23.571415 -89.008239
-62.766115 -15.982185 -87.325898
-58.004656 -9.806543 -85.153303
-53.170963 -4.893345 -82.702011
-48.384148 -1.078442 -80.124893
-43.736302 1.801947 -77.527138
-39.295546 3.902670 -74.976983
-35.109423 5.364724 -72.515235
-31.208310 6.312932 -70.163190
-27.608623 6.855374 -67.928887
-24.315722 7.083919 -65.811850
-21.326453 7.075411 -63.806534
-18.631317 6.893171 -61.904736
-16.216281 6.588636 -60.097203
-14.064259 6.202974 -58.374651
-12.156312 5.768621 -56.728361
-10.472578 5.310679 -55.150483
-8.993002 4.848180 -53.634154
-7.697873 4.395181 -52.173492
-6.568221 3.961723 -50.763524
-5.586087 3.554642 -49.400087
-4.734694 3.178264 -48.079707
-3.998550 2.834973 -46.799488
-3.363486 2.525691 -45.557007
-2.816646 2.250266 -44.350226
-2.346452 2.007784 -43.177410
-1.942540 1.796816 -42.037067
-1.595687 1.615624 -40.927895
-1.297720 1.462303 -39.848741
-1.041430 1.334907 -38.798568
-0.820475 1.231529 -37.776433
-0.629297 1.150368 -36.781462
-0.463027 1.089773 -35.812842
-0.317412 1.048275 -34.869802
-0.188732 1.024606 -33.951612
-0.073730 1.017709 -33.057570
0.030448 1.026750 -32.187003
0.126317 1.051114 -31.339255
0.216107 1.090410 -30.513692
0.301806 1.144467 -29.709692
0.385209 1.213338 -28.926649
0.467956 1.297295 -28.163965
0.551567 1.396834 -27.421050
0.637476 1.512677 -26.697321
0.727060 1.645776 -25.992195
0.821666 1.797324 -25.305090
0.922642 1.968765 -24.635418
1.031353 2.161805 -23.982584
1.149213 2.378435 -23.345975
1.277705 2.620948 -22.724960
1.418405 2.891965 -22.118877
1.573003 3.194465 -21.527026
1.743334 3.531817 -20.948655
1.931397 3.907824 -20.382948
2.139386 4.326763 -19.829004
2.369718 4.793436 -19.285817
2.625066 5.313229 -18.752247
2.908390 5.892174 -18.226988
3.222977 6.537021 -17.708524
3.572482 7.255317 -17.195079
3.960973 8.055496 -16.684553
4.392979 8.946973 -16.174439
4.873546 9.940251 -15.661731
5.408297 11.047039 -15.142798
6.003497 12.280373 -14.613233
6.666125 13.654755 -14.067670
7.403953 15.186285 -13.499549
8.225629 16.892811 -12.900832
9.140764 18.794067 -12.261648
10.160033 20.911809 -11.569858
11.295266 23.269933 -10.810514
12.559547 25.894553 -9.965193
13.967312 28.814032 -9.011189
15.534426 32.058915 -7.920510
17.278251 35.661743 -6.658662
19.217675 39.656666 -5.183185
21.373091 44.078779 -3.441879
23.766295 48.963069 -1.370700
26.420273 54.342815 1.108704
29.358815 60.247219 4.091842
32.605895 66.698014 7.694569
36.184728 73.704678 12.056530
40.116367 81.257812 17.344642
44.417703 89.320135 23.756254
49.098650 97.814482 31.521303
54.158289 106.608148 40.902476
59.579688 115.493019 52.191758
65.323107 124.161253 65.701114
71.317336 132.176968 81.744133
77.449035 138.945741 100.604594
83.550230 143.685903 122.487231
89.384637 145.409034 147.446095
94.634333 142.921505 175.287710
98.889537 134.864105 205.451043
101.645809 119.810871 236.875577
102.314665 96.447990 267.883342
100.254596 63.844050 296.119240
94.828884 21.798396 318.610622
85.492828 -28.787181 332.010130
71.905087 -85.619138 333.059427
54.046228 -144.948645 319.244131
32.315534 -201.866241 289.510098
7.570888 -250.998796 244.818342
-18.917057 -287.495926 188.294678
-45.603670 -308.033629 124.829821
-70.878560 -311.499783 60.188699
-93.293357 -299.121535 -0.103781
-111.751102 -274.013200 -51.740956
-125.613999 -240.344848 -92.195216
-134.715820 -202.438091 -120.773589
-139.294683 -164.052334 -138.272378
-139.879289 -127.989316 -146.434967
-137.163747 -96.005163 -147.408753
-131.897183 -68.936262 -143.324238
-124.801594 -46.927172 -136.036770
-255.413811 47.855340 -158.550612
-184.591933 22.886444 -139.831599
-136.823667 0.623976 -126.118227
-105.823966 -19.110214 -114.924161
-86.963313 -37.007453 -104.788537
-76.932787 -53.886909 -94.779163
-73.429477 -70.535478 -84.195900
-74.893196 -87.640199 -72.394409
-80.295744 -105.751061 -58.674489
-88.972678 -125.240634 -42.201193
-100.483383 -146.237508 -21.945242
-114.483560 -168.513600 3.355049
-130.593429 -191.306958 35.190689
-148.245190 -213.068290 75.194846
-166.496819 -231.141733 124.898345
-183.811119 -241.445205 185.224395
-197.827615 -238.322347 255.617049
-205.209771 -214.897541 332.787443
-201.730754 -164.406155 409.339091
-182.832228 -82.874921 473.046966
-144.852738 27.156914 508.096475
-86.831939 153.571720 499.419684
-12.228214 275.179710 439.512834
70.609521 367.794178 334.189581
150.118096 413.886218 202.508530
214.975132 409.849974 69.499358
257.594666 365.915757 -43.861375
275.836729 299.564539 -126.953951
272.417942 227.720606 -179.480297
252.910033 162.099298 -207.379234
223.605847 108.436510 -218.373091
190.046659 67.965488 -219.194582
156.359410 39.375160 -214.618344
125.188325 20.335703 -207.577633
97.935902 8.406122 -199.672167
75.101319 1.461387 -191.677433
56.599908 -2.170532 -183.918096
42.017073 -3.718059 -176.498914
30.788950 -4.035563 -169.430752
22.319436 -3.687854 -162.691920
16.048508 -3.028739 -156.254394
11.486352 -2.265749 -150.093008
3.490700 1.136837 -96.962585
3.246122 0.726415 -94.405905
2.990031 0.402675 -91.916065
2.731298 0.155763 -89.491754
2.477004 -0.024245 -87.131534
2.232626 -0.146936 -84.833882
2.002235 -0.221279 -82.597223
1.788698 -0.255444 -80.419956
1.593877 -0.256702 -78.300485
1.418808 -0.231384 -76.237226
1.263872 -0.184891 -74.228627
1.128943 -0.121730 -72.273171
1.013519 -0.045578 -70.369382
0.916834 0.040648 -68.515827
0.837949 0.134704 -66.711117
0.775832 0.234948 -64.953902
0.729417 0.340256 -63.242876
0.697657 0.449951 -61.576768
0.679557 0.563744 -59.954343
0.674207 0.681667 -58.374398
0.680799 0.804035 -56.835761
0.698645 0.931400 -55.337288
0.727185 1.064521 -53.877858
0.765993 1.204337 -52.456372
0.814781 1.351953 -51.071751
0.873402 1.508625 -49.722932
0.941847 1.675759 -48.408864
1.020252 1.854904 -47.128506
1.108893 2.047762 -45.880820
1.208190 2.256193 -44.664770
1.318707 2.482230 -43.479315
1.441158 2.728092 -42.323401
1.576409 2.996209 -41.195955
1.725487 3.289241 -40.095875
1.889587 3.610105 -39.022022
2.070079 3.962008 -37.973204
2.268526 4.348481 -36.948160
2.486694 4.773414 -35.945546
2.726571 5.241103 -34.963907
2.990386 5.756291 -34.001654
3.280629 6.324227 -33.057029
3.600083 6.950714 -32.128066
3.951844 7.642175 -31.212542
4.339360 8.405720 -30.307918
4.766461 9.249218 -29.411268
5.237404 10.181372 -28.519190
5.756912 11.211806 -27.627703
6.330220 12.351149 -26.732113
6.963131 13.611126 -25.826858
7.662069 15.004651 -24.905318
8.434134 16.545914 -23.959575
9.287168 18.250468 -22.980131
10.229815 20.135295 -21.955565
11.271584 22.218860 -20.872110
12.422908 24.521120 -19.713146
13.695198 27.063492 -18.458588
15.100882 29.868734 -17.084148
16.653431 32.960722 -15.560459
18.367342 36.364076 -13.852023
20.258089 40.103559 -11.915986
22.342005 44.203199 -9.700698
24.636066 48.684998 -7.144072
27.157561 53.567117 -4.171738
29.923574 58.861347 -0.695031
32.950243 64.569654 3.391103
36.251701 70.679542 8.210129
39.838605 77.157913 13.905611
43.716136 83.943085 20.642153
47.881329 90.934643 28.604950
52.319574 97.980851 37.997029
57.000126 104.863554 49.032862
61.870503 111.280925 61.926635
66.849702 116.829056 76.872969
71.820338 120.984599 94.017623
76.620079 123.092249 113.415724
81.033166 122.363117 134.975912
84.783456 117.892537 158.390932
87.531187 108.708105 183.059322
88.876550 93.859367 208.009374
88.373846 72.557628 231.845284
85.560048 44.365272 252.744489
80.000441 9.417096 268.540593
71.350960 -31.367660 276.921625
59.431745 -76.148197 275.751825
44.299977 -122.177498 263.484576
26.304301 -166.031476 239.582582
6.101317 -204.059560 204.821013
-15.380453 -232.983007 161.348698
-37.031409 -250.491313 112.439673
-57.692516 -255.660266 61.970027
-76.299996 -249.062760 13.758224
-92.010532 -232.549589 -29.042697
-104.281017 -208.790546 -64.341924
-112.891678 -180.731589 -91.227021
-117.917559 -151.118970 -109.830036
-119.664733 -122.183491 -121.039548
-118.591391 -95.505854 -126.168473
-115.231183 -72.029865 -126.661503
-110.129983 -52.166679 -123.884972
-103.800733 -35.935456 -119.005734
-96.696081 -23.101376 -112.943711
-203.050522 47.762034 -141.465242
-144.957274 23.719373 -128.250084
-106.407113 3.590655 -118.419759
-81.784433 -13.548999 -110.250138
-67.089745 -28.728760 -102.783115
-59.545230 -42.913891 -95.428904
-57.273417 -56.959577 -87.746777
-59.049857 -71.610279 -79.319515
-64.117951 -87.510383 -69.671695
-72.051008 -105.207858 -58.204242
-82.646533 -125.137407 -44.130809
-95.838068 -147.568628 -26.410432
-111.609462 -172.500225 -3.679810
-129.894715 -199.475249 25.797917
-150.443949 -227.288472 64.127434
-172.634396 -253.565145 113.638750
-195.209590 -274.231038 176.471527
-215.951043 -283.002990 253.693169
-231.342660 -271.248007 343.765814
-236.398082 -228.877038 440.400079
-224.975869 -147.152420 530.479537
-191.006006 -23.829769 593.822344
-130.846386 130.794758 607.284990
-46.218447 291.239504 554.235029
53.942348 422.734025 435.575666
154.710088 495.633637 273.803185
239.821579 499.542872 104.381264
297.381723 446.367981 -40.530037
323.231549 360.962384 -144.041213
0.000000 72.000000 1.000000
6.842903 72.086725 3.230627
13.119173 73.721704 5.765875
19.022084 76.745578 8.765061
24.712835 81.027644 12.390994
30.325746 86.453752 16.821157
35.971763 92.913085 22.256512
41.740290 100.283061 28.928335
47.699279 108.411446 37.102886
53.893436 117.094720 47.083045
60.340324 126.051860 59.205183
67.024098 134.893110 73.828596
73.886639 143.084193 91.313622
80.815982 149.908208 111.983360
87.632300 154.430317 136.063073
94.072364 155.474793 163.591497
99.774495 151.629946 194.300891
104.267631 141.303087 227.469308
106.970186 122.852607 261.761425
107.206370 94.822656 295.094040
104.248782 56.290651 324.586595
97.394636 7.301834 346.676646
86.077180 -50.692704 357.477691
70.002575 -114.543415 353.410605
49.287027 -179.440769 332.039090
24.554894 -239.429960 292.905416
-3.045331 -288.400517 238.062117
-31.935735 -321.332474 172.016159
-60.310084 -335.404723 100.987367
-86.397812 -330.563981 31.667384
-108.721657 -309.354103 -30.109032
-126.281882 -276.111964 -80.342953
-138.629090 -235.869966 -117.247736
-145.827291 -193.348279 -141.039379
-148.339962 -152.290433 -153.355903
-146.883537 -115.204641 -156.573934
-142.286845 -83.427478 -153.225019
-135.379892 -57.368657 -145.604820
-274.953603 47.199767 -165.048544
-199.487736 22.341602 -143.924871
-148.271042 -0.422052 -128.488146
-114.824047 -20.904342 -115.952703
-94.307626 -39.617526 -104.649328
-83.223289 -57.289208 -93.502342
-79.107793 -74.650109 -81.706676
-80.267168 -92.335962 -68.533789
-85.557873 -110.829165 -53.211014
-94.207772 -130.400505 -34.842093
-105.663761 -151.025223 -12.356633
-119.450675 -172.253761 15.505911
-135.025721 -193.023407 50.152570
-151.614668 -211.410972 92.984789
-168.023203 -224.360237 145.063705
-182.434518 -227.486025 206.505551
-192.239806 -215.167850 275.556128
-194.005536 -181.272993 347.443556
-183.746672 -120.877304 413.435430
-157.694507 -33.049153 460.975338
-113.620355 76.089985 475.980764
-52.419087 191.974750 447.665461
20.820988 294.137932 374.271006
97.204627 363.021816 266.086157
166.214242 387.807491 142.708527
218.852871 370.248034 25.462603
250.146054 322.197959 -70.257271
259.847566 259.263587 -138.340140
251.406639 194.961281 -180.496255
230.130276 137.927042 -202.524384
201.500617 91.970186 -210.958802
170.123554 57.505034 -211.212648
139.319561 33.120834 -207.048484
111.149512 16.733649 -200.773876
86.651868 6.252285 -193.666200
66.135375 -0.116169 -186.368210
49.444809 -3.775652 -179.171429
36.168431 -5.758750 -172.190668
25.783890 -6.788462 -165.460082
17.751645 -7.350126 -158.981051
11.568543 -7.757607 -152.743687
6.793583 -8.207763 -146.735270
3.055729 -8.822261 -140.942839
0.051063 -9.678141 -135.353435
-2.465609 -10.829332 -129.953557
-4.691462 -12.321432 -124.728344
-6.786709 -14.201787 -119.660625
-8.884998 -16.526499 -114.729749
-11.102729 -19.365624 -109.910053
-13.547233 -22.807467 -105.168733
-16.323959 -26.962601 -100.462856
-19.542895 -31.968012 -95.735081
-23.324477 -37.991575 -90.907540
-27.805185 -45.236846 -85.873083
-33.142959 -53.947839 -80.482732
-39.522376 -64.413036 -74.527796
-47.159289 -76.967032 -67.714477
-56.304137 -91.986921 -59.628169
-67.242364 -109.878214 -49.684037
-80.289044 -131.041269 -37.060327
-95.772591 -155.803170 -20.612143
-113.998903 -184.290755 1.231784
-135.181920 -216.208052 30.574365
-159.319316 -250.468130 70.115135
-185.984113 -284.625413 123.079193
-213.999946 -314.087084 192.823988
-240.983903 -331.209809 281.817842
-262.806033 -324.701938 389.609589
-273.172259 -280.310698 509.612229
-263.806391 -184.358127 625.439086
-225.964897 -31.359054 709.453760
-153.838794 165.921766 728.073226
-49.178547 371.135046 656.558200
75.595805 533.445135 497.256920
199.336090 611.481495 285.752646
299.721530 595.561831 74.838159
361.980617 509.173210 -92.586321
383.048153 390.652154 -199.709657
369.602977 272.987630 -252.846196
332.966702 174.802257 -268.767521
284.502194 101.824245 -264.031722
233.120373 52.231396 -250.364745
74.880897 90.399934 -163.980917
75.066762 64.172221 -158.553391
72.883064 40.995562 -151.734413
68.862109 21.159627 -144.274314
63.499688 4.691882 -136.777812
57.237897 -8.556137 -129.679079
50.456986 -18.839823 -123.248052
43.473648 -26.471223 -117.614729
36.543432 -31.785022 -112.801191
29.865541 -35.116854 -108.754369
23.588798 -36.790040 -105.375414
17.818024 -37.107669 -102.543663
12.620402 -36.347884 -100.134572
8.031579 -34.761092 -98.031950
4.061386 -32.568436 -96.135240
0.699118 -29.961229 -94.362891
-2.081684 -27.101234 -92.652843
-4.318963 -24.121703 -90.961100
-6.058423 -21.129109 -89.259191
-7.350342 -18.205418 -87.531156
-8.246938 -15.410771 -85.770510
-8.800242 -12.786381 -83.977468
-9.060463 -10.357500 -82.156591
-9.074777 -8.136309 -80.314914
-8.886509 -6.124607 -78.460535
-8.534630 -4.316251 -76.601627
-8.053519 -2.699272 -74.745797
-7.472940 -1.257673 -72.899703
-6.818164 0.027098 -71.068885
-6.110219 1.174978 -69.257717
-5.366205 2.206388 -67.469453
-4.599655 3.141566 -65.706319
-3.820917 4.000111 -63.969627
-3.037533 4.800680 -62.259886
-2.254603 5.560823 -60.576907
-1.475130 6.296924 -58.919885
-0.700327 7.024215 -57.287473
0.070104 7.756848 -55.677813
0.837735 8.508011 -54.088568
1.605197 9.290061 -52.516912
2.376016 10.114681 -50.959515
3.154467 10.993035 -49.412497
3.945463 11.935923 -47.871364
4.754464 12.953928 -46.330926
5.587412 14.057558 -44.785189
6.450688 15.257361 -43.227219
7.351072 16.564026 -41.648986
8.295729 17.988460 -40.041170
9.292190 19.541833 -38.392939
10.348347 21.235581 -36.691678
11.472440 23.081372 -34.922683
12.673044 25.091001 -33.068805
13.959039 27.276222 -31.110030
15.339565 29.648474 -29.023019
16.823953 32.218498 -26.780573
18.421610 34.995791 -24.351052
20.141865 37.987870 -21.697744
21.993739 41.199297 -18.778195
23.985636 44.630392 -15.543546
26.124921 48.275584 -11.937906
28.417358 52.121307 -7.897849
30.866381 56.143358 -3.352137
33.472151 60.303645 1.778172
36.230360 64.546248 7.579010
39.130742 68.792766 14.141692
42.155244 72.936987 21.560024
45.275845 76.839031 29.925657
48.452004 80.319313 39.321117
51.627798 83.152919 49.809903
54.728848 85.065380 61.423061
57.659267 85.731288 74.141831
60.298973 84.777709 87.876370
62.501922 81.794900 102.441308
64.095988 76.357098 117.530056
64.885432 68.056028 132.691444
64.657014 56.548740 147.314151
63.190752 41.619152 160.626289
60.276023 23.248991 171.718505
55.732985 1.688815 179.598156
49.438144 -22.485484 183.278341
41.351435 -48.349046 181.898211
31.540634 -74.655318 174.860731
20.197888 -99.925642 161.963425
7.643139 -122.599095 143.490869
-5.689214 -141.222923 120.239249
-19.281091 -154.647938 93.455686
-32.575662 -162.186055 64.696009
-45.029629 -163.693327 35.627512
-56.164011 -159.560630 7.819027
-65.604923 -150.618837 -17.437066
-73.108384 -137.986481 -39.238077
-78.567030 -122.898188 -57.107005
-82.000413 -106.549691 -70.959340
-83.533308 -89.983347 -81.022540
-83.367566 -74.023078 -87.734525
-81.752723 -59.254865 -91.643988
-78.959313 -46.041374 -93.327577
-75.257205 -34.557043 -93.330575
-70.899831 -24.831495 -92.131127
-66.114072 -16.792533 -90.124118
-61.094968 -10.303588 -87.619260
-56.004124 -5.193430 -84.848088
-50.970703 -1.278002 -81.975501
-46.094072 1.624715 -79.112768
-41.447308 3.685403 -76.330035
-37.081065 5.058248 -73.667295
-33.027401 5.878690 -71.143414
-29.303361 6.263082 -68.763178
-25.914187 6.309517 -66.522564
-22.856114 6.099317 -64.412535
-43.292541 15.861012 -91.494346
-30.003142 7.235118 -87.550109
-21.767520 0.789280 -83.913275
-16.930744 -4.308543 -80.474023
-14.415159 -8.667651 -77.175471
-13.534382 -12.745097 -73.981447
-13.867769 -16.899690 -70.861191
-15.176999 -21.433049 -67.780915
-17.351771 -26.621160 -64.697471
-20.375581 -32.739337 -61.551614
-24.305355 -40.082832 -58.259108
-29.260705 -48.984651 -54.697964
-35.419903 -59.831375 -50.689591
-43.020435 -73.076787 -45.970849
-52.362300 -89.251547 -40.152638
-63.811932 -108.964547 -32.659066
-77.803530 -132.886984 -22.639321
-94.832253 -161.702071 -8.843081
-115.429264 -195.989511 10.548326
-140.100908 -235.991454 38.133695
-169.201588 -281.174098 77.517129
-202.691619 -329.461948 133.447995
-239.710518 -376.009876 211.631440
-277.889643 -411.482387 317.707816
-312.383947 -420.234058 454.569646
-334.822393 -379.834177 617.112528
-332.889684 -265.069864 784.670831
-292.000350 -60.385500 915.220885
-200.734093 219.722252 951.269255
-59.638421 516.030697 846.918210
111.917018 739.881315 606.273695
279.058165 822.820741 296.410640
406.415765 760.271851 10.288112
474.193341 605.413812 -189.002248
483.175000 425.540694 -290.911173
448.105834 266.795918 -320.043833
387.707826 147.219150 -308.803748
129.728902 191.139655 -209.496974
132.785428 134.396757 -201.427169
130.440161 83.878439 -187.722873
123.855618 40.570419 -171.244475
114.132480 4.592298 -154.350522
102.251109 -24.440788 -138.743476
89.048888 -47.148191 -125.474232
75.220354 -64.216989 -115.033064
61.328872 -76.319842 -107.475461
47.822099 -84.088705 -102.552123
35.046871 -88.117437 -99.827175
23.261882 -88.973433 -98.777305
12.648105 -87.206510 -98.869088
3.317733 -83.350217 -99.614167
-4.677474 -77.915590 -100.603619
-11.337789 -71.380065 -101.524117
-16.706760 -64.175053 -102.159510
-20.862174 -56.675291 -102.381985
-23.907042 -49.191975 -102.136940
-25.960998 -41.970448 -101.425237
-27.152524 -35.192238 -100.285644
-27.612270 -28.980539 -98.779337
-27.467665 -23.407983 -96.977458
-26.838836 -18.505529 -94.951981
-25.835773 -14.271500 -92.769680
-24.556609 -10.680058 -90.488680
-23.086816 -7.688685 -88.157005
-21.499142 -5.244444 -85.812510
-19.854073 -3.289009 -83.483680
-18.200691 -1.762508 -81.190911
-16.577752 -0.606346 -78.947948
-15.014892 0.234853 -76.763311
-35.477769 12.261352 -111.316279
-24.546167 6.816583 -106.731083
-17.438443 2.671075 -102.426174
-12.958586 -0.591227 -98.333696
-10.292617 -3.297973 -94.417062
-8.896069 -5.707129 -90.653830
-8.413549 -8.025586 -87.027344
-8.622285 -10.425955 -83.522427
-9.393270 -13.061108 -80.122792
-10.665172 -16.076677 -76.808956
-12.427468 -19.622003 -73.555957
-14.710229 -23.860095 -70.330339
-17.578761 -28.977167 -67.085865
-21.131891 -35.192207 -63.757214
-25.503043 -42.766910 -60.250662
-30.863533 -52.016023 -56.430234
-37.427603 -63.317712 -52.097132
-45.458647 -77.122709 -46.959271
-55.275703 -93.959456 -40.586390
-67.258555 -114.429606 -32.344615
-81.848168 -139.183148 -21.302666
-99.536353 -168.853459 -6.101317
-120.833441 -203.917516 15.219299
-146.194182 -244.422913 45.427092
-175.868667 -289.490959 88.297198
-209.626777 -336.474070 148.678005
-246.287207 -379.655835 232.135924
-282.987326 -408.542671 343.624342
-314.215066 -406.327336 484.340159
-330.894926 -350.266770 646.070633
-320.377137 -217.280660 803.962962
-268.842689 1.996245 912.923903
-167.438326 283.655074 917.778523
-20.777958 561.738545 783.274726
148.292854 751.530941 527.949181
304.754521 799.371435 225.690469
416.985478 715.196748 -37.323015
470.315896 556.120743 -211.324006
469.024203 383.877694 -295.009916
428.727376 236.969135 -314.874215
367.238322 128.480835 -300.900850
124.903477 175.591020 -204.236301
127.121763 122.597617 -195.879841
124.365466 75.596511 -182.687133
117.725279 35.408036 -167.209689
108.226888 2.097112 -151.524182
96.781050 -24.711494 -137.112146
84.164639 -45.600245 -124.873768
71.021284 -61.215028 -115.213944
57.871966 -72.193259 -108.156809
45.128965 -79.139079 -103.462466
33.109518 -82.622887 -100.732162
22.047726 -83.188680 -99.495615
12.104682 -81.359546 -99.278276
3.377364 -77.637448 -99.648578
-4.093006 -72.497376 -100.246713
-10.312654 -66.378061 -100.797563
-15.326809 -59.672072 -101.111200
-19.211177 -52.717681 -101.074639
-22.063615 -45.794031 -100.638464
-23.996315 -39.120120 -99.801398
-25.128814 -32.857360 -98.595173
-25.582056 -27.114906 -97.071218
-25.473619 -21.956817 -95.289984
-24.914130 -17.410048 -93.313079
-24.004783 -13.472496 -91.198035
-22.835848 -10.120513 -88.995279
-21.485978 -7.315525 -86.746795
-20.022182 -5.009586 -84.485975
-18.500259 -3.149842 -82.238233
-16.965575 -1.681969 -80.022031
-15.454041 -0.552695 -77.850075
-13.993208 0.288437 -75.730498
-12.603387 0.887935 -73.667954
-11.298750 1.287716 -71.664543
-10.088364 1.524827 -69.720579
-24.994629 10.039625 -101.619848
-17.017257 5.730215 -97.526468
-11.885536 2.563599 -93.646986
-8.676538 0.157562 -89.942381
-6.773058 -1.772773 -86.391342
-5.768605 -3.441031 -82.980394
-5.401377 -5.011043 -79.699303
-5.509038 -6.613995 -76.538835
-5.998255 -8.362015 -73.489493
-6.824626 -10.359052 -70.540559
-7.979915 -12.709875 -67.679078
-9.484443 -15.527948 -64.888532
-11.383182 -18.942789 -62.146928
-13.744595 -23.107382 -59.423983
-16.661629 -28.206086 -56.676904
-20.254495 -34.463415 -53.844052
-24.675062 -42.153929 -50.835400
-30.112732 -51.613256 -47.518147
-36.801683 -63.249843 -43.695065
-45.029185 -77.556194 -39.071962
-55.144285 -95.116742 -33.209068
-67.565268 -116.606454 -25.449060
-82.782618 -142.768613 -14.812175
-101.350972 -174.350016 0.152607
-123.857788 -211.954206 21.569078
-150.846415 -255.744721 52.483787
-182.655060 -304.889198 97.120993
-219.110087 -356.591325 161.003447
-258.987890 -404.557308 250.601075
-299.159966 -436.922237 371.829891
-333.432111 -434.309811 526.337517
-351.421235 -370.186918 704.634419
-338.524874 -217.749489 877.200242
-278.903054 32.508990 990.331511
-163.095767 348.801493 979.891848
1.731221 649.600389 809.769094
187.017857 836.987227 511.455989
351.912485 858.726186 178.212527
462.679084 739.848902 -93.385339
507.052270 552.732946 -257.761444
493.730257 365.008781 -324.500354
441.984340 213.082260 -328.581414
138.295097 237.905257 -221.106191
144.541167 171.886086 -215.659621
144.195850 112.167329 -201.980102
138.577583 60.399433 -183.707382
128.972737 17.000435 -164.002210
116.545521 -18.354694 -145.251715
102.298736 -46.345524 -129.016335
87.068574 -67.756372 -116.115415
71.537465 -83.349879 -106.774249
56.253241 -93.826691 -100.785698
41.647746 -99.832390 -97.662299
28.052014 -101.981030 -96.767915
15.707793 -100.875797 -97.424314
4.776541 -97.117656 -98.991020
-4.652585 -91.300689 -100.918624
-12.554553 -83.997586 -102.777526
-18.959418 -75.740722 -104.265827
-23.942338 -67.004038 -105.201356
-27.613019 -58.189487 -105.503376
-30.105186 -49.619914 -105.169239
-31.566682 -41.538504 -104.250303
-32.150757 -34.113747 -102.830142
-32.008842 -27.448290 -101.006780
-31.284983 -21.589920 -98.879540
-30.111878 -16.543160 -96.540331
-28.608392 -12.280371 -94.068696
-26.878294 -8.751633 -91.529754
-25.009996 -5.893050 -88.974170
-23.077013 -3.633405 -86.439388
-50.622408 13.687477 -124.107234
-35.782384 7.148663 -118.778094
-25.992819 1.882542 -113.843993
-19.758060 -2.484953 -109.185858
-16.033735 -6.284626 -104.737132
-14.105414 -9.801731 -100.455931
-13.497696 -13.283099 -96.310365
-13.907824 -16.948240 -92.270326
-15.158420 -21.001692 -88.302055
-17.164792 -25.645345 -84.363426
-19.913177 -31.090315 -80.398611
-23.447137 -37.568288 -76.331040
-27.859976 -45.342361 -72.053481
-33.291585 -54.717268 -67.413732
-39.928420 -66.048372 -62.193876
-48.005381 -79.747964 -56.080207
-57.808102 -96.285721 -48.619990
-69.673459 -116.177346 -39.160047
-83.984552 -139.950428 -26.761485
-101.153714 -168.068296 -10.085688
-121.582402 -200.779537 12.748147
-145.579354 -237.841926 44.318315
-173.207561 -278.047114 88.016424
-204.017712 -318.459791 147.994969
-236.618153 -353.322706 228.680718
-268.050559 -372.760799 333.393616
-293.034634 -361.902726 461.473461
-303.388333 -301.942317 603.627268
-288.357920 -175.606235 736.734777
-236.984815 21.236215 822.568538
-143.226230 265.348827 817.625556
-12.355122 501.891169 696.707211
136.049262 663.953970 476.917973
273.287718 709.564812 217.051027
373.481079 645.226038 -14.437283
423.954140 514.594024 -175.552199
427.193367 367.423631 -261.464998
395.415009 237.297190 -290.819066
343.428605 137.830599 -287.352440
283.875365 69.274000 -269.467704
101.964863 119.487186 -182.241663
101.755097 81.398613 -174.236249
98.164722 48.044338 -163.868910
91.987461 19.784848 -152.590009
83.954209 -3.435488 -141.528825
74.707777 -21.922162 -131.458059
64.793744 -36.109079 -122.820089
54.661564 -46.480757 -115.785324
44.671240 -53.528571 -110.321662
35.102347 -57.729442 -106.262136
26.163559 -59.536939 -103.363768
18.001811 -59.377744 -101.354604
10.710841 -57.649434 -99.968271
4.339142 -54.717864 -98.966855
-1.102560 -50.913982 -98.153682
0.000000 92.000000 5.333333
8.732758 91.858728 9.031685
16.710605 93.527725 13.225924
24.165969 96.769931 18.164821
31.287630 101.366696 24.095034
38.225747 107.099349 31.275274
45.094542 113.728116 39.984852
51.972559 120.967833 50.526570
58.900418 128.459957 63.222778
65.875938 135.740927 78.402251
72.846575 142.208020 96.374364
79.699324 147.085821 117.386103
86.248659 149.399513 141.557043
92.223816 147.965528 168.788562
97.257851 141.415433 198.647236
100.882450 128.273862 230.230337
102.534194 107.113194 262.034730
101.579379 76.801516 291.868875
97.364567 36.840441 316.866756
89.297351 -12.248605 333.672191
76.954962 -68.583121 338.846016
60.207267 -128.764334 329.492084
39.327627 -188.057793 304.000867
15.055917 -240.993442 262.703030
-11.420004 -282.321497 208.172849
-38.580111 -308.083495 144.985621
-64.770520 -316.451482 78.921582
-88.438933 -308.038520 15.839927
-108.346808 -285.586182 -39.410893
-123.706787 -253.181192 -83.712773
-134.221885 -215.307108 -115.874321
-140.035289 -176.031995 -136.365152
-141.621941 -138.507755 -146.785460
-139.659321 -104.803930 -149.287135
-134.907789 -75.993467 -146.097953
-128.117892 -52.372894 -139.211615
-274.729326 52.433795 -163.915983
-198.116431 27.057250 -143.474731
-146.102533 4.195520 -128.775115
-112.038012 -16.097511 -117.018029
-90.982286 -34.427566 -106.563565
-79.379586 -51.591362 -96.384396
-74.738767 -68.379382 -85.734542
-75.359702 -85.492005 -73.952864
-80.112188 -103.496006 -60.340809
-88.259090 -122.783291 -44.078559
-99.310172 -143.507117 -24.163314
-112.890947 -165.475397 0.630303
-128.610020 -187.982801 31.750406
-145.908581 -209.569599 70.788923
-163.878929 -227.715723 119.254950
-181.049853 -238.528951 178.102442
-195.163112 -236.585231 246.909659
-203.016376 -215.229413 322.685994
-200.524336 -167.784609 398.533145
-183.220763 -90.050156 462.865565
-147.399558 16.136820 500.418354
-91.835936 139.789795 496.191918
-19.498044 260.864989 441.938760
61.845693 355.670082 342.014513
141.055942 406.089616 213.966751
206.869422 407.106528 82.065213
251.377840 367.500555 -32.425360
271.915348 303.932194 -117.929864
270.700550 233.263024 -173.153728
252.980975 167.612958 -203.391678
224.923611 113.234214 -216.124030
192.090484 71.776828 -218.106253
158.705974 42.189475 -214.245832
127.533603 22.269900 -207.620475
100.085292 9.618833 -199.944600
76.946509 2.106513 -192.071469
58.093625 -1.964383 -184.373461
43.151025 -3.853559 -176.982660
31.576728 -4.445485 -169.924860
22.784307 -4.331031 -163.186331
16.215276 -3.885454 -156.743294
11.376287 -3.333654 -150.572920
7.853197 -2.800629 -144.656218
5.311160 -2.348296 -138.977906
3.487198 -2.001087 -133.525482
2.179483 -1.762953 -128.288331
1.235914 -1.628158 -123.257063
0.543447 -1.587794 -118.423095
0.018800 -1.633496 -113.778391
-0.399218 -1.759411 -109.315315
-0.755856 -1.963164 -105.026532
-1.085228 -2.246295 -100.904950
-1.414020 -2.614497 -96.943659
-1.764342 -3.077823 -93.135878
-2.155952 -3.651009 -89.474882
-2.608028 -4.353975 -85.953901
-3.140673 -5.212568 -82.565992
-3.776254 -6.259591 -79.303837
-4.540722 -7.536183 -76.159468
-5.464990 -9.093604 -73.123853
-6.586470 -10.995509 -70.186288
-7.950870 -13.320815 -67.333501
-9.614336 -16.167283 -64.548306
-11.646051 -19.655958 -61.807613
-14.131416 -23.936634 -59.079422
-17.175935 -29.194529 -56.318322
-20.909955 -35.658313 -53.458720
-25.494392 -43.609572 -50.404624
-31.127539 -53.393573 -47.014261
-38.052956 -65.430757 -43.076908
-46.568186 -80.227478 -38.278129
-57.033543 -98.382706 -32.147884
-69.879215 -120.584078 -23.983884
-85.607007 -147.580395 -12.740309
-104.779515 -180.106530 3.129113
-127.983137 -218.717497 25.881248
-155.740441 -263.457751 58.738570
-188.330070 -313.249124 106.134640
-225.448447 -364.839466 173.786674
-265.624922 -411.170811 268.211437
-305.311661 -439.257390 394.940659
-337.693427 -428.426751 554.333974
-351.650153 -351.413958 734.207278
-332.075562 -182.801479 901.071796
-263.554542 81.689242 997.953362
-138.696435 401.817057 962.255328
31.842510 689.929111 766.990171
216.484266 851.498728 455.878448
374.194169 846.552280 127.373376
474.177165 711.235417 -127.836421
508.041507 520.305250 -274.363728
487.018732 337.025647 -328.256616
431.001177 192.449714 -325.598279
139.629003 226.616463 -220.775415
144.715764 161.545514 -213.761342
143.431192 103.132612 -199.132395
137.094745 52.792476 -180.473721
126.975408 10.792249 -160.824936
114.210974 -23.271249 -142.432501
99.775513 -50.105799 -126.725481
84.478028 -70.496429 -114.415069
68.976899 -85.195770 -105.645947
53.799241 -94.893722 -100.157077
39.359021 -100.228621 -97.430598
25.971595 -101.811110 -96.819267
13.864724 -100.243093 -97.648465
3.187327 -96.124107 -99.291472
-5.982565 -90.044789 -101.218461
-13.629520 -82.571365 -103.021511
-19.791507 -74.226648 -104.419568
-24.549810 -65.472551 -105.248484
-28.018461 -56.697578 -105.441667
-30.333788 -48.210833 -105.006455
-31.644715 -40.242460 -104.000336
-32.104292 -32.949343 -102.509804
-31.862751 -26.424376 -100.633384
-31.062222 -20.707598 -98.469268
-29.833030 -15.797740 -96.107274
-28.291425 -11.663122 -93.624433
-26.538502 -8.251272 -91.083308
-24.660070 -5.496939 -88.532204
-22.727206 -3.328467 -86.006533
-48.237917 12.778820 -123.259887
-34.176696 6.431466 -117.999130
-24.935033 1.309750 -113.112675
-19.084738 -2.956607 -108.490919
-15.631219 -6.692830 -104.071974
-13.896295 -10.178719 -99.816115
-13.430749 -13.656668 -95.692278
-13.950702 -17.343134 -91.670405
-15.292487 -21.441071 -87.716236
-17.381573 -26.152238 -83.786619
-20.212024 -31.688997 -79.824066
-23.833790 -38.285599 -75.749488
-28.345789 -46.208961 -71.451902
-33.893244 -55.768807 -66.773563
-40.667991 -67.326485 -61.488401
-48.910542 -81.300874 -55.270765
-58.912382 -98.168015 -47.650507
-71.016164 -118.448084 -37.949298
-85.609885 -142.668056 -25.192423
-103.108188 -171.279726 -7.991414
-123.909025 -204.499008 15.601296
-148.306069 -242.012886 48.247593
-176.326052 -282.477949 93.430819
-207.447339 -322.724280 155.374892
-240.149665 -356.625291 238.490846
-271.269072 -373.799157 345.868434
-295.237941 -358.834878 476.213105
-303.553247 -292.681106 619.023600
-285.259704 -158.722345 749.506432
-229.592949 44.997971 828.083991
-131.371580 291.797685 811.739996
2.669246 524.067570 678.682150
151.556597 675.502334 451.034006
286.200075 708.506134 190.653436
381.661265 634.612811 -35.157587
426.897348 499.766802 -188.241285
425.762784 352.882676 -267.145713
391.095942 225.419129 -291.905894
337.680475 129.210126 -286.090706
277.808840 63.555961 -267.350287
102.434864 115.383511 -181.734262
101.805892 77.646183 -173.352890
97.874342 44.729985 -162.771586
91.431961 16.940391 -151.418702
83.203532 -5.814711 -140.391005
73.823628 -23.862262 -130.426654
63.828878 -37.647048 -121.936633
53.659948 -47.657934 -115.065698
43.668663 -54.387110 -109.762641
34.127214 -58.310666 -105.847684
25.237709 -59.880683 -103.070508
17.141296 -59.522081 -101.156201
9.926658 -57.630435 -99.838691
3.637917 -54.569289 -98.882548
-1.717915 -50.666891 -98.094848
-6.163894 -46.212981 -97.329153
-9.746489 -41.456396 -96.483784
-12.529399 -36.604055 -95.496433
-14.587945 -31.821574 -94.336864
-16.004125 -27.235474 -92.999075
-16.862421 -22.936676 -91.493900
-17.246381 -18.984914 -89.842611
-17.235973 -15.413602 -88.071812
-16.905664 -12.234801 -86.209641
-16.323144 -9.443953 -84.283173
-15.548597 -7.024182 -82.316837
-14.634433 -4.950040 -80.331595
-13.625368 -3.190628 -78.344697
-12.558760 -1.712125 -76.369804
-11.465138 -0.479740 -74.417328
-10.368823 0.540832 -72.494888
-9.288629 1.382383 -70.607793
-8.238557 2.075512 -68.759499
-7.228488 2.648234 -66.952030
-6.264831 3.125805 -65.186317
-5.351113 3.530704 -63.462490
-4.488520 3.882740 -61.780099
-3.676361 4.199233 -60.138281
-2.912471 4.495253 -58.535886
-2.193560 4.783877 -56.971559
-1.515488 5.076471 -55.443795
-0.873501 5.382955 -53.950974
-0.262411 5.712074 -52.491372
0.323260 6.071644 -51.063161
0.889177 6.468788 -49.664399
1.441122 6.910145 -48.293002
1.984939 7.402068 -46.946721
2.526516 7.950803 -45.623101
3.071777 8.562643 -44.319432
3.626687 9.244078 -43.032694
4.197279 10.001923 -41.759487
4.789678 10.843442 -40.495952
5.410145 11.776453 -39.237674
6.065120 12.809424 -37.979565
6.761272 13.951570 -36.715725
7.505549 15.212920 -35.439282
8.305236 16.604388 -34.142190
9.168008 18.137821 -32.814995
10.101983 19.826022 -31.446558
11.115772 21.682752 -30.023716
12.218520 23.722687 -28.530891
13.419940 25.961323 -26.949621
14.730327 28.414806 -25.258010
16.160554 31.099668 -23.430084
17.722038 34.032423 -21.435052
19.426656 37.228996 -19.236447
21.286609 40.703905 -16.791171
23.314209 44.469151 -14.048427
25.521556 48.532706 -10.948576
27.920082 52.896497 -7.421960
30.519921 57.553753 -3.387767
33.329039 62.485562 1.246931
36.352084 67.656477 6.587763
39.588871 73.008994 12.752985
43.032423 78.456770 19.872305
46.666493 83.876516 28.084043
50.462487 89.098639 37.529826
54.375741 93.896983 48.345869
58.341157 97.978430 60.649653
62.268324 100.973751 74.520781
66.036361 102.431957 89.974905
69.489033 101.821473 106.930176
72.430929 98.542597 125.166855
74.625973 91.956679 144.282798
75.799871 81.437543 163.650656
75.648482 66.449239 182.386642
73.854088 46.650120 199.344848
70.111029 22.015849 213.153845
64.160846 -7.036563 222.311037
55.834782 -39.553011 225.342393
45.098501 -74.012022 221.019079
32.090785 -108.395161 208.599977
17.146140 -140.376278 188.046937
0.791900 -167.615677 160.148690
-16.285482 -188.106869 126.500139
-33.303267 -200.494945 89.318932
-49.464752 -204.282952 51.130661
-64.045586 -199.871805 14.397480
-76.467253 -188.429909 -18.817823
-86.344633 -171.638995 -47.076805
-93.501884 -151.391618 -69.644997
-97.958767 -129.514881 -86.437478
-99.895418 -107.570718 -97.873701
-99.606005 -86.750331 -104.695161
-97.450994 -67.852996 -107.791317
-93.815033 -51.324398 -108.061632
-89.074247 -37.326654 -106.323721
-83.573870 -25.817125 -103.264598
-77.615309 -16.621033 -99.425316
-71.450710 -9.490471 -95.207624
-65.282914 -4.147879 -90.892646
-146.317894 45.066405 -122.911203
-102.364970 24.098753 -114.270224
-73.659473 7.652979 -107.601325
-55.551391 -5.636060 -101.903375
-44.834859 -16.932254 -96.660519
-39.344455 -27.194482 -91.577856
-37.655393 -37.213757 -86.447593
-38.867527 -47.659281 -81.077500
-42.453079 -59.121279 -75.246086
-48.151041 -72.145688 -68.665716
-55.894478 -87.257639 -60.942943
-65.759483 -104.969883 -51.528910
-77.926038 -125.769183 -39.654332
-92.641023 -150.068163 -24.245249
-110.171906 -178.101295 -3.819884
-130.735738 -209.731360 23.622742
-154.381744 -244.118320 60.688243
-180.798009 -279.193795 110.564827
-209.007605 -310.903879 176.728466
-236.929163 -332.282536 262.089006
-260.828068 -332.686859 367.186090
-274.820553 -298.049663 487.148200
-270.848240 -213.664095 607.855049
-239.839391 -71.044324 703.517303
-174.754119 121.829731 740.104039
-75.232938 332.948974 688.505245
48.504797 511.717043 543.769521
176.282916 611.239713 335.662434
284.724385 613.695125 116.896480
356.533757 537.223226 -64.402449
386.094093 419.972848 -185.241275
378.595676 298.055119 -248.346570
345.092560 193.566663 -269.919696
297.453039 114.502109 -267.580724
245.350783 60.011840 -254.416795
77.031805 97.292010 -166.202054
77.599021 69.624779 -160.881102
75.625895 45.072378 -153.960665
71.670095 23.982216 -146.261941
66.254463 6.411942 -138.455859
59.847432 -7.776226 -131.030732
52.853456 -18.839413 -124.295742
45.610581 -27.098504 -118.405533
38.392641 -32.900661 -113.394274
31.414108 -36.595601 -109.211232
24.836244 -38.521301 -105.753080
18.773729 -38.995567 -102.890506
13.301273 -38.311060 -100.488350
8.459968 -36.732304 -98.419494
4.263260 -34.493939 -96.573294
0.702467 -31.799922 -94.859630
-2.248191 -28.823566 -93.209704
-4.627081 -25.708389 -91.574637
-6.481196 -22.569705 -89.922774
-7.862757 -19.496838 -88.236403
-8.826362 -16.555820 -86.508409
-9.426694 -13.792371 -84.739189
-9.716722 -11.234996 -82.934027
-9.746383 -8.898035 -81.100992
-9.561653 -6.784539 -79.249354
-9.203987 -4.888879 -77.388471
-8.710034 -3.199038 -75.527065
-8.111581 -1.698555 -73.672798
-7.435676 -0.368136 -71.832076
-6.704873 0.813070 -70.010003
-5.937560 1.866482 -68.210439
-5.148341 2.813353 -66.436108
-4.348438 3.674257 -64.688725
-3.546093 4.468755 -62.969140
-2.746959 5.215208 -61.277451
-1.954467 5.930696 -59.613116
-1.170156 6.631028 -57.975028
-0.393974 7.330819 -56.361580
0.375463 8.043599 -54.770689
1.140649 8.781959 -53.199818
1.905001 9.557714 -51.645959
2.672701 10.382064 -50.105603
3.448580 11.265765 -48.574691
4.238015 12.219290 -47.048541
5.046860 13.252973 -45.521753
5.881397 14.377149 -43.988096
6.748297 15.602267 -42.440361
7.654598 16.938989 -40.870197
8.607700 18.398251 -39.267902
9.615350 19.991307 -37.622188
10.685648 21.729717 -35.919899
11.827034 23.625300 -34.145683
13.048277 25.690009 -32.281617
14.358451 27.935745 -30.306771
15.766881 30.374050 -28.196712
17.283072 33.015688 -25.922953
18.916586 35.870051 -23.452339
20.676874 38.944359 -20.746385
22.573024 42.242607 -17.760588
24.613432 45.764174 -14.443735
26.805340 49.502046 -10.737279
29.154237 53.440549 -6.574844
31.663066 57.552515 -1.881994
34.331210 61.795796 3.423555
37.153207 66.109058 9.431060
40.117156 70.406835 16.234866
43.202759 74.573896 23.931112
46.378999 78.459124 32.612499
49.601443 81.869300 42.360530
52.809229 84.563499 53.234566
55.921885 86.249201 65.257119
58.836223 86.581736 78.395029
61.423724 85.169240 92.536646
63.529018 81.585807 107.466052
64.970274 75.395762 122.836669
65.542507 66.191648 138.148393
65.024917 53.647198 152.734465
63.193239 37.583884 165.766094
59.837714 18.045364 176.283573
54.786377 -4.631229 183.261136
47.932128 -29.763620 185.707920
39.260388 -56.311898 182.798822
28.872691 -82.922905 174.017857
17.000635 -108.040370 159.286078
4.005049 -130.073983 139.040893
-9.642745 -147.601908 114.238220
-23.397175 -159.566373 86.264777
-36.687676 -165.417958 56.771165
-48.973067 -165.174811 27.459218
-59.791709 -159.385361 -0.129956
-68.799153 -149.008866 -24.782954
-75.788191 -135.247589 -45.707525
-80.690325 -119.371052 -62.546283
-83.561435 -102.566731 -75.324395
-84.556754 -85.837358 -84.356542
-83.900962 -69.949521 -90.140230
-81.858441 -55.426377 -93.256957
-78.707295 -42.571251 -94.294033
-74.718993 -31.508049 -93.791481
-70.144126 -22.226870 -92.212378
-65.203788 -14.626973 -89.931812
-60.085545 -8.552903 -87.238650
-54.942830 -3.822337 -84.344876
-49.896661 -0.245971 -81.398388
-45.038741 2.359345 -78.496472
-40.435250 4.162707 -75.698277
-36.130838 5.315072 -73.035482
-32.152484 5.947776 -70.520886
-28.513049 6.172714 -68.155002
-66.670233 27.476844 -97.657487
-45.326439 15.212360 -93.040035
-31.741025 6.252720 -88.989328
-23.365728 -0.547848 -85.257091
-18.513725 -6.031450 -81.724756
-16.086366 -10.822175 -78.328917
-15.385444 -15.395115 -75.027072
-15.986154 -20.130015 -71.780889
-17.652535 -25.352598 -68.546448
-20.282429 -31.366731 -65.266332
-23.872853 -38.480112 -61.860747
-28.499509 -47.025526 -58.215576
-34.306059 -57.378920 -54.165141
-41.500072 -69.974565 -49.466883
-50.353187 -85.316154 -43.764029
-61.203081 -103.980303 -36.530909
-74.454087 -126.604946 -26.993838
-90.571439 -153.848115 -14.019191
-110.060402 -186.290711 4.038959
-133.414943 -224.237585 29.532318
-161.009722 -267.342638 65.731315
-192.893079 -313.949366 116.980135
-228.419359 -360.019958 188.596978
-265.648665 -397.593638 286.105182
-300.478174 -413.032259 413.079704
-325.634358 -386.146929 566.736858
-330.069853 -292.777966 731.129913
-299.983075 -114.558170 870.750671
-223.086438 143.028478 932.636024
-96.443964 433.716128 867.047738
65.918926 676.411975 663.431979
233.265856 795.888090 372.029800
370.117296 770.226212 80.358471
452.510931 638.647504 -139.792074
476.104027 465.907482 -264.889197
452.300523 303.510189 -311.525286
398.857724 175.933563 -310.450166
122.018562 203.004013 -205.943703
127.011472 147.594707 -200.853829
126.495247 97.432372 -189.598589
121.565554 53.826475 -174.869923
113.290783 17.160221 -159.008258
102.643326 -12.767678 -143.792454
90.467157 -36.466197 -130.397989
77.470499 -54.565921 -119.455512
64.232754 -67.715419 -111.156595
51.217554 -76.537082 -105.372348
38.786911 -81.617704 -101.765803
