4.100000 0.500000 2.000000 0.000000
4.095045 0.490975 1.999755 -0.048999
4.090181 0.481901 1.999020 -0.097991
4.085407 0.472779 1.997795 -0.146969
4.080725 0.463610 1.996081 -0.195927
4.076135 0.454394 1.993877 -0.244857
4.071638 0.445133 1.991184 -0.293753
4.067233 0.435827 1.988002 -0.342608
4.062921 0.426478 1.984332 -0.391415
4.058703 0.417086 1.980174 -0.440168
4.054580 0.407652 1.975529 -0.488859
4.050550 0.398178 1.970397 -0.537481
4.046616 0.388663 1.964779 -0.586029
4.042777 0.379110 1.958676 -0.634496
4.039034 0.369519 1.952090 -0.682873
4.035387 0.359891 1.945019 -0.731156
4.031836 0.350227 1.937467 -0.779338
4.028383 0.340528 1.929433 -0.827411
4.025026 0.330795 1.920919 -0.875370
4.021767 0.321029 1.911926 -0.923207
4.018605 0.311231 1.902455 -0.970917
4.015542 0.301402 1.892508 -1.018493
4.012577 0.291542 1.882086 -1.065928
4.009711 0.281653 1.871190 -1.113217
4.006945 0.271737 1.859822 -1.160353
4.004277 0.261793 1.847983 -1.207329
4.001709 0.251822 1.835676 -1.254140
3.999240 0.241827 1.822901 -1.300780
3.996872 0.231808 1.809661 -1.347242
3.994604 0.221765 1.795957 -1.393521
3.992437 0.211700 1.781791 -1.439610
3.990370 0.201614 1.767165 -1.485505
3.988405 0.191508 1.752082 -1.531198
3.986540 0.181382 1.736542 -1.576684
3.984777 0.171239 1.720549 -1.621958
3.983116 0.161078 1.704104 -1.667014
3.981556 0.150902 1.687209 -1.711846
3.980098 0.140710 1.669868 -1.756449
3.978742 0.130504 1.652081 -1.800818
3.977488 0.120285 1.633852 -1.844948
3.976336 0.110054 1.615183 -1.888833
3.975287 0.099812 1.596076 -1.932467
3.974340 0.089560 1.576534 -1.975847
3.973495 0.079299 1.556560 -2.018967
3.972754 0.069030 1.536156 -2.061823
3.972115 0.058755 1.515325 -2.104409
3.971579 0.048473 1.494069 -2.146720
3.971145 0.038186 1.472391 -2.188753
3.970815 0.027896 1.450295 -2.230502
3.970587 0.017603 1.427782 -2.271964
3.970463 0.007308 1.404856 -2.313134
3.970441 -0.002987 1.381520 -2.354007
3.970523 -0.013283 1.357777 -2.394580
3.970707 -0.023576 1.333630 -2.434848
3.970994 -0.033868 1.309081 -2.474808
3.971384 -0.044156 1.284135 -2.514456
3.971877 -0.054440 1.258793 -2.553788
3.972473 -0.064718 1.233060 -2.592800
3.973172 -0.074990 1.206938 -2.631489
3.973973 -0.085255 1.180431 -2.669851
3.974877 -0.095510 1.153542 -2.707883
3.975883 -0.105757 1.126275 -2.745582
3.976992 -0.115992 1.098632 -2.782945
3.978203 -0.126217 1.070617 -2.819968
3.979516 -0.136428 1.042234 -2.856648
3.980931 -0.146626 1.013485 -2.892984
3.982449 -0.156809 0.984375 -2.928971
3.984068 -0.166977 0.954907 -2.964609
3.985788 -0.177127 0.925084 -2.999892
3.987610 -0.187260 0.894910 -3.034821
3.989533 -0.197375 0.864389 -3.069392
3.991557 -0.207469 0.833524 -3.103602
3.993683 -0.217543 0.802318 -3.137451
3.995908 -0.227595 0.770776 -3.170935
3.998234 -0.237625 0.738900 -3.204054
4.000661 -0.247630 0.706696 -3.236805
4.003187 -0.257611 0.674166 -3.269186
4.005813 -0.267566 0.641313 -3.301197
4.008538 -0.277495 0.608143 -3.332835
4.011363 -0.287395 0.574658 -3.364099
4.014286 -0.297267 0.540862 -3.394988
4.017308 -0.307109 0.506759 -3.425501
4.020428 -0.316921 0.472353 -3.455636
4.023646 -0.326700 0.437648 -3.485394
4.026962 -0.336447 0.402647 -3.514772
4.030375 -0.346161 0.367354 -3.543771
4.033885 -0.355840 0.331773 -3.572389
4.037492 -0.365483 0.295907 -3.600626
4.041195 -0.375089 0.259761 -3.628482
4.044993 -0.384659 0.223339 -3.655956
4.048888 -0.394189 0.186644 -3.683048
4.052877 -0.403680 0.149679 -3.709759
4.056961 -0.413131 0.112450 -3.736087
4.061139 -0.422541 0.074959 -3.762033
4.065412 -0.431908 0.037210 -3.787597
4.069782 -0.441242 -0.000830 -3.811942
4.074241 -0.450522 -0.038866 -3.795198
4.078792 -0.459757 -0.076733 -3.778106
4.083436 -0.468946 -0.114427 -3.760661
4.088171 -0.478088 -0.151945 -3.742860
4.092997 -0.487182 -0.189283 -3.724702
4.097914 -0.496227 -0.226438 -3.706184
4.102922 -0.505223 -0.263405 -3.687302
4.108019 -0.514169 -0.300182 -3.668053
4.113205 -0.523063 -0.336765 -3.648436
4.118480 -0.531904 -0.373150 -3.628448
4.123843 -0.540693 -0.409333 -3.608086
4.129293 -0.549427 -0.445310 -3.587348
4.134831 -0.558106 -0.481079 -3.566231
4.140455 -0.566730 -0.516634 -3.544734
4.146166 -0.575297 -0.551972 -3.522853
4.151961 -0.583807 -0.587090 -3.500588
4.157841 -0.592258 -0.621982 -3.477936
4.163806 -0.600649 -0.656647 -3.454894
4.169854 -0.608981 -0.691079 -3.431461
4.175986 -0.617252 -0.725275 -3.407636
4.182199 -0.625461 -0.759230 -3.383416
4.188495 -0.633608 -0.792942 -3.358800
4.194871 -0.641691 -0.826405 -3.333786
4.201328 -0.649710 -0.859616 -3.308373
4.207865 -0.657664 -0.892571 -3.282559
4.214481 -0.665553 -0.925266 -3.256344
4.221176 -0.673374 -0.957697 -3.229725
4.227948 -0.681129 -0.989859 -3.202702
4.234798 -0.688815 -1.021749 -3.175274
4.241725 -0.696433 -1.053363 -3.147439
4.248727 -0.703980 -1.084697 -3.119198
4.255804 -0.711458 -1.115746 -3.090548
4.262956 -0.718864 -1.146507 -3.061490
4.270181 -0.726198 -1.176974 -3.032023
4.277479 -0.733460 -1.207146 -3.002147
4.284850 -0.740649 -1.237016 -2.971861
4.292292 -0.747763 -1.266581 -2.941165
4.299805 -0.754803 -1.295838 -2.910059
4.307388 -0.761767 -1.324781 -2.878543
4.315040 -0.768655 -1.353407 -2.846616
4.322761 -0.775466 -1.381712 -2.814280
4.330549 -0.782199 -1.409692 -2.781534
4.338404 -0.788854 -1.437342 -2.748380
4.346326 -0.795431 -1.464658 -2.714816
4.354313 -0.801928 -1.491637 -2.680845
4.362364 -0.808344 -1.518273 -2.646466
4.370479 -0.814680 -1.544564 -2.611681
4.378657 -0.820935 -1.570506 -2.576491
4.386898 -0.827107 -1.596093 -2.540897
4.395199 -0.833196 -1.621322 -2.504899
4.403561 -0.839203 -1.646190 -2.468500
4.411983 -0.845125 -1.670691 -2.431701
4.420464 -0.850963 -1.694822 -2.394503
4.429002 -0.856715 -1.718580 -2.356908
4.437598 -0.862383 -1.741959 -2.318918
4.446249 -0.867963 -1.764957 -2.280535
4.454957 -0.873457 -1.787569 -2.241760
4.463718 -0.878864 -1.809791 -2.202597
4.472534 -0.884183 -1.831619 -2.163047
4.481402 -0.889413 -1.853050 -2.123113
4.490322 -0.894555 -1.874080 -2.082798
4.499292 -0.899607 -1.894705 -2.042103
4.508313 -0.904569 -1.914921 -2.001032
4.517384 -0.909440 -1.934724 -1.959588
4.526502 -0.914221 -1.954111 -1.917774
4.535668 -0.918910 -1.973079 -1.875592
4.544880 -0.923507 -1.991622 -1.833047
4.554137 -0.928012 -2.009738 -1.790142
4.563440 -0.932424 -2.027424 -1.746880
4.572786 -0.936743 -2.044675 -1.703264
4.582174 -0.940968 -2.061488 -1.659299
4.591605 -0.945100 -2.077860 -1.614989
4.601076 -0.949136 -2.093787 -1.570337
4.610587 -0.953078 -2.109265 -1.525348
4.620137 -0.956924 -2.124292 -1.480026
4.629725 -0.960675 -2.138865 -1.434375
4.639350 -0.964330 -2.152979 -1.388400
4.649012 -0.967888 -2.166632 -1.342105
4.658708 -0.971349 -2.179820 -1.295495
4.668438 -0.974714 -2.192540 -1.248576
4.678202 -0.977981 -2.204790 -1.201351
4.687998 -0.981150 -2.216566 -1.153826
4.697824 -0.984220 -2.227866 -1.106007
4.707682 -0.987193 -2.238686 -1.057898
4.717568 -0.990067 -2.249023 -1.009504
4.727483 -0.992842 -2.258875 -0.960833
4.737424 -0.995517 -2.268239 -0.911888
4.747393 -0.998093 -2.277112 -0.862676
4.757386 -1.000569 -2.285491 -0.813203
4.767404 -1.002945 -2.293375 -0.763474
4.777445 -1.005221 -2.300760 -0.713495
4.787508 -1.007396 -2.307644 -0.663274
4.797592 -1.009471 -2.314025 -0.612815
4.807697 -1.011444 -2.319899 -0.562126
4.817821 -1.013317 -2.325266 -0.511212
4.827963 -1.015088 -2.330123 -0.460081
4.838122 -1.016757 -2.334467 -0.408738
4.848298 -1.018325 -2.338297 -0.357191
4.858488 -1.019791 -2.341610 -0.305446
4.868693 -1.021155 -2.344405 -0.253510
4.878911 -1.022417 -2.346680 -0.201391
4.889141 -1.023577 -2.348433 -0.149094
4.899382 -1.024635 -2.349661 -0.096628
4.909633 -1.025590 -2.350365 -0.043999
4.919894 -1.026442 -2.350541 0.008785
4.930162 -1.027192 -2.350188 0.061717
4.940437 -1.027839 -2.349306 0.114789
4.950718 -1.028383 -2.347892 0.167995
4.961005 -1.028824 -2.345946 0.221326
4.971295 -1.029163 -2.343465 0.274775
4.981587 -1.029398 -2.340450 0.328335
4.991882 -1.029531 -2.336898 0.381997
5.002178 -1.029561 -2.332810 0.435754
5.012473 -1.029487 -2.328183 0.489599
5.022767 -1.029311 -2.323017 0.543522
5.033059 -1.029032 -2.317312 0.597517
5.043347 -1.028650 -2.311067 0.651576
5.053632 -1.028165 -2.304280 0.705689
5.063910 -1.027577 -2.296953 0.759851
5.074183 -1.026887 -2.289083 0.814051
5.084448 -1.026094 -2.280672 0.868283
5.094704 -1.025198 -2.271718 0.922539
5.104951 -1.024200 -2.262221 0.976809
5.115188 -1.023099 -2.252181 1.031086
5.125413 -1.021896 -2.241599 1.085362
5.135626 -1.020591 -2.230474 1.139629
5.145824 -1.019184 -2.218807 1.193879
5.156009 -1.017674 -2.206597 1.248102
5.166178 -1.016063 -2.193845 1.302292
5.176330 -1.014351 -2.180551 1.356439
5.186464 -1.012537 -2.166716 1.410536
5.196580 -1.010622 -2.152340 1.464575
5.206676 -1.008605 -2.137425 1.518547
5.216752 -1.006488 -2.121970 1.572444
5.226806 -1.004270 -2.105976 1.626258
5.236837 -1.001952 -2.089445 1.679981
5.246845 -0.999534 -2.072377 1.733604
5.256827 -0.997015 -2.054773 1.787120
5.266785 -0.994397 -2.036635 1.840520
5.276715 -0.991680 -2.017963 1.893797
5.286618 -0.988863 -1.998759 1.946942
5.296492 -0.985948 -1.979025 1.999948
5.306336 -0.982933 -1.958761 2.052806
5.316150 -0.979821 -1.937969 2.105509
5.325933 -0.976610 -1.916651 2.158048
5.335682 -0.973302 -1.894809 2.210416
5.345398 -0.969897 -1.872444 2.262605
5.355080 -0.966395 -1.849557 2.314608
5.364726 -0.962795 -1.826152 2.366416
5.374335 -0.959100 -1.802230 2.418023
5.383907 -0.955309 -1.777792 2.469420
5.393441 -0.951422 -1.752842 2.520600
5.402936 -0.947440 -1.727381 2.571556
5.412390 -0.943364 -1.701412 2.622281
5.421803 -0.939193 -1.674936 2.672766
5.431173 -0.934928 -1.647957 2.723006
5.440501 -0.930569 -1.620477 2.772992
5.449784 -0.926118 -1.592498 2.822718
5.459023 -0.921574 -1.564023 2.872177
5.468215 -0.916937 -1.535056 2.921362
5.477361 -0.912210 -1.505597 2.970267
5.486459 -0.907390 -1.475651 3.018883
5.495509 -0.902480 -1.445220 3.067206
5.504509 -0.897480 -1.414308 3.115229
5.513458 -0.892390 -1.382917 3.162944
5.522356 -0.887211 -1.351050 3.210347
5.531202 -0.881944 -1.318711 3.257430
5.539995 -0.876587 -1.285903 3.304187
5.548734 -0.871144 -1.252628 3.350613
5.557417 -0.865613 -1.218892 3.396702
5.566045 -0.859996 -1.184695 3.442448
5.574617 -0.854292 -1.150044 3.487846
5.583131 -0.848504 -1.114940 3.532889
5.591587 -0.842630 -1.079387 3.577572
5.599983 -0.836672 -1.043390 3.621891
5.608320 -0.830630 -1.006951 3.665839
5.616596 -0.824506 -0.970074 3.709413
5.624810 -0.818299 -0.932764 3.752606
5.632961 -0.812010 -0.895023 3.795415
5.641050 -0.805640 -0.856857 3.837834
5.649074 -0.799189 -0.818268 3.879859
5.657033 -0.792658 -0.779261 3.921485
5.664927 -0.786049 -0.739839 3.962709
5.672754 -0.779360 -0.700008 4.003526
5.680514 -0.772594 -0.659770 4.043932
5.688206 -0.765750 -0.619131 4.083923
5.695829 -0.758830 -0.578093 4.123496
5.703382 -0.751834 -0.536662 4.162646
5.710865 -0.744762 -0.494842 4.201371
5.718277 -0.737617 -0.452636 4.239667
5.725617 -0.730397 -0.410050 4.277530
5.732885 -0.723105 -0.367087 4.314958
5.740079 -0.715740 -0.323752 4.351948
5.747199 -0.708303 -0.280050 4.388498
5.754245 -0.700796 -0.235984 4.424603
5.761215 -0.693219 -0.191559 4.460262
5.768109 -0.685572 -0.146780 4.495473
5.774926 -0.677857 -0.101651 4.530233
5.781666 -0.670074 -0.056177 4.564541
5.788327 -0.662224 -0.010362 4.598394
5.794917 -0.654299 0.035660 4.586476
5.801420 -0.646318 0.081397 4.560887
5.807843 -0.638271 0.126876 4.534834
5.814185 -0.630161 0.172093 4.508317
5.820446 -0.621988 0.217041 4.481333
5.826624 -0.613752 0.261718 4.453881
5.832721 -0.605456 0.306117 4.425961
5.838733 -0.597098 0.350235 4.397571
5.844662 -0.588681 0.394067 4.368711
5.850507 -0.580205 0.437608 4.339379
5.856266 -0.571671 0.480853 4.309576
5.861940 -0.563080 0.523798 4.279300
5.867528 -0.554433 0.566438 4.248551
5.873028 -0.545730 0.608767 4.217329
5.878442 -0.536973 0.650783 4.185634
5.883768 -0.528161 0.692478 4.153466
5.889005 -0.519298 0.733850 4.120826
5.894154 -0.510382 0.774893 4.087712
5.899213 -0.501415 0.815603 4.054127
5.904182 -0.492398 0.855974 4.020070
5.909060 -0.483331 0.896003 3.985542
5.913848 -0.474217 0.935684 3.950545
5.918545 -0.465055 0.975012 3.915078
5.923149 -0.455846 1.013984 3.879144
5.927661 -0.446592 1.052593 3.842743
5.932081 -0.437293 1.090837 3.805876
5.936407 -0.427951 1.128709 3.768547
5.940640 -0.418565 1.166206 3.730755
5.944778 -0.409138 1.203323 3.692503
5.948822 -0.399670 1.240055 3.653793
5.952771 -0.390162 1.276397 3.614627
5.956625 -0.380615 1.312346 3.575007
5.960384 -0.371030 1.347896 3.534937
5.964046 -0.361408 1.383043 3.494417
5.967612 -0.351749 1.417783 3.453451
5.971081 -0.342056 1.452111 3.412042
5.974453 -0.332328 1.486022 3.370192
5.977727 -0.322567 1.519513 3.327906
5.980904 -0.312774 1.552579 3.285186
5.983983 -0.302949 1.585215 3.242035
5.986963 -0.293095 1.617418 3.198457
5.989844 -0.283210 1.649183 3.154455
5.992627 -0.273298 1.680506 3.110035
5.995310 -0.263358 1.711382 3.065198
5.997894 -0.253392 1.741808 3.019951
6.000378 -0.243401 1.771780 2.974296
6.002762 -0.233385 1.801293 2.928238
6.005046 -0.223346 1.830343 2.881782
6.007229 -0.213284 1.858927 2.834933
6.009311 -0.203202 1.887041 2.787694
6.011293 -0.193098 1.914680 2.740072
6.013173 -0.182976 1.941841 2.692070
6.014952 -0.172835 1.968520 2.643695
6.016630 -0.162677 1.994714 2.594951
6.018206 -0.152503 2.020418 2.545845
6.019680 -0.142314 2.045629 2.496381
6.021052 -0.132110 2.070344 2.446565
6.022322 -0.121893 2.094560 2.396403
6.023490 -0.111664 2.118271 2.345901
6.024555 -0.101423 2.141476 2.295066
6.025518 -0.091173 2.164172 2.243902
6.026379 -0.080913 2.186353 2.192417
6.027136 -0.070646 2.208019 2.140617
6.027791 -0.060371 2.229165 2.088508
6.028344 -0.050090 2.249788 2.036097
6.028793 -0.039804 2.269886 1.983392
6.029140 -0.029515 2.289455 1.930397
6.029384 -0.019222 2.308493 1.877122
6.029524 -0.008927 2.326996 1.823572
6.029562 0.001368 2.344963 1.769754
6.029497 0.011664 2.362391 1.715677
6.029329 0.021958 2.379276 1.661347
6.029058 0.032250 2.395617 1.606772
6.028684 0.042539 2.411411 1.551959
6.028207 0.052823 2.426655 1.496917
6.027627 0.063102 2.441348 1.441652
6.026945 0.073375 2.455487 1.386172
6.026160 0.083641 2.469071 1.330486
6.025272 0.093898 2.482096 1.274600
6.024282 0.104146 2.494562 1.218525
6.023189 0.114383 2.506466 1.162266
6.021994 0.124609 2.517807 1.105833
6.020697 0.134823 2.528582 1.049234
6.019298 0.145023 2.538791 0.992477
6.017797 0.155209 2.548432 0.935570
6.016194 0.165379 2.557502 0.878522
6.014489 0.175532 2.566002 0.821341
6.012683 0.185668 2.573929 0.764036
6.010776 0.195785 2.581282 0.706615
6.008768 0.205883 2.588060 0.649087
6.006658 0.215960 2.594263 0.591461
6.004448 0.226016 2.599889 0.533745
6.002138 0.236049 2.604938 0.475947
5.999728 0.246059 2.609408 0.418077
5.997217 0.256043 2.613299 0.360144
5.994607 0.266003 2.616611 0.302156
5.991897 0.275935 2.619342 0.244121
5.989088 0.285840 2.621493 0.186050
5.986180 0.295717 2.623063 0.127950
5.983174 0.305563 2.624052 0.069831
5.980069 0.315380 2.624460 0.011701
5.976866 0.325164 2.624286 -0.046431
5.973566 0.334917 2.623531 -0.104556
5.970168 0.344635 2.622195 -0.162665
5.966673 0.354320 2.620278 -0.220749
5.963082 0.363969 2.617780 -0.278799
5.959394 0.373581 2.614702 -0.336807
5.955610 0.383156 2.611044 -0.394763
5.951731 0.392693 2.606807 -0.452660
5.947757 0.402190 2.601991 -0.510487
5.943687 0.411648 2.596597 -0.568237
5.939524 0.421064 2.590627 -0.625901
5.935266 0.430438 2.584080 -0.683470
5.930915 0.439769 2.576958 -0.740935
5.926471 0.449056 2.569261 -0.798288
5.921934 0.458298 2.560992 -0.855519
5.917305 0.467494 2.552152 -0.912622
5.912585 0.476644 2.542740 -0.969587
5.907773 0.485746 2.532760 -1.026405
5.902870 0.494799 2.522213 -1.083069
5.897877 0.503803 2.511099 -1.139570
5.892794 0.512756 2.499422 -1.195899
5.887622 0.521658 2.487182 -1.252050
5.882361 0.530508 2.474382 -1.308012
5.877012 0.539305 2.461022 -1.363780
5.871575 0.548048 2.447107 -1.419343
5.866051 0.556737 2.432636 -1.474696
5.860440 0.565369 2.417613 -1.529829
5.854744 0.573945 2.402040 -1.584735
5.848962 0.582464 2.385920 -1.639407
5.843095 0.590924 2.369253 -1.693836
5.837143 0.599325 2.352044 -1.748016
5.831108 0.607667 2.334294 -1.801939
5.824990 0.615947 2.316006 -1.855597
5.818790 0.624166 2.297183 -1.908984
5.812507 0.632323 2.277827 -1.962093
5.806143 0.640416 2.257942 -2.014916
5.799699 0.648445 2.237530 -2.067446
5.793175 0.656410 2.216594 -2.119677
5.786571 0.664309 2.195137 -2.171602
5.779889 0.672141 2.173163 -2.223215
5.773129 0.679906 2.150674 -2.274509
5.766291 0.687603 2.127674 -2.325477
5.759377 0.695232 2.104165 -2.376114
5.752387 0.702790 2.080153 -2.426413
5.745321 0.710279 2.055638 -2.476369
5.738181 0.717697 2.030626 -2.525976
5.730967 0.725042 2.005120 -2.575227
5.723681 0.732316 1.979123 -2.624117
5.716321 0.739516 1.952639 -2.672641
5.708891 0.746642 1.925671 -2.720794
5.701389 0.753693 1.898224 -2.768569
5.693817 0.760669 1.870301 -2.815963
5.686176 0.767570 1.841906 -2.862970
5.678466 0.774393 1.813043 -2.909585
5.670688 0.781139 1.783716 -2.955803
5.662843 0.787806 1.753928 -3.001621
5.654932 0.794395 1.723685 -3.047033
5.646956 0.800905 1.692989 -3.092035
5.638914 0.807334 1.661846 -3.136624
5.630809 0.813683 1.630258 -3.180794
5.622641 0.819950 1.598231 -3.224543
5.614410 0.826135 1.565769 -3.267867
5.606119 0.832238 1.532875 -3.310761
5.597766 0.838258 1.499555 -3.353222
5.589354 0.844193 1.465812 -3.395248
5.580882 0.850044 1.431651 -3.436835
5.572353 0.855811 1.397077 -3.477979
5.563766 0.861491 1.362093 -3.518679
5.555124 0.867086 1.326705 -3.558931
5.546425 0.872594 1.290916 -3.598733
5.537672 0.878014 1.254732 -3.638081
5.528865 0.883347 1.218156 -3.676975
5.520005 0.888591 1.181194 -3.715412
5.511094 0.893747 1.143849 -3.753389
5.502131 0.898813 1.106127 -3.790905
5.493118 0.903789 1.068033 -3.827958
5.484055 0.908675 1.029570 -3.864546
5.474944 0.913470 0.990743 -3.900669
5.465786 0.918174 0.951558 -3.936324
5.456581 0.922786 0.912018 -3.971511
5.447331 0.927305 0.872129 -4.006228
5.438035 0.931732 0.831896 -4.040474
5.428696 0.936066 0.791321 -4.074249
5.419314 0.940306 0.750412 -4.107553
5.409891 0.944452 0.709172 -4.140384
5.400426 0.948504 0.667606 -4.172742
5.390921 0.952460 0.625719 -4.204627
5.381377 0.956322 0.583515 -4.236039
5.371795 0.960088 0.541000 -4.266978
5.362175 0.963758 0.498177 -4.297445
5.352520 0.967331 0.455052 -4.327438
5.342829 0.970808 0.411630 -4.356960
5.333104 0.974188 0.367915 -4.386010
5.323346 0.977470 0.323911 -4.414589
5.313555 0.980655 0.279624 -4.442698
5.303733 0.983741 0.235059 -4.470339
5.293880 0.986729 0.190219 -4.497511
5.283999 0.989619 0.145110 -4.524216
5.274088 0.992409 0.099736 -4.550455
5.264151 0.995100 0.054103 -4.576231
5.254187 0.997692 0.008213 -4.601544
5.244187 1.000186 -0.037796 -4.583242
5.234173 1.002578 -0.083488 -4.555154
5.224136 1.004870 -0.128897 -4.526687
6.000000 0.700000 2.000000 0.000000
5.992950 0.709965 1.999755 -0.048999
5.985801 0.719859 1.999020 -0.097991
5.978553 0.729681 1.997795 -0.146969
5.971208 0.739429 1.996081 -0.195927
5.963765 0.749104 1.993877 -0.244857
5.956226 0.758704 1.991184 -0.293753
5.948591 0.768229 1.988002 -0.342608
5.940861 0.777676 1.984332 -0.391415
5.933038 0.787045 1.980174 -0.440168
5.925121 0.796336 1.975529 -0.488859
5.917111 0.805548 1.970397 -0.537481
5.909010 0.814678 1.964779 -0.586029
5.900818 0.823727 1.958676 -0.634496
5.892536 0.832694 1.952090 -0.682873
5.884164 0.841578 1.945019 -0.731156
5.875705 0.850377 1.937467 -0.779338
5.867157 0.859092 1.929433 -0.827411
5.858523 0.867720 1.920919 -0.875370
5.849803 0.876262 1.911926 -0.923207
5.840998 0.884716 1.902455 -0.970917
5.832109 0.893082 1.892508 -1.018493
5.823137 0.901358 1.882086 -1.065928
5.814082 0.909544 1.871190 -1.113217
5.804946 0.917639 1.859822 -1.160353
5.795730 0.925643 1.847983 -1.207329
5.786434 0.933554 1.835676 -1.254140
5.777059 0.941371 1.822901 -1.300780
5.767606 0.949094 1.809661 -1.347242
5.758077 0.956723 1.795957 -1.393521
5.748472 0.964256 1.781791 -1.439610
5.738793 0.971692 1.767165 -1.485505
5.729039 0.979031 1.752082 -1.531198
5.719212 0.986273 1.736542 -1.576684
5.709314 0.993415 1.720549 -1.621958
5.699344 1.000459 1.704104 -1.667014
5.689305 1.007402 1.687209 -1.711846
5.679197 1.014245 1.669868 -1.756449
5.669020 1.020986 1.652081 -1.800818
5.658777 1.027625 1.633852 -1.844948
5.648468 1.034161 1.615183 -1.888833
5.638094 1.040594 1.596076 -1.932467
5.627657 1.046923 1.576534 -1.975847
5.617156 1.053147 1.556560 -2.018967
5.606594 1.059266 1.536156 -2.061823
5.595971 1.065279 1.515325 -2.104409
5.585289 1.071185 1.494069 -2.146720
5.574548 1.076984 1.472391 -2.188753
5.563749 1.082676 1.450295 -2.230502
5.552895 1.088259 1.427782 -2.271964
5.541985 1.093733 1.404856 -2.313134
5.531020 1.099098 1.381520 -2.354007
5.520003 1.104354 1.357777 -2.394580
5.508934 1.109498 1.333630 -2.434848
5.497813 1.114532 1.309081 -2.474808
5.486643 1.119454 1.284135 -2.514456
5.475425 1.124265 1.258793 -2.553788
5.464159 1.128963 1.233060 -2.592800
5.452846 1.133548 1.206938 -2.631489
5.441488 1.138019 1.180431 -2.669851
5.430086 1.142377 1.153542 -2.707883
5.418641 1.146621 1.126275 -2.745582
5.407154 1.150750 1.098632 -2.782945
5.395626 1.154764 1.070617 -2.819968
5.384059 1.158662 1.042234 -2.856648
5.372453 1.162445 1.013485 -2.892984
5.360810 1.166111 0.984375 -2.928971
5.349131 1.169661 0.954907 -2.964609
5.337418 1.173094 0.925084 -2.999892
5.325670 1.176409 0.894910 -3.034821
5.313890 1.179607 0.864389 -3.069392
5.302078 1.182687 0.833524 -3.103602
5.290236 1.185649 0.802318 -3.137451
5.278366 1.188492 0.770776 -3.170935
5.266467 1.191216 0.738900 -3.204054
5.254542 1.193821 0.706696 -3.236805
5.242591 1.196307 0.674166 -3.269186
5.230616 1.198673 0.641313 -3.301197
5.218618 1.200919 0.608143 -3.332835
5.206598 1.203045 0.574658 -3.364099
5.194557 1.205051 0.540862 -3.394988
5.182497 1.206936 0.506759 -3.425501
5.170419 1.208701 0.472353 -3.455636
5.158324 1.210344 0.437648 -3.485394
5.146213 1.211867 0.402647 -3.514772
5.134087 1.213269 0.367354 -3.543771
5.121948 1.214549 0.331773 -3.572389
5.109796 1.215708 0.295907 -3.600626
5.097634 1.216745 0.259761 -3.628482
5.085462 1.217660 0.223339 -3.655956
5.073281 1.218454 0.186644 -3.683048
5.061093 1.219126 0.149679 -3.709759
5.048899 1.219676 0.112450 -3.736087
5.036700 1.220104 0.074959 -3.762033
5.024497 1.220410 0.037210 -3.787597
5.012280 1.220594 -0.000830 -3.811764
5.000074 1.220656 -0.038821 -3.786503
4.987867 1.220595 -0.076559 -3.760983
4.975662 1.220413 -0.114040 -3.735207
4.963459 1.220109 -0.151262 -3.709174
4.951260 1.219682 -0.188223 -3.682886
4.939066 1.219134 -0.224919 -3.656346
4.926878 1.218463 -0.261349 -3.629553
4.914697 1.217671 -0.297510 -3.602511
4.902525 1.216757 -0.333398 -3.575220
4.890363 1.215722 -0.369013 -3.547682
4.878211 1.214565 -0.404351 -3.519898
4.866072 1.213286 -0.439410 -3.491871
4.853946 1.211886 -0.474188 -3.463602
4.841834 1.210365 -0.508682 -3.435094
4.829739 1.208723 -0.542889 -3.406347
4.817660 1.206960 -0.576808 -3.377364
4.805600 1.205076 -0.610435 -3.348147
4.793559 1.203072 -0.643770 -3.318698
4.781539 1.200947 -0.676809 -3.289019
4.769541 1.198703 -0.709549 -3.259112
4.757565 1.196338 -0.741990 -3.228979
4.745614 1.193854 -0.774128 -3.198622
4.733689 1.191251 -0.805962 -3.168044
4.721790 1.188528 -0.837488 -3.137247
4.709919 1.185687 -0.868706 -3.106234
4.698076 1.182727 -0.899612 -3.075006
4.686264 1.179648 -0.930205 -3.043566
4.674484 1.176452 -0.960483 -3.011917
4.662736 1.173138 -0.990443 -2.980062
4.651021 1.169707 -1.020084 -2.948001
4.639342 1.166159 -1.049402 -2.915740
4.627699 1.162494 -1.078398 -2.883279
4.616093 1.158713 -1.107067 -2.850621
4.604525 1.154816 -1.135409 -2.817771
4.592997 1.150803 -1.163422 -2.784729
4.581509 1.146676 -1.191103 -2.751499
4.570063 1.142434 -1.218451 -2.718084
4.558661 1.138077 -1.245464 -2.684486
4.547302 1.133607 -1.272141 -2.650709
4.535989 1.129023 -1.298478 -2.616755
4.524722 1.124327 -1.324475 -2.582628
4.513503 1.119518 -1.350130 -2.548330
4.502332 1.114597 -1.375441 -2.513864
4.491211 1.109565 -1.400407 -2.479234
4.480141 1.104422 -1.425025 -2.444443
4.469123 1.099168 -1.449295 -2.409494
4.458158 1.093804 -1.473215 -2.374389
4.447248 1.088331 -1.496782 -2.339132
4.436392 1.082749 -1.519997 -2.303727
4.425593 1.077059 -1.542856 -2.268176
4.414851 1.071261 -1.565360 -2.232483
4.404168 1.065356 -1.587506 -2.196651
4.393544 1.059345 -1.609292 -2.160684
4.382981 1.053227 -1.630719 -2.124584
4.372480 1.047005 -1.651784 -2.088356
4.362042 1.040677 -1.672486 -2.052002
4.351667 1.034246 -1.692823 -2.015526
4.341357 1.027711 -1.712796 -1.978931
4.331113 1.021073 -1.732402 -1.942222
4.320936 1.014333 -1.751640 -1.905400
4.310827 1.007492 -1.770509 -1.868470
4.300787 1.000550 -1.789009 -1.831436
4.290816 0.993508 -1.807138 -1.794300
4.280917 0.986367 -1.824895 -1.757067
4.271089 0.979127 -1.842279 -1.719740
4.261335 0.971789 -1.859289 -1.682322
4.251654 0.964354 -1.875925 -1.644817
4.242048 0.956822 -1.892185 -1.607229
4.232518 0.949195 -1.908069 -1.569560
4.223064 0.941473 -1.923576 -1.531816
4.213688 0.933656 -1.938705 -1.493999
4.204391 0.925747 -1.953456 -1.456113
4.195174 0.917744 -1.967827 -1.418162
4.186037 0.909650 -1.981819 -1.380150
4.176981 0.901465 -1.995430 -1.342079
4.168008 0.893190 -2.008660 -1.303953
4.159118 0.884826 -2.021509 -1.265777
4.150312 0.876373 -2.033976 -1.227554
4.141590 0.867832 -2.046060 -1.189288
4.132955 0.859205 -2.057761 -1.150982
4.124407 0.850492 -2.069079 -1.112639
4.115946 0.841693 -2.080014 -1.074264
4.107573 0.832811 -2.090565 -1.035861
4.099290 0.823845 -2.100731 -0.997432
4.091096 0.814797 -2.110513 -0.958981
4.082994 0.805667 -2.119911 -0.920513
4.074983 0.796457 -2.128923 -0.882030
4.067065 0.787167 -2.137551 -0.843537
4.059240 0.777799 -2.145794 -0.805037
4.051509 0.768353 -2.153652 -0.766534
4.043873 0.758829 -2.161125 -0.728030
4.036333 0.749230 -2.168213 -0.689531
4.028889 0.739556 -2.174915 -0.651039
4.021542 0.729808 -2.181233 -0.612558
4.014293 0.719988 -2.187167 -0.574091
4.007143 0.710095 -2.192715 -0.535642
4.000092 0.700131 -2.197880 -0.497216
3.993140 0.690097 -2.202660 -0.458814
3.986290 0.679994 -2.207056 -0.420441
3.979541 0.669823 -2.211069 -0.382100
3.972894 0.659585 -2.214698 -0.343795
3.966349 0.649281 -2.217945 -0.305529
3.959908 0.638912 -2.220809 -0.267305
3.953571 0.628480 -2.223291 -0.229127
3.947339 0.617984 -2.225391 -0.190999
3.941212 0.607427 -2.227111 -0.152923
3.935190 0.596809 -2.228450 -0.114904
3.929276 0.586131 -2.229409 -0.076943
3.923468 0.575395 -2.229989 -0.039046
3.917768 0.564601 -2.230190 -0.001214
3.912176 0.553750 -2.230014 0.036548
3.906693 0.542845 -2.229460 0.074238
3.901319 0.531885 -2.228529 0.111852
3.896056 0.520871 -2.227223 0.149387
3.890902 0.509806 -2.225542 0.186840
3.885860 0.498690 -2.223486 0.224207
3.880929 0.487524 -2.221058 0.261487
3.876109 0.476309 -2.218257 0.298675
3.871403 0.465046 -2.215085 0.335768
3.866809 0.453737 -2.211542 0.372764
3.862328 0.442383 -2.207630 0.409660
3.857961 0.430984 -2.203349 0.446452
3.853708 0.419542 -2.198701 0.483138
3.849570 0.408059 -2.193687 0.519715
3.845547 0.396534 -2.188307 0.556179
3.841640 0.384970 -2.182563 0.592528
3.837848 0.373367 -2.176457 0.628760
3.834173 0.361727 -2.169989 0.664871
3.830614 0.350051 -2.163160 0.700859
3.827172 0.338340 -2.155972 0.736721
3.823847 0.326595 -2.148426 0.772454
3.820640 0.314817 -2.140523 0.808056
3.817551 0.303008 -2.132265 0.843524
3.814580 0.291169 -2.123653 0.878856
3.811728 0.279300 -2.114689 0.914049
3.808994 0.267404 -2.105373 0.949100
3.806380 0.255480 -2.095707 0.984007
3.803884 0.243532 -2.085693 1.018768
3.801509 0.231558 -2.075332 1.053381
3.799253 0.219562 -2.064626 1.087842
3.797118 0.207544 -2.053576 1.122150
3.795103 0.195505 -2.042183 1.156303
3.793208 0.183446 -2.030450 1.190297
3.791434 0.171370 -2.018378 1.224132
3.789780 0.159275 -2.005968 1.257804
3.788248 0.147166 -1.993223 1.291313
3.786837 0.135041 -1.980143 1.324655
3.785547 0.122903 -1.966730 1.357828
3.784379 0.110752 -1.952987 1.390831
3.783332 0.098591 -1.938914 1.423662
3.782407 0.086419 -1.924514 1.456319
3.781604 0.074239 -1.909788 1.488799
3.780923 0.062052 -1.894739 1.521102
3.780363 0.049858 -1.879367 1.553225
3.779926 0.037659 -1.863675 1.585167
3.779610 0.025457 -1.847664 1.616925
3.779416 0.013252 -1.831337 1.648499
3.779345 0.001046 -1.814695 1.679886
3.779395 -0.011161 -1.797740 1.711085
3.779568 -0.023366 -1.780474 1.742094
3.779863 -0.035569 -1.762898 1.772912
3.780279 -0.047768 -1.745016 1.803538
3.780818 -0.059963 -1.726828 1.833969
3.781479 -0.072152 -1.708337 1.864206
3.782261 -0.084333 -1.689545 1.894245
3.783165 -0.096506 -1.670453 1.924087
3.784191 -0.108669 -1.651064 1.953729
3.785339 -0.120822 -1.631379 1.983170
3.786608 -0.132962 -1.611401 2.012410
3.787998 -0.145089 -1.591132 2.041447
3.789509 -0.157202 -1.570573 2.070280
3.791142 -0.169299 -1.549727 2.098907
3.792895 -0.181378 -1.528595 2.127329
3.794769 -0.193440 -1.507181 2.155544
3.796764 -0.205483 -1.485485 2.183550
3.798879 -0.217505 -1.463510 2.211348
3.801114 -0.229505 -1.441259 2.238935
3.803469 -0.241482 -1.418732 2.266312
3.805944 -0.253435 -1.395933 2.293478
3.808538 -0.265363 -1.372864 2.320431
3.811251 -0.277264 -1.349525 2.347171
3.814083 -0.289137 -1.325921 2.373698
3.817033 -0.300982 -1.302052 2.400011
3.820102 -0.312796 -1.277921 2.426108
3.823289 -0.324579 -1.253531 2.451990
3.826594 -0.336330 -1.228882 2.477656
3.830016 -0.348047 -1.203978 2.503106
3.833555 -0.359729 -1.178821 2.528338
3.837210 -0.371376 -1.153412 2.553353
3.840982 -0.382985 -1.127755 2.578151
3.844870 -0.394555 -1.101850 2.602730
3.848873 -0.406087 -1.075701 2.627091
3.852991 -0.417578 -1.049309 2.651233
3.857224 -0.429027 -1.022677 2.675156
3.861572 -0.440433 -0.995807 2.698859
3.866033 -0.451795 -0.968700 2.722344
3.870607 -0.463112 -0.941360 2.745609
3.875295 -0.474382 -0.913789 2.768654
3.880095 -0.485605 -0.885988 2.791479
3.885007 -0.496780 -0.857960 2.814085
3.890030 -0.507905 -0.829707 2.836471
3.895165 -0.518979 -0.801231 2.858637
3.900410 -0.530001 -0.772535 2.880583
3.905765 -0.540971 -0.743620 2.902310
3.911229 -0.551886 -0.714490 2.923817
3.916802 -0.562746 -0.685145 2.945104
3.922484 -0.573549 -0.655588 2.966172
3.928273 -0.584296 -0.625822 2.987022
3.934169 -0.594983 -0.595849 3.007652
3.940172 -0.605612 -0.565670 3.028064
3.946281 -0.616180 -0.535288 3.048257
3.952496 -0.626686 -0.504705 3.068233
3.958815 -0.637129 -0.473924 3.087991
3.965238 -0.647509 -0.442946 3.107531
3.971765 -0.657824 -0.411774 3.126855
3.978395 -0.668074 -0.380410 3.145962
3.985126 -0.678256 -0.348856 3.164854
3.991959 -0.688371 -0.317114 3.183529
3.998893 -0.698416 -0.285186 3.201990
4.005927 -0.708392 -0.253074 3.220236
4.013061 -0.718298 -0.220782 3.238268
4.020293 -0.728131 -0.188310 3.256087
4.027623 -0.737891 -0.155661 3.273693
4.035051 -0.747578 -0.122837 3.291087
4.042575 -0.757190 -0.089840 3.308270
4.050194 -0.766726 -0.056672 3.325241
4.057909 -0.776186 -0.023336 3.342003
4.065726 -0.785577 0.010182 3.345989
4.073628 -0.794880 0.043516 3.320720
4.081623 -0.804104 0.076595 3.295115
4.089710 -0.813248 0.109417 3.269176
4.097888 -0.822310 0.141978 3.242903
4.106156 -0.831290 0.174274 3.216297
4.114513 -0.840186 0.206302 3.189357
4.122959 -0.848999 0.238060 3.162086
4.131493 -0.857727 0.269543 3.134483
4.140113 -0.866369 0.300748 3.106550
4.148820 -0.874924 0.331673 3.078287
4.157612 -0.883392 0.362313 3.049697
4.166488 -0.891772 0.392666 3.020779
4.175447 -0.900062 0.422728 2.991535
4.184488 -0.908263 0.452495 2.961967
4.193612 -0.916372 0.481966 2.932077
4.202816 -0.924390 0.511136 2.901864
4.212099 -0.932316 0.540002 2.871332
4.221462 -0.940148 0.568561 2.840481
4.230902 -0.947886 0.596811 2.809315
4.240419 -0.955530 0.624747 2.777834
4.250012 -0.963077 0.652366 2.746040
4.259680 -0.970529 0.679666 2.713936
4.269422 -0.977884 0.706644 2.681523
4.279238 -0.985140 0.733296 2.648805
4.289125 -0.992299 0.759619 2.615783
4.299083 -0.999358 0.785611 2.582459
4.309112 -1.006317 0.811267 2.548837
4.319209 -1.013175 0.836586 2.514919
4.329375 -1.019932 0.861565 2.480706
4.339608 -1.026587 0.886199 2.446204
4.349906 -1.033140 0.910488 2.411413
4.360270 -1.039589 0.934427 2.376337
4.370698 -1.045934 0.958014 2.340979
4.381188 -1.052175 0.981245 2.305342
4.391741 -1.058310 1.004119 2.269429
4.402354 -1.064340 1.026633 2.233244
4.413027 -1.070263 1.048783 2.196790
4.423759 -1.076079 1.070568 2.160070
4.434549 -1.081788 1.091984 2.123087
4.445394 -1.087388 1.113029 2.085846
4.456296 -1.092880 1.133700 2.048350
4.467252 -1.098262 1.153995 2.010603
4.478261 -1.103534 1.173911 1.972608
4.489322 -1.108697 1.193446 1.934370
4.500434 -1.113748 1.212598 1.895892
4.511597 -1.118688 1.231363 1.857179
4.522808 -1.123516 1.249741 1.818234
4.534067 -1.128231 1.267727 1.779062
4.545372 -1.132834 1.285321 1.739666
4.556723 -1.137324 1.302520 1.700053
4.568118 -1.141700 1.319322 1.660224
4.579556 -1.145961 1.335724 1.620186
4.591037 -1.150108 1.351725 1.579943
4.602558 -1.154140 1.367322 1.539499
4.614119 -1.158057 1.382514 1.498859
4.625719 -1.161858 1.397299 1.458028
4.637356 -1.165543 1.411674 1.417010
4.649029 -1.169111 1.425638 1.375810
4.660738 -1.172562 1.439189 1.334434
4.672480 -1.175896 1.452326 1.292886
4.684255 -1.179112 1.465047 1.251171
4.696062 -1.182211 1.477349 1.209294
4.707899 -1.185191 1.489232 1.167260
4.719766 -1.188052 1.500694 1.125075
4.731660 -1.190795 1.511733 1.082744
4.743581 -1.193419 1.522348 1.040272
4.755528 -1.195924 1.532538 0.997664
4.767499 -1.198309 1.542301 0.954925
4.779494 -1.200574 1.551636 0.912062
4.791510 -1.202719 1.560542 0.869079
4.803548 -1.204743 1.569017 0.825982
4.815605 -1.206648 1.577061 0.782777
4.827680 -1.208431 1.584672 0.739469
4.839773 -1.210094 1.591850 0.696063
4.851882 -1.211636 1.598593 0.652566
4.864005 -1.213056 1.604901 0.608982
4.876142 -1.214356 1.610773 0.565318
4.888292 -1.215533 1.616207 0.521579
4.900453 -1.216590 1.621204 0.477772
4.912623 -1.217524 1.625763 0.433901
4.924803 -1.218337 1.629882 0.389972
4.936990 -1.219028 1.633562 0.345992
4.949183 -1.219597 1.636802 0.301966
4.961381 -1.220045 1.639601 0.257900
4.973583 -1.220370 1.641960 0.213799
4.985788 -1.220573 1.643877 0.169670
4.997994 -1.220654 1.645353 0.125519
5.010201 -1.220613 1.646387 0.081351
5.022406 -1.220450 1.646980 0.037172
5.034609 -1.220165 1.647131 -0.007012
5.046809 -1.219758 1.646840 -0.051195
5.059004 -1.219229 1.646107 -0.095371
5.071193 -1.218578 1.644932 -0.139534
5.083375 -1.217805 1.643316 -0.183679
5.095549 -1.216910 1.641259 -0.227800
5.107713 -1.215894 1.638760 -0.271890
5.119867 -1.214756 1.635821 -0.315944
5.132008 -1.213497 1.632442 -0.359956
5.144136 -1.212116 1.628622 -0.403921
5.156250 -1.210614 1.624363 -0.447832
5.168348 -1.208991 1.619666 -0.491683
5.180429 -1.207247 1.614530 -0.535470
5.192492 -1.205382 1.608956 -0.579185
5.204536 -1.203397 1.602946 -0.622824
5.216560 -1.201292 1.596500 -0.666381
5.228562 -1.199066 1.589619 -0.709850
5.240541 -1.196721 1.582304 -0.753225
5.252496 -1.194255 1.574555 -0.796502
5.264426 -1.191671 1.566374 -0.839673
5.276329 -1.188967 1.557762 -0.882734
5.288205 -1.186144 1.548720 -0.925680
5.300051 -1.183203 1.539249 -0.968504
5.311868 -1.180143 1.529350 -1.011202
5.323654 -1.176966 1.519025 -1.053767
5.335407 -1.173670 1.508275 -1.096195
5.347127 -1.170258 1.497102 -1.138481
5.358812 -1.166728 1.485506 -1.180618
5.370461 -1.163082 1.473490 -1.222602
5.382073 -1.159319 1.461054 -1.264428
5.393647 -1.155440 1.448202 -1.306091
5.405182 -1.151446 1.434933 -1.347585
5.416676 -1.147337 1.421251 -1.388906
5.428128 -1.143113 1.407156 -1.430049
5.439537 -1.138774 1.392650 -1.471008
5.450903 -1.134322 1.377736 -1.511779
5.462224 -1.129756 1.362415 -1.552357
5.473498 -1.125078 1.346690 -1.592738
5.484725 -1.120287 1.330561 -1.632917
5.495903 -1.115383 1.314032 -1.672889
5.507032 -1.110369 1.297104 -1.712649
5.518110 -1.105243 1.279780 -1.752194
5.529136 -1.100007 1.262061 -1.791519
5.540110 -1.094660 1.243950 -1.830620
5.551029 -1.089205 1.225449 -1.869491
5.561894 -1.083640 1.206561 -1.908131
5.572702 -1.077967 1.187288 -1.946533
5.583453 -1.072186 1.167631 -1.984694
5.594145 -1.066298 1.147594 -2.022611
5.604778 -1.060303 1.127180 -2.060279
5.615351 -1.054203 1.106390 -2.097694
5.625862 -1.047997 1.085227 -2.134854
5.636310 -1.041686 1.063693 -2.171753
5.646695 -1.035271 1.041793 -2.208389
5.657015 -1.028752 1.019527 -2.244759
5.667270 -1.022131 0.996898 -2.280858
5.677458 -1.015407 0.973910 -2.316683
5.687578 -1.008582 0.950566 -2.352232
5.697629 -1.001655 0.926867 -2.387500
5.707611 -0.994629 0.902816 -2.422486
5.717521 -0.987504 0.878418 -2.457186
5.727360 -0.980279 0.853674 -2.491597
5.737127 -0.972957 0.828587 -2.525716
5.746819 -0.965537 0.803160 -2.559541
5.756437 -0.958020 0.777397 -2.593069
5.765979 -0.950408 0.751300 -2.626297
5.775445 -0.942701 0.724872 -2.659223
5.784833 -0.934900 0.698117 -2.691844
5.794143 -0.927005 0.671036 -2.724159
5.803373 -0.919017 0.643634 -2.756165
5.812523 -0.910937 0.615914 -2.787859
5.821591 -0.902767 0.587878 -2.819241
5.830578 -0.894506 0.559530 -2.850308
5.839481 -0.886156 0.530873 -2.881057
5.848300 -0.877717 0.501910 -2.911488
5.857035 -0.869190 0.472644 -2.941599
5.865684 -0.860576 0.443079 -2.971387
5.874246 -0.851876 0.413218 -3.000852
5.882721 -0.843092 0.383063 -3.029993
5.891108 -0.834222 0.352619 -3.058807
5.899405 -0.825270 0.321888 -3.087293
5.907613 -0.816235 0.290874 -3.115451
5.915730 -0.807118 0.259580 -3.143280
5.923755 -0.797920 0.228010 -3.170777
5.931688 -0.788643 0.196166 -3.197944
5.939528 -0.779287 0.164052 -3.224777
5.947273 -0.769853 0.131671 -3.251278
5.954924 -0.760342 0.099028 -3.277445
4.600000 0.130000 2.000000 0.000000
4.598720 0.125994 1.999755 -0.048999
4.597480 0.121975 1.999020 -0.097991
4.596281 0.117943 1.997795 -0.146969
4.595121 0.113900 1.996081 -0.195927
4.594003 0.109846 1.993877 -0.244857
4.592924 0.105780 1.991184 -0.293753
4.591887 0.101704 1.988002 -0.342608
4.590890 0.097618 1.984332 -0.391415
4.589935 0.093522 1.980174 -0.440168
4.589020 0.089417 1.975529 -0.488859
4.588146 0.085303 1.970397 -0.537481
4.587314 0.081180 1.964779 -0.586029
4.586523 0.077049 1.958676 -0.634496
4.585773 0.072911 1.952090 -0.682873
4.585065 0.068765 1.945019 -0.731156
4.584398 0.064612 1.937467 -0.779338
4.583772 0.060453 1.929433 -0.827411
4.583189 0.056288 1.920919 -0.875370
4.582647 0.052117 1.911926 -0.923207
4.582146 0.047941 1.902455 -0.970917
4.581688 0.043760 1.892508 -1.018493
4.581271 0.039575 1.882086 -1.065928
4.580896 0.035386 1.871190 -1.113217
4.580563 0.031193 1.859822 -1.160353
4.580273 0.026997 1.847983 -1.207329
4.580024 0.022798 1.835676 -1.254140
4.579817 0.018598 1.822901 -1.300780
4.579652 0.014395 1.809661 -1.347242
4.579529 0.010191 1.795957 -1.393521
4.579448 0.005986 1.781791 -1.439610
4.579409 0.001780 1.767165 -1.485505
4.579412 -0.002426 1.752082 -1.531198
4.579457 -0.006632 1.736542 -1.576684
4.579545 -0.010837 1.720549 -1.621958
4.579674 -0.015041 1.704104 -1.667014
4.579846 -0.019243 1.687209 -1.711846
4.580059 -0.023444 1.669868 -1.756449
4.580314 -0.027642 1.652081 -1.800818
4.580612 -0.031837 1.633852 -1.844948
4.580951 -0.036029 1.615183 -1.888833
4.581332 -0.040218 1.596076 -1.932467
4.581756 -0.044403 1.576534 -1.975847
4.582220 -0.048583 1.556560 -2.018967
4.582727 -0.052758 1.536156 -2.061823
4.583276 -0.056928 1.515325 -2.104409
4.583866 -0.061092 1.494069 -2.146720
4.584497 -0.065251 1.472391 -2.188753
4.585171 -0.069402 1.450295 -2.230502
4.585885 -0.073547 1.427782 -2.271964
4.586642 -0.077684 1.404856 -2.313134
4.587439 -0.081814 1.381520 -2.354007
4.588278 -0.085936 1.357777 -2.394580
4.589158 -0.090048 1.333630 -2.434848
4.590079 -0.094152 1.309081 -2.474808
4.591041 -0.098247 1.284135 -2.514456
4.592044 -0.102331 1.258793 -2.553788
4.593087 -0.106406 1.233060 -2.592800
4.594172 -0.110469 1.206938 -2.631489
4.595297 -0.114522 1.180431 -2.669851
4.596462 -0.118563 1.153542 -2.707883
4.597668 -0.122593 1.126275 -2.745582
4.598914 -0.126610 1.098632 -2.782945
4.600200 -0.130614 1.070617 -2.819968
4.601526 -0.134606 1.042234 -2.856648
4.602892 -0.138584 1.013485 -2.892984
4.604298 -0.142548 0.984375 -2.928971
4.605743 -0.146498 0.954907 -2.964609
4.607228 -0.150433 0.925084 -2.999892
4.608752 -0.154353 0.894910 -3.034821
4.610315 -0.158258 0.864389 -3.069392
4.611917 -0.162146 0.833524 -3.103602
4.613558 -0.166019 0.802318 -3.137451
4.615237 -0.169875 0.770776 -3.170935
4.616955 -0.173714 0.738900 -3.204054
4.618711 -0.177536 0.706696 -3.236805
4.620506 -0.181340 0.674166 -3.269186
4.622338 -0.185126 0.641313 -3.301197
4.624208 -0.188893 0.608143 -3.332835
4.626116 -0.192641 0.574658 -3.364099
4.628061 -0.196371 0.540862 -3.394988
4.630043 -0.200080 0.506759 -3.425501
4.632063 -0.203770 0.472353 -3.455636
4.634119 -0.207439 0.437648 -3.485394
4.636211 -0.211087 0.402647 -3.514772
4.638340 -0.214714 0.367354 -3.543771
4.640505 -0.218320 0.331773 -3.572389
4.642707 -0.221904 0.295907 -3.600626
4.644943 -0.225466 0.259761 -3.628482
4.647216 -0.229005 0.223339 -3.655956
4.649524 -0.232521 0.186644 -3.683048
4.651866 -0.236015 0.149679 -3.709759
4.654244 -0.239484 0.112450 -3.736087
4.656656 -0.242930 0.074959 -3.762033
4.659102 -0.246351 0.037210 -3.787597
4.661585 -0.249751 -0.000830 -3.811834
4.664100 -0.253122 -0.038839 -3.789907
4.666648 -0.256469 -0.076627 -3.767599
4.669229 -0.259789 -0.114190 -3.744909
4.671843 -0.263084 -0.151524 -3.721836
4.674491 -0.266352 -0.188625 -3.698379
4.677170 -0.269594 -0.225490 -3.674536
4.679882 -0.272809 -0.262115 -3.650306
4.682626 -0.275996 -0.298495 -3.625689
4.685402 -0.279156 -0.334627 -3.600683
4.688209 -0.282288 -0.370507 -3.575287
4.691048 -0.285392 -0.406131 -3.549501
4.693917 -0.288467 -0.441496 -3.523325
4.696817 -0.291513 -0.476597 -3.496756
4.699747 -0.294531 -0.511430 -3.469796
4.702708 -0.297518 -0.545991 -3.442443
4.705698 -0.300476 -0.580277 -3.414698
4.708717 -0.303404 -0.614284 -3.386560
4.711766 -0.306302 -0.648007 -3.358030
4.714843 -0.309169 -0.681443 -3.329106
4.717949 -0.312005 -0.714588 -3.299790
4.721083 -0.314810 -0.747438 -3.270081
4.724245 -0.317583 -0.779988 -3.239981
4.727434 -0.320325 -0.812236 -3.209488
4.730651 -0.323034 -0.844177 -3.178605
4.733895 -0.325712 -0.875807 -3.147331
4.737165 -0.328357 -0.907122 -3.115668
4.740462 -0.330968 -0.938119 -3.083615
4.743785 -0.333547 -0.968793 -3.051175
4.747133 -0.336093 -0.999141 -3.018349
4.750506 -0.338604 -1.029159 -2.985136
4.753905 -0.341082 -1.058843 -2.951540
4.757328 -0.343526 -1.088188 -2.917561
4.760775 -0.345936 -1.117192 -2.883200
4.764247 -0.348311 -1.145851 -2.848460
4.767741 -0.350651 -1.174160 -2.813343
4.771259 -0.352956 -1.202117 -2.777849
4.774800 -0.355225 -1.229716 -2.741981
4.778364 -0.357460 -1.256955 -2.705741
4.781949 -0.359658 -1.283830 -2.669131
4.785557 -0.361821 -1.310336 -2.632154
4.789186 -0.363947 -1.336472 -2.594812
4.792836 -0.366037 -1.362232 -2.557108
4.796506 -0.368090 -1.387613 -2.519044
4.800197 -0.370107 -1.412611 -2.480622
4.803908 -0.372086 -1.437224 -2.441847
4.807639 -0.374028 -1.461447 -2.402720
4.811389 -0.375933 -1.485277 -2.363245
4.815158 -0.377801 -1.508711 -2.323425
4.818945 -0.379630 -1.531744 -2.283263
4.822750 -0.381422 -1.554375 -2.242763
4.826573 -0.383175 -1.576599 -2.201929
4.830413 -0.384890 -1.598412 -2.160763
4.834271 -0.386567 -1.619813 -2.119271
4.838145 -0.388205 -1.640797 -2.077454
4.842035 -0.389804 -1.661361 -2.035319
4.845941 -0.391364 -1.681502 -1.992867
4.849862 -0.392885 -1.701217 -1.950105
4.853798 -0.394367 -1.720503 -1.907036
4.857749 -0.395809 -1.739357 -1.863664
4.861714 -0.397212 -1.757775 -1.819994
4.865693 -0.398575 -1.775756 -1.776030
4.869686 -0.399898 -1.793295 -1.731777
4.873691 -0.401181 -1.810390 -1.687241
4.877709 -0.402424 -1.827039 -1.642425
4.881739 -0.403627 -1.843238 -1.597335
4.885781 -0.404789 -1.858985 -1.551976
4.889835 -0.405911 -1.874277 -1.506353
4.893899 -0.406992 -1.889111 -1.460472
4.897975 -0.408033 -1.903485 -1.414337
4.902060 -0.409033 -1.917397 -1.367954
4.906155 -0.409992 -1.930843 -1.321329
4.910260 -0.410910 -1.943823 -1.274467
4.914373 -0.411786 -1.956332 -1.227374
4.918495 -0.412622 -1.968369 -1.180055
4.922626 -0.413416 -1.979932 -1.132518
4.926763 -0.414170 -1.991019 -1.084767
4.930909 -0.414881 -2.001627 -1.036808
4.935061 -0.415551 -2.011754 -0.988649
4.939220 -0.416180 -2.021399 -0.940294
4.943384 -0.416767 -2.030560 -0.891750
4.947555 -0.417312 -2.039234 -0.843024
4.951731 -0.417816 -2.047420 -0.794122
4.955911 -0.418278 -2.055116 -0.745050
4.960096 -0.418698 -2.062320 -0.695815
4.964285 -0.419076 -2.069031 -0.646424
4.968477 -0.419412 -2.075248 -0.596882
4.972673 -0.419706 -2.080969 -0.547198
4.976871 -0.419958 -2.086191 -0.497377
4.981072 -0.420169 -2.090916 -0.447426
4.985275 -0.420337 -2.095140 -0.397353
4.989479 -0.420463 -2.098862 -0.347164
4.993684 -0.420547 -2.102083 -0.296866
4.997889 -0.420590 -2.104799 -0.246467
5.002095 -0.420590 -2.107012 -0.195972
5.006301 -0.420548 -2.108718 -0.145390
5.010506 -0.420464 -2.109919 -0.094728
5.014710 -0.420337 -2.110613 -0.043992
5.018913 -0.420169 -2.110799 0.006810
5.023113 -0.419959 -2.110476 0.057671
5.027312 -0.419707 -2.109645 0.108584
5.031507 -0.419413 -2.108305 0.159541
5.035700 -0.419077 -2.106454 0.210535
5.039889 -0.418699 -2.104094 0.261559
5.044074 -0.418279 -2.101223 0.312606
5.048254 -0.417818 -2.097842 0.363668
5.052430 -0.417314 -2.093950 0.414737
5.056600 -0.416769 -2.089547 0.465807
5.060765 -0.416182 -2.084633 0.516869
5.064924 -0.415554 -2.079209 0.567918
5.069076 -0.414884 -2.073275 0.618944
5.073221 -0.414172 -2.066831 0.669941
5.077359 -0.413419 -2.059876 0.720902
5.081490 -0.412625 -2.052413 0.771819
5.085612 -0.411790 -2.044440 0.822685
5.089725 -0.410913 -2.035959 0.873492
5.093830 -0.409995 -2.026971 0.924233
5.097925 -0.409036 -2.017475 0.974901
5.102010 -0.408037 -2.007473 1.025489
5.106086 -0.406996 -1.996965 1.075988
5.110150 -0.405915 -1.985953 1.126393
5.114204 -0.404793 -1.974438 1.176695
5.118246 -0.403631 -1.962420 1.226888
5.122276 -0.402428 -1.949900 1.276965
5.126294 -0.401185 -1.936881 1.326917
5.130300 -0.399902 -1.923363 1.376739
5.134292 -0.398579 -1.909347 1.426423
5.138271 -0.397217 -1.894835 1.475963
5.142237 -0.395814 -1.879828 1.525350
5.146188 -0.394372 -1.864328 1.574579
5.150124 -0.392890 -1.848337 1.623643
5.154045 -0.391369 -1.831856 1.672534
5.157951 -0.389809 -1.814887 1.721246
5.161841 -0.388211 -1.797432 1.769772
5.165715 -0.386573 -1.779492 1.818107
5.169573 -0.384896 -1.761070 1.866242
5.173413 -0.383181 -1.742168 1.914172
5.177236 -0.381428 -1.722787 1.961890
5.181041 -0.379637 -1.702931 2.009391
5.184829 -0.377807 -1.682600 2.056667
5.188597 -0.375940 -1.661798 2.103712
5.192347 -0.374035 -1.640527 2.150520
5.196078 -0.372093 -1.618789 2.197086
5.199789 -0.370114 -1.596586 2.243403
5.203480 -0.368098 -1.573921 2.289466
5.207151 -0.366044 -1.550797 2.335268
5.210801 -0.363955 -1.527217 2.380803
5.214430 -0.361828 -1.503182 2.426067
5.218037 -0.359666 -1.478696 2.471054
5.221623 -0.357468 -1.453762 2.515758
5.225187 -0.355234 -1.428382 2.560174
5.228728 -0.352964 -1.402560 2.604296
5.232246 -0.350659 -1.376297 2.648120
5.235741 -0.348319 -1.349598 2.691640
5.239212 -0.345944 -1.322466 2.734852
5.242660 -0.343535 -1.294902 2.777750
5.246083 -0.341091 -1.266912 2.820330
5.249481 -0.338614 -1.238497 2.862587
5.252855 -0.336102 -1.209661 2.904516
5.256203 -0.333557 -1.180408 2.946113
5.259526 -0.330978 -1.150740 2.987375
5.262823 -0.328366 -1.120661 3.028295
5.266093 -0.325721 -1.090175 3.068871
5.269337 -0.323044 -1.059285 3.109098
5.272554 -0.320335 -1.027994 3.148972
5.275743 -0.317593 -0.996307 3.188491
5.278906 -0.314820 -0.964226 3.227649
5.282040 -0.312015 -0.931755 3.266443
5.285146 -0.309179 -0.898898 3.304870
5.288223 -0.306312 -0.865659 3.342926
5.291272 -0.303415 -0.832041 3.380609
5.294291 -0.300487 -0.798048 3.417915
5.297282 -0.297529 -0.763684 3.454842
5.300242 -0.294542 -0.728952 3.491385
5.303172 -0.291525 -0.693857 3.527543
5.306072 -0.288478 -0.658403 3.563313
5.308942 -0.285403 -0.622592 3.598692
5.311780 -0.282300 -0.586430 3.633678
5.314588 -0.279168 -0.549920 3.668269
5.317364 -0.276008 -0.513066 3.702463
5.320108 -0.272821 -0.475872 3.736256
5.322820 -0.269606 -0.438342 3.769649
5.325500 -0.266364 -0.400481 3.802638
5.328147 -0.263096 -0.362291 3.835222
5.330762 -0.259801 -0.323777 3.867399
5.333343 -0.256481 -0.284944 3.899169
5.335891 -0.253135 -0.245795 3.930529
5.338406 -0.249763 -0.206335 3.961479
5.340886 -0.246367 -0.166567 3.992017
5.343333 -0.242946 -0.126496 4.022143
5.345745 -0.239500 -0.086126 4.051855
5.348123 -0.236031 -0.045460 4.081153
5.350466 -0.232538 -0.004504 4.110036
5.352776 -0.229018 0.036568 4.090779
5.355048 -0.225479 0.077348 4.065206
5.357285 -0.221917 0.117870 4.039220
5.359487 -0.218333 0.158131 4.012820
5.361652 -0.214728 0.198125 3.986007
5.363781 -0.211100 0.237850 3.958779
5.365874 -0.207452 0.277300 3.931137
5.367930 -0.203783 0.316471 3.903079
5.369949 -0.200094 0.355360 3.874607
5.371932 -0.196384 0.393962 3.845720
5.373877 -0.192655 0.432273 3.816417
5.375785 -0.188907 0.470289 3.786700
5.377655 -0.185139 0.508006 3.756569
5.379488 -0.181354 0.545419 3.726024
5.381282 -0.177550 0.582525 3.695066
5.383039 -0.173728 0.619319 3.663696
5.384757 -0.169889 0.655797 3.631913
5.386436 -0.166033 0.691956 3.599720
5.388077 -0.162161 0.727790 3.567117
5.389679 -0.158272 0.763297 3.534105
5.391243 -0.154367 0.798471 3.500686
5.392767 -0.150447 0.833309 3.466861
5.394252 -0.146512 0.867807 3.432631
5.395697 -0.142562 0.901960 3.397999
5.397103 -0.138598 0.935765 3.362966
5.398469 -0.134620 0.969218 3.327533
5.399795 -0.130629 1.002315 3.291703
5.401081 -0.126624 1.035051 3.255478
5.402328 -0.122607 1.067423 3.218860
5.403533 -0.118578 1.099427 3.181852
5.404699 -0.114537 1.131059 3.144455
5.405824 -0.110484 1.162315 3.106673
5.406909 -0.106421 1.193191 3.068508
5.407953 -0.102346 1.223684 3.029963
5.408956 -0.098262 1.253789 2.991040
5.409918 -0.094167 1.283503 2.951744
5.410839 -0.090063 1.312823 2.912077
5.411719 -0.085951 1.341744 2.872042
5.412558 -0.081829 1.370262 2.831642
5.413356 -0.077700 1.398375 2.790882
5.414112 -0.073562 1.426079 2.749765
5.414827 -0.069417 1.453369 2.708295
5.415500 -0.065266 1.480243 2.666475
5.416132 -0.061108 1.506698 2.624309
5.416722 -0.056943 1.532728 2.581802
5.417271 -0.052773 1.558333 2.538957
5.417778 -0.048598 1.583507 2.495780
5.418243 -0.044418 1.608247 2.452274
5.418666 -0.040233 1.632551 2.408443
5.419047 -0.036045 1.656415 2.364294
5.419387 -0.031852 1.679836 2.319829
5.419685 -0.027657 1.702810 2.275055
5.419940 -0.023459 1.725336 2.229976
5.420154 -0.019258 1.747409 2.184596
5.420325 -0.015056 1.769027 2.138922
5.420455 -0.010852 1.790186 2.092959
5.420542 -0.006647 1.810885 2.046711
5.420588 -0.002441 1.831120 2.000184
5.420591 0.001765 1.850888 1.953384
5.420552 0.005970 1.870186 1.906317
5.420472 0.010175 1.889013 1.858987
5.420349 0.014380 1.907365 1.811402
5.420184 0.018582 1.925240 1.763566
5.419977 0.022783 1.942636 1.715486
5.419728 0.026982 1.959549 1.667168
5.419438 0.031178 1.975978 1.618617
5.419105 0.035370 1.991921 1.569841
5.418730 0.039560 2.007375 1.520845
5.418314 0.043745 2.022337 1.471637
5.417855 0.047926 2.036807 1.422221
5.417355 0.052102 2.050781 1.372605
5.416813 0.056273 2.064258 1.322796
5.416230 0.060438 2.077236 1.272800
5.415605 0.064597 2.089713 1.222624
5.414938 0.068750 2.101688 1.172274
5.414230 0.072896 2.113158 1.121758
5.413480 0.077034 2.124123 1.071083
5.412689 0.081165 2.134580 1.020254
5.411857 0.085288 2.144527 0.969281
5.410983 0.089402 2.153965 0.918168
5.410069 0.093507 2.162890 0.866925
5.409113 0.097603 2.171303 0.815557
5.408117 0.101690 2.179201 0.764072
5.407079 0.105766 2.186584 0.712477
5.406001 0.109831 2.193450 0.660780
5.404883 0.113886 2.199799 0.608988
5.403724 0.117929 2.205630 0.557109
5.402524 0.121960 2.210941 0.505149
5.401285 0.125979 2.215732 0.453116
5.400005 0.129985 2.220003 0.401017
5.398685 0.133979 2.223753 0.348861
5.397325 0.137959 2.226980 0.296655
5.395926 0.141925 2.229686 0.244405
5.394487 0.145877 2.231868 0.192121
5.393008 0.149815 2.233528 0.139808
5.391490 0.153737 2.234664 0.087475
5.389934 0.157645 2.235277 0.035130
5.388338 0.161536 2.235367 -0.017221
5.386703 0.165411 2.234933 -0.069569
5.385029 0.169270 2.233975 -0.121907
5.383318 0.173112 2.232495 -0.174227
5.381567 0.176936 2.230491 -0.226522
5.379779 0.180743 2.227964 -0.278785
5.377953 0.184532 2.224915 -0.331007
5.376088 0.188302 2.221345 -0.383181
5.374187 0.192053 2.217252 -0.435300
5.372247 0.195785 2.212639 -0.487356
5.370271 0.199498 2.207505 -0.539342
5.368257 0.203191 2.201852 -0.591250
5.366207 0.206863 2.195680 -0.643072
5.364120 0.210515 2.188991 -0.694803
5.361997 0.214145 2.181785 -0.746433
5.359837 0.217755 2.174063 -0.797956
5.357642 0.221342 2.165826 -0.849365
5.355411 0.224907 2.157076 -0.900652
5.353144 0.228450 2.147813 -0.951810
5.350842 0.231970 2.138040 -1.002832
5.348505 0.235467 2.127757 -1.053711
5.346132 0.238940 2.116966 -1.104440
5.343726 0.242389 2.105669 -1.155011
5.341285 0.245814 2.093867 -1.205418
5.338810 0.249215 2.081561 -1.255655
5.336301 0.252590 2.068754 -1.305713
5.333758 0.255941 2.055448 -1.355587
5.331182 0.259266 2.041643 -1.405270
5.328573 0.262564 2.027343 -1.454754
5.325931 0.265837 2.012549 -1.504035
5.323256 0.269083 1.997263 -1.553104
5.320549 0.272302 1.981487 -1.601956
5.317810 0.275494 1.965224 -1.650584
5.315039 0.278658 1.948476 -1.698982
5.312237 0.281794 1.931246 -1.747145
5.309403 0.284903 1.913534 -1.795065
5.306539 0.287982 1.895345 -1.842737
5.303644 0.291033 1.876680 -1.890154
5.300718 0.294055 1.857543 -1.937312
5.297763 0.297048 1.837935 -1.984204
5.294778 0.300010 1.817860 -2.030825
5.291763 0.302943 1.797319 -2.077169
5.288719 0.305845 1.776317 -2.123230
5.285646 0.308717 1.754856 -2.169004
5.282545 0.311558 1.732938 -2.214485
5.279415 0.314368 1.710567 -2.259667
5.276257 0.317146 1.687746 -2.304546
5.273072 0.319893 1.664477 -2.349118
5.269860 0.322608 1.640764 -2.393375
5.266620 0.325290 1.616611 -2.437315
5.263354 0.327940 1.592019 -2.480933
5.260061 0.330557 1.566993 -2.524223
5.256743 0.333141 1.541536 -2.567182
5.253399 0.335692 1.515651 -2.609805
5.250029 0.338209 1.489341 -2.652088
5.246635 0.340692 1.462610 -2.694027
5.243215 0.343142 1.435462 -2.735618
5.239772 0.345557 1.407899 -2.776856
5.236304 0.347937 1.379926 -2.817739
5.232813 0.350283 1.351545 -2.858262
5.229299 0.352593 1.322762 -2.898422
5.225762 0.354869 1.293578 -2.938215
5.222202 0.357108 1.263999 -2.977639
5.218619 0.359313 1.234027 -3.016690
5.215015 0.361481 1.203666 -3.055364
5.211390 0.363613 1.172921 -3.093660
5.207743 0.365709 1.141794 -3.131573
5.204076 0.367768 1.110290 -3.169102
5.200388 0.369790 1.078413 -3.206244
5.196680 0.371775 1.046167 -3.242995
5.192953 0.373723 1.013555 -3.279355
5.189206 0.375634 0.980581 -3.315320
5.185440 0.377508 0.947250 -3.350889
5.181656 0.379343 0.913565 -3.386059
5.177853 0.381141 0.879530 -3.420829
5.174033 0.382900 0.845149 -3.455196
5.170196 0.384621 0.810427 -3.489160
5.166341 0.386304 0.775367 -3.522718
5.162470 0.387948 0.739974 -3.555869
5.158582 0.389553 0.704251 -3.588612
5.154679 0.391120 0.668203 -3.620946
5.150760 0.392647 0.631834 -3.652869
5.146826 0.394135 0.595147 -3.684381
5.142877 0.395583 0.558148 -3.715480
5.138914 0.396992 0.520839 -3.746166
5.134938 0.398361 0.483226 -3.776439
5.130947 0.399691 0.445312 -3.806298
5.126944 0.400980 0.407101 -3.835742
5.122928 0.402230 0.368598 -3.864771
5.118899 0.403439 0.329807 -3.893386
5.114859 0.404608 0.290732 -3.921585
5.110807 0.405736 0.251377 -3.949369
5.106745 0.406824 0.211746 -3.976739
5.102671 0.407871 0.171843 -4.003694
5.098587 0.408877 0.131673 -4.030235
5.094494 0.409843 0.091240 -4.056362
5.090391 0.410767 0.050548 -4.082077
5.086278 0.411650 0.009600 -4.107379
5.082154 0.412493 -0.031491 -4.093322
5.078025 0.413294 -0.072293 -4.066985
5.073888 0.414054 -0.112829 -4.040271
5.069744 0.414772 -0.153097 -4.013181
5.065592 0.415449 -0.193091 -3.985715
5.061435 0.416084 -0.232810 -3.957873
5.057271 0.416677 -0.272248 -3.929657
5.053101 0.417229 -0.311402 -3.901066
5.048926 0.417739 -0.350268 -3.872101
5.044747 0.418208 -0.388842 -3.842764
5.040562 0.418634 -0.427122 -3.813054
5.036374 0.419019 -0.465102 -3.782973
5.032182 0.419362 -0.502780 -3.752522
5.027987 0.419663 -0.540151 -3.721702
5.023789 0.419922 -0.577213 -3.690514
5.019589 0.420138 -0.613960 -3.658960
5.015387 0.420313 -0.650391 -3.627041
5.011183 0.420446 -0.686500 -3.594758
5.300000 0.170000 -2.000000 0.000000
5.298285 0.172991 -1.999734 0.053276
5.296540 0.175966 -1.998935 0.106519
5.294766 0.178922 -1.997603 0.159721
5.292962 0.181861 -1.995740 0.212874
5.291129 0.184781 -1.993346 0.265969
5.289266 0.187683 -1.990421 0.318998
5.287375 0.190567 -1.986966 0.371954
5.285455 0.193431 -1.982982 0.424828
5.283506 0.196276 -1.978470 0.477612
5.281530 0.199101 -1.973430 0.530298
5.279525 0.201906 -1.967864 0.582878
5.277492 0.204691 -1.961773 0.635344
5.275431 0.207456 -1.955158 0.687689
5.273342 0.210200 -1.948020 0.739905
5.271227 0.212923 -1.940360 0.791983
5.269084 0.215624 -1.932181 0.843916
5.266914 0.218304 -1.923483 0.895697
5.264718 0.220962 -1.914267 0.947317
5.262495 0.223598 -1.904537 0.998770
5.260246 0.226212 -1.894293 1.050047
5.257971 0.228803 -1.883536 1.101142
5.255670 0.231371 -1.872270 1.152047
5.253344 0.233917 -1.860496 1.202755
5.250992 0.236438 -1.848216 1.253258
5.248615 0.238936 -1.835432 1.303550
5.246213 0.241410 -1.822146 1.353623
5.243787 0.243860 -1.808360 1.403471
5.241336 0.246286 -1.794077 1.453087
5.238861 0.248687 -1.779299 1.502463
5.236363 0.251063 -1.764029 1.551594
5.233840 0.253414 -1.748268 1.600472
5.231294 0.255740 -1.732020 1.649091
5.228725 0.258040 -1.715287 1.697445
5.226134 0.260314 -1.698072 1.745528
5.223519 0.262563 -1.680377 1.793332
5.220882 0.264785 -1.662206 1.840853
5.218224 0.266980 -1.643561 1.888084
5.215543 0.269149 -1.624446 1.935019
5.212841 0.271291 -1.604862 1.981653
5.210117 0.273406 -1.584814 2.027980
5.207373 0.275493 -1.564303 2.073994
5.204607 0.277553 -1.543335 2.119689
5.201822 0.279585 -1.521911 2.165061
5.199016 0.281590 -1.500035 2.210105
5.196190 0.283566 -1.477710 2.254814
5.193345 0.285513 -1.454939 2.299185
5.190480 0.287432 -1.431727 2.343212
5.187596 0.289323 -1.408076 2.386890
5.184693 0.291184 -1.383991 2.430216
5.181772 0.293017 -1.359473 2.473184
5.178833 0.294820 -1.334528 2.515790
5.175876 0.296593 -1.309159 2.558031
5.172901 0.298337 -1.283369 2.599900
5.169909 0.300051 -1.257162 2.641396
5.166901 0.301735 -1.230542 2.682514
5.163875 0.303389 -1.203513 2.723249
5.160833 0.305013 -1.176078 2.763600
5.157775 0.306606 -1.148242 2.803561
5.154701 0.308168 -1.120008 2.843130
5.151611 0.309700 -1.091381 2.882304
5.148507 0.311200 -1.062364 2.921079
5.145388 0.312670 -1.032961 2.959453
5.142254 0.314108 -1.003176 2.997422
5.139106 0.315515 -0.973014 3.034985
5.135943 0.316890 -0.942478 3.072137
5.132768 0.318234 -0.911572 3.108878
5.129579 0.319545 -0.880301 3.145205
5.126377 0.320825 -0.848669 3.181115
5.123162 0.322073 -0.816681 3.216607
5.119936 0.323288 -0.784339 3.251678
5.116697 0.324472 -0.751648 3.286327
5.113446 0.325622 -0.718614 3.320552
5.110184 0.326741 -0.685239 3.354352
5.106912 0.327826 -0.651528 3.387726
5.103628 0.328879 -0.617486 3.420671
5.100334 0.329899 -0.583116 3.453188
5.097030 0.330885 -0.548423 3.485274
5.093717 0.331839 -0.513412 3.516930
5.090394 0.332760 -0.478086 3.548154
5.087061 0.333647 -0.442450 3.578945
5.083721 0.334501 -0.406509 3.609304
5.080372 0.335321 -0.370266 3.639230
5.077014 0.336108 -0.333726 3.668723
5.073650 0.336862 -0.296893 3.697783
5.070277 0.337581 -0.259771 3.726409
5.066898 0.338267 -0.222366 3.754602
5.063512 0.338919 -0.184681 3.782361
5.060120 0.339537 -0.146720 3.809689
5.056721 0.340122 -0.108488 3.836584
5.053317 0.340672 -0.069990 3.863048
5.049908 0.341188 -0.031229 3.889081
5.046490 0.341670 0.007819 3.904659
5.043071 0.342118 0.046740 3.879385
5.039648 0.342532 0.085406 3.853720
5.036221 0.342911 0.123813 3.827663
5.032790 0.343256 0.161958 3.801213
5.029356 0.343567 0.199836 3.774371
5.025919 0.343843 0.237444 3.747136
5.022479 0.344085 0.274777 3.719509
5.019037 0.344293 0.311833 3.691490
5.015593 0.344466 0.348606 3.663078
5.012148 0.344605 0.385093 3.634275
5.008701 0.344709 0.421290 3.605080
5.005254 0.344779 0.457193 3.575494
5.001806 0.344814 0.492799 3.545518
4.998358 0.344815 0.528102 3.515153
4.994910 0.344781 0.563100 3.484399
4.991462 0.344713 0.597789 3.453257
4.988016 0.344610 0.632164 3.421729
4.984570 0.344473 0.666222 3.389815
4.981126 0.344302 0.699959 3.357517
4.977684 0.344096 0.733371 3.324836
4.974244 0.343856 0.766455 3.291774
4.970807 0.343581 0.799206 3.258333
4.967373 0.343272 0.831620 3.224513
4.963942 0.342928 0.863695 3.190318
4.960514 0.342551 0.895425 3.155748
4.957091 0.342139 0.926808 3.120806
4.953672 0.341692 0.957840 3.085495
4.950257 0.341212 0.988517 3.049816
4.946848 0.340698 1.018835 3.013771
4.943443 0.340149 1.048791 2.977364
4.940045 0.339566 1.078381 2.940596
4.936652 0.338950 1.107602 2.903471
4.933266 0.338300 1.136450 2.865991
4.929886 0.337615 1.164921 2.828160
4.926514 0.336897 1.193012 2.789980
4.923149 0.336146 1.220719 2.751454
4.919791 0.335360 1.248040 2.712586
4.916441 0.334541 1.274970 2.673379
4.913100 0.333689 1.301506 2.633837
4.909768 0.332803 1.327645 2.593963
4.906444 0.331885 1.353384 2.553760
4.903130 0.330932 1.378719 2.513233
4.899826 0.329947 1.403648 2.472385
4.896531 0.328929 1.428166 2.431221
4.893247 0.327878 1.452271 2.389744
4.889974 0.326794 1.475960 2.347959
4.886711 0.325677 1.499229 2.305869
4.883460 0.324528 1.522076 2.263480
4.880221 0.323347 1.544498 2.220796
4.876994 0.322133 1.566491 2.177821
4.873778 0.320886 1.588053 2.134560
4.870576 0.319608 1.609182 2.091018
4.867386 0.318298 1.629873 2.047199
4.864210 0.316956 1.650125 2.003109
4.861047 0.315582 1.669934 1.958752
4.857899 0.314177 1.689299 1.914135
4.854764 0.312740 1.708216 1.869261
4.851644 0.311272 1.726683 1.824136
4.848539 0.309773 1.744698 1.778766
4.845449 0.308243 1.762258 1.733156
4.842374 0.306682 1.779360 1.687312
4.839315 0.305091 1.796003 1.641238
4.836272 0.303469 1.812184 1.594942
4.833246 0.301816 1.827901 1.548429
4.830236 0.300134 1.843152 1.501704
4.827243 0.298421 1.857935 1.454773
4.824268 0.296679 1.872247 1.407643
4.821310 0.294906 1.886087 1.360320
4.818370 0.293105 1.899453 1.312809
4.815448 0.291274 1.912342 1.265117
4.812544 0.289414 1.924754 1.217250
4.809660 0.287525 1.936687 1.169214
4.806794 0.285607 1.948138 1.121017
4.803947 0.283661 1.959107 1.072663
4.801121 0.281686 1.969591 1.024161
4.798314 0.279683 1.979589 0.975515
4.795527 0.277652 1.989101 0.926733
4.792761 0.275594 1.998124 0.877822
4.790015 0.273508 2.006657 0.828788
4.787291 0.271394 2.014699 0.779638
4.784588 0.269254 2.022249 0.730378
4.781906 0.267086 2.029306 0.681016
4.779246 0.264892 2.035869 0.631558
4.776608 0.262671 2.041937 0.582012
4.773993 0.260424 2.047509 0.532383
4.771400 0.258151 2.052585 0.482679
4.768830 0.255852 2.057163 0.432907
4.766283 0.253528 2.061243 0.383075
4.763759 0.251178 2.064824 0.333187
4.761259 0.248803 2.067906 0.283253
4.758783 0.246403 2.070489 0.233279
4.756331 0.243979 2.072572 0.183272
4.753904 0.241530 2.074154 0.133239
4.751501 0.239057 2.075236 0.083187
4.749123 0.236560 2.075818 0.033123
4.746770 0.234039 2.075899 -0.016945
4.744442 0.231495 2.075479 -0.067011
4.742140 0.228928 2.074559 -0.117067
4.739863 0.226338 2.073138 -0.167107
4.737613 0.223726 2.071216 -0.217124
4.735389 0.221091 2.068795 -0.267109
4.733191 0.218433 2.065874 -0.317057
4.731020 0.215754 2.062454 -0.366960
4.728876 0.213054 2.058535 -0.416811
4.726759 0.210332 2.054118 -0.466603
4.724670 0.207589 2.049204 -0.516330
4.722608 0.204826 2.043792 -0.565984
4.720573 0.202041 2.037884 -0.615558
4.718567 0.199237 2.031481 -0.665045
4.716589 0.196413 2.024584 -0.714439
4.714639 0.193569 2.017193 -0.763732
4.712717 0.190706 2.009309 -0.812919
4.710825 0.187823 2.000935 -0.861991
4.708961 0.184922 1.992070 -0.910942
4.707126 0.182003 1.982716 -0.959767
4.705321 0.179065 1.972875 -1.008457
4.703545 0.176109 1.962548 -1.057006
4.701799 0.173136 1.951735 -1.105409
4.700082 0.170145 1.940440 -1.153658
4.698396 0.167138 1.928663 -1.201746
4.696740 0.164113 1.916406 -1.249668
4.695114 0.161073 1.903670 -1.297417
4.693518 0.158016 1.890458 -1.344987
4.691954 0.154943 1.876771 -1.392372
4.690420 0.151855 1.862611 -1.439565
4.688916 0.148752 1.847980 -1.486561
4.687445 0.145633 1.832880 -1.533353
4.686004 0.142501 1.817314 -1.579935
4.684595 0.139354 1.801282 -1.626303
4.683217 0.136193 1.784788 -1.672448
4.681871 0.133018 1.767834 -1.718367
4.680557 0.129830 1.750422 -1.764054
4.679274 0.126629 1.732554 -1.809502
4.678024 0.123416 1.714233 -1.854706
4.676806 0.120190 1.695461 -1.899662
4.675620 0.116952 1.676240 -1.944363
4.674467 0.113702 1.656574 -1.988805
4.673346 0.110441 1.636465 -2.032981
4.672258 0.107169 1.615916 -2.076888
4.671203 0.103887 1.594928 -2.120520
4.670180 0.100594 1.573506 -2.163873
4.669191 0.097290 1.551652 -2.206941
4.668235 0.093977 1.529368 -2.249720
4.667311 0.090655 1.506658 -2.292205
4.666422 0.087324 1.483525 -2.334391
4.665565 0.083984 1.459971 -2.376275
4.664742 0.080635 1.436001 -2.417852
4.663952 0.077279 1.411615 -2.459118
4.663196 0.073914 1.386819 -2.500069
4.662474 0.070543 1.361615 -2.540700
4.661786 0.067164 1.336006 -2.581008
4.661131 0.063779 1.309996 -2.620988
4.660510 0.060387 1.283588 -2.660638
4.659923 0.056989 1.256784 -2.699954
4.659370 0.053585 1.229590 -2.738932
4.658851 0.050176 1.202007 -2.777569
4.658367 0.046762 1.174040 -2.815861
4.657916 0.043344 1.145691 -2.853805
4.657500 0.039921 1.116965 -2.891399
4.657118 0.036494 1.087864 -2.928639
4.656770 0.033063 1.058393 -2.965522
4.656457 0.029629 1.028555 -3.002046
4.656177 0.026193 0.998353 -3.038208
4.655933 0.022753 0.967792 -3.074006
4.655722 0.019311 0.936874 -3.109436
4.655546 0.015868 0.905604 -3.144498
4.655405 0.012422 0.873986 -3.179188
4.655298 0.008976 0.842022 -3.213505
4.655226 0.005528 0.809717 -3.247446
4.655187 0.002081 0.777074 -3.281010
4.655184 -0.001368 0.744098 -3.314194
4.655215 -0.004816 0.710792 -3.346998
4.655280 -0.008263 0.677159 -3.379420
4.655380 -0.011710 0.643204 -3.411458
4.655514 -0.015156 0.608931 -3.443111
4.655683 -0.018600 0.574344 -3.474378
4.655886 -0.022042 0.539445 -3.505258
4.656124 -0.025482 0.504240 -3.535749
4.656396 -0.028919 0.468731 -3.565851
4.656702 -0.032354 0.432924 -3.595563
4.657043 -0.035785 0.396821 -3.624884
4.657418 -0.039213 0.360428 -3.653814
4.657827 -0.042637 0.323746 -3.682352
4.658271 -0.046056 0.286782 -3.710498
4.658748 -0.049471 0.249538 -3.738252
4.659260 -0.052881 0.212018 -3.765613
4.659806 -0.056286 0.174227 -3.792582
4.660386 -0.059685 0.136168 -3.819159
4.661000 -0.063078 0.097845 -3.845343
4.661647 -0.066465 0.059262 -3.871135
4.662329 -0.069845 0.020424 -3.896535
4.663045 -0.073221 -0.018653 -3.899288
4.663794 -0.076587 -0.057536 -3.877184
4.664577 -0.079945 -0.096196 -3.854706
4.665393 -0.083296 -0.134629 -3.831854
4.666243 -0.086637 -0.172831 -3.808625
4.667126 -0.089971 -0.210800 -3.785020
4.668042 -0.093295 -0.248531 -3.761037
4.668992 -0.096610 -0.286019 -3.736674
4.669974 -0.099915 -0.323263 -3.711932
4.670990 -0.103210 -0.360257 -3.686809
4.672038 -0.106495 -0.396998 -3.661305
4.673120 -0.109769 -0.433482 -3.635419
4.674234 -0.113032 -0.469705 -3.609150
4.675380 -0.116284 -0.505663 -3.582498
4.676559 -0.119525 -0.541354 -3.555463
4.677771 -0.122753 -0.576771 -3.528045
4.679014 -0.125969 -0.611913 -3.500243
4.680290 -0.129173 -0.646775 -3.472057
4.681598 -0.132363 -0.681353 -3.443488
4.682937 -0.135541 -0.715643 -3.414535
4.684309 -0.138704 -0.749642 -3.385199
4.685711 -0.141854 -0.783346 -3.355479
4.687146 -0.144990 -0.816751 -3.325377
4.688611 -0.148111 -0.849852 -3.294894
4.690108 -0.151218 -0.882647 -3.264029
4.691635 -0.154309 -0.915132 -3.232783
4.693194 -0.157385 -0.947302 -3.201157
4.694783 -0.160445 -0.979154 -3.169153
4.696403 -0.163489 -1.010684 -3.136770
4.698053 -0.166517 -1.041888 -3.104011
4.699733 -0.169528 -1.072763 -3.070877
4.701443 -0.172522 -1.103304 -3.037369
4.703183 -0.175499 -1.133509 -3.003487
4.704953 -0.178458 -1.163373 -2.969235
4.706753 -0.181400 -1.192892 -2.934613
4.708581 -0.184323 -1.222064 -2.899624
4.710439 -0.187228 -1.250883 -2.864269
4.712326 -0.190114 -1.279348 -2.828550
4.714241 -0.192982 -1.307453 -2.792469
4.716185 -0.195829 -1.335196 -2.756029
4.718158 -0.198658 -1.362573 -2.719232
4.720158 -0.201466 -1.389579 -2.682079
4.722187 -0.204254 -1.416213 -2.644575
4.724243 -0.207022 -1.442470 -2.606720
4.726327 -0.209770 -1.468346 -2.568519
4.728439 -0.212496 -1.493839 -2.529973
4.730577 -0.215201 -1.518945 -2.491087
4.732743 -0.217884 -1.543660 -2.451861
4.734935 -0.220546 -1.567981 -2.412301
4.737153 -0.223185 -1.591904 -2.372409
4.739398 -0.225803 -1.615428 -2.332188
4.741669 -0.228397 -1.638547 -2.291643
4.743966 -0.230969 -1.661260 -2.250775
4.746289 -0.233518 -1.683562 -2.209590
4.748637 -0.236043 -1.705450 -2.168091
4.751009 -0.238545 -1.726922 -2.126281
4.753407 -0.241023 -1.747975 -2.084165
4.755830 -0.243477 -1.768605 -2.041746
4.758277 -0.245906 -1.788809 -1.999030
4.760748 -0.248311 -1.808584 -1.956019
4.763243 -0.250691 -1.827928 -1.912719
4.765762 -0.253046 -1.846838 -1.869133
4.768304 -0.255376 -1.865310 -1.825267
4.770869 -0.257680 -1.883342 -1.781125
4.773457 -0.259958 -1.900932 -1.736712
4.776068 -0.262211 -1.918075 -1.692032
4.778701 -0.264437 -1.934771 -1.647090
4.781357 -0.266637 -1.951016 -1.601892
4.784034 -0.268810 -1.966808 -1.556442
4.786733 -0.270956 -1.982144 -1.510746
4.789453 -0.273075 -1.997022 -1.464809
4.792194 -0.275167 -2.011440 -1.418635
4.794956 -0.277231 -2.025394 -1.372232
4.797739 -0.279268 -2.038884 -1.325603
4.800542 -0.281276 -2.051906 -1.278755
4.803364 -0.283257 -2.064458 -1.231693
4.806207 -0.285209 -2.076539 -1.184423
4.809068 -0.287133 -2.088146 -1.136950
4.811949 -0.289028 -2.099277 -1.089282
4.814849 -0.290894 -2.109931 -1.041422
4.817767 -0.292730 -2.120105 -0.993378
4.820703 -0.294538 -2.129798 -0.945156
4.823658 -0.296316 -2.139008 -0.896762
4.826630 -0.298065 -2.147733 -0.848201
4.829619 -0.299784 -2.155971 -0.799480
4.832625 -0.301472 -2.163722 -0.750606
4.835648 -0.303131 -2.170983 -0.701585
4.838688 -0.304759 -2.177753 -0.652422
4.841743 -0.306357 -2.184031 -0.603126
4.844815 -0.307925 -2.189815 -0.553702
4.847902 -0.309461 -2.195104 -0.504156
4.851004 -0.310966 -2.199898 -0.454496
4.854121 -0.312441 -2.204194 -0.404728
4.857253 -0.313884 -2.207992 -0.354858
4.860398 -0.315296 -2.211291 -0.304895
4.863558 -0.316676 -2.214090 -0.254843
4.866732 -0.318025 -2.216387 -0.204711
4.869919 -0.319341 -2.218183 -0.154504
4.873119 -0.320626 -2.219477 -0.104231
4.876331 -0.321879 -2.220268 -0.053897
4.879556 -0.323099 -2.220555 -0.003510
4.882793 -0.324288 -2.220338 0.046924
4.886042 -0.325444 -2.219616 0.097397
4.889302 -0.326567 -2.218390 0.147902
4.892573 -0.327657 -2.216658 0.198433
4.895855 -0.328715 -2.214421 0.248982
4.899147 -0.329740 -2.211679 0.299543
4.902450 -0.330732 -2.208430 0.350108
4.905762 -0.331691 -2.204676 0.400670
4.909083 -0.332617 -2.200417 0.451222
4.912414 -0.333510 -2.195652 0.501757
4.915753 -0.334369 -2.190382 0.552269
4.919101 -0.335195 -2.184607 0.602749
4.922457 -0.335987 -2.178327 0.653192
4.925821 -0.336745 -2.171543 0.703589
4.929192 -0.337470 -2.164255 0.753935
4.932570 -0.338162 -2.156465 0.804221
4.935955 -0.338819 -2.148171 0.854441
4.939346 -0.339442 -2.139376 0.904588
4.942744 -0.340032 -2.130080 0.954656
4.946147 -0.340587 -2.120283 1.004636
4.949555 -0.341109 -2.109987 1.054522
4.952969 -0.341596 -2.099193 1.104308
4.956387 -0.342050 -2.087901 1.153986
4.959810 -0.342469 -2.076114 1.203549
4.963236 -0.342853 -2.063831 1.252992
4.966667 -0.343204 -2.051054 1.302307
4.970100 -0.343520 -2.037785 1.351487
4.973537 -0.343802 -2.024025 1.400525
4.976976 -0.344049 -2.009775 1.449416
4.980418 -0.344262 -1.995037 1.498153
4.983861 -0.344441 -1.979813 1.546728
4.987307 -0.344585 -1.964103 1.595136
4.990753 -0.344695 -1.947911 1.643370
4.994200 -0.344770 -1.931236 1.691424
4.997648 -0.344811 -1.914083 1.739291
5.001097 -0.344817 -1.896451 1.786966
5.004545 -0.344789 -1.878344 1.834442
5.007992 -0.344726 -1.859763 1.881712
5.011439 -0.344629 -1.840710 1.928772
5.014885 -0.344497 -1.821188 1.975614
5.018329 -0.344331 -1.801199 2.022233
5.021771 -0.344131 -1.780744 2.068624
5.025211 -0.343896 -1.759827 2.114780
5.028649 -0.343627 -1.738450 2.160696
5.032084 -0.343323 -1.716614 2.206365
5.035515 -0.342985 -1.694323 2.251784
5.038943 -0.342613 -1.671579 2.296945
5.042367 -0.342206 -1.648385 2.341844
5.045787 -0.341765 -1.624743 2.386476
5.049203 -0.341290 -1.600657 2.430834
5.052613 -0.340781 -1.576128 2.474915
5.056018 -0.340238 -1.551159 2.518713
5.059418 -0.339661 -1.525754 2.562223
5.062811 -0.339050 -1.499916 2.605440
5.066199 -0.338405 -1.473646 2.648360
5.069579 -0.337726 -1.446950 2.690978
5.072953 -0.337013 -1.419828 2.733289
5.076319 -0.336267 -1.392285 2.775289
5.079678 -0.335487 -1.364323 2.816973
5.083029 -0.334673 -1.335946 2.858338
5.086372 -0.333826 -1.307158 2.899379
5.089705 -0.332946 -1.277960 2.940091
5.093030 -0.332032 -1.248357 2.980472
5.096346 -0.331085 -1.218352 3.020516
5.099652 -0.330105 -1.187948 3.060221
5.102948 -0.329092 -1.157148 3.099583
5.106234 -0.328046 -1.125957 3.138598
5.109509 -0.326968 -1.094378 3.177262
5.112773 -0.325856 -1.062413 3.215573
5.116026 -0.324712 -1.030067 3.253527
5.119267 -0.323536 -0.997344 3.291121
5.122496 -0.322327 -0.964246 3.328352
5.125713 -0.321086 -0.930778 3.365217
5.128918 -0.319813 -0.896943 3.401713
5.132110 -0.318508 -0.862745 3.437838
5.135288 -0.317171 -0.828187 3.473589
5.138453 -0.315802 -0.793274 3.508963
5.141604 -0.314402 -0.758009 3.543959
5.144741 -0.312970 -0.722396 3.578573
5.147863 -0.311507 -0.686439 3.612805
5.150971 -0.310013 -0.650142 3.646651
5.154063 -0.308487 -0.613508 3.680110
5.157141 -0.306931 -0.576541 3.713180
5.160202 -0.305345 -0.539245 3.745859
5.163247 -0.303727 -0.501625 3.778147
5.166276 -0.302080 -0.463684 3.810041
5.169289 -0.300402 -0.425425 3.841539
5.172284 -0.298694 -0.386854 3.872642
5.175263 -0.296956 -0.347974 3.903347
5.178223 -0.295189 -0.308789 3.933654
5.181166 -0.293392 -0.269302 3.963561
5.184091 -0.291566 -0.229519 3.993069
5.186998 -0.289710 -0.189442 4.022175
5.189885 -0.287826 -0.149076 4.050881
5.192754 -0.285912 -0.108426 4.079184
5.195603 -0.283971 -0.067494 4.107086
5.198433 -0.282000 -0.026285 4.134585
5.201246 -0.280000 0.015203 4.142681
5.204036 -0.277974 0.056503 4.117321
5.206805 -0.275919 0.097548 4.091545
5.209554 -0.273838 0.138333 4.065351
5.212282 -0.271728 0.178854 4.038740
5.214989 -0.269592 0.219106 4.011710
5.217674 -0.267429 0.259087 3.984261
5.220337 -0.265239 0.298790 3.956394
5.222979 -0.263022 0.338213 3.928107
5.225598 -0.260779 0.377351 3.899401
5.228194 -0.258510 0.416200 3.870275
5.230768 -0.256215 0.454755 3.840730
5.233318 -0.253895 0.493013 3.810767
5.235846 -0.251549 0.530969 3.780384
5.238349 -0.249178 0.568619 3.749584
5.240829 -0.246782 0.605959 3.718365
5.243285 -0.244362 0.642985 3.686730
5.245716 -0.241916 0.679692 3.654679
5.248123 -0.239447 0.716077 3.622213
