-1.000000 1.000000
-0.989751 1.119543
-0.979011 1.238141
-0.967788 1.355750
-0.956090 1.472328
-0.943927 1.587832
-0.931305 1.702221
-0.918234 1.815454
-0.904722 1.927490
-0.890777 2.038291
-0.876407 2.147817
-0.861620 2.256031
-0.846425 2.362896
-0.830829 2.468376
-0.814841 2.572434
-0.798468 2.675036
-0.781718 2.776147
-0.764598 2.875734
-0.747117 2.973764
-0.729281 3.070204
-0.711099 3.165024
-0.692577 3.258192
-0.673723 3.349678
-0.654544 3.439452
-0.635046 3.527486
-0.615238 3.613751
-0.595126 3.698220
-0.574716 3.780865
-0.554016 3.861660
-0.533033 3.940580
-0.511772 4.017598
-0.490240 4.092690
-0.468443 4.165833
-0.446389 4.237002
-0.424083 4.306175
-0.401531 4.373330
-0.378739 4.438444
-0.355714 4.501496
-0.332461 4.562466
-0.308986 4.621332
-0.285295 4.678077
-0.261393 4.732679
-0.237287 4.785121
-0.212981 4.835385
-0.188481 4.883452
-0.163793 4.929306
-0.138921 4.972929
-0.113872 5.014306
-0.088650 5.053421
-0.063261 5.090258
-0.037710 5.124803
-0.012001 5.157041
0.026788 5.117734
0.076788 5.017682
0.126788 4.917580
0.176788 4.817428
0.226788 4.717227
0.276788 4.616975
0.326788 4.516673
0.376788 4.416321
0.426788 4.315919
0.476788 4.215468
0.526788 4.114966
0.576788 4.014414
0.626788 3.913812
0.676788 3.813161
0.726788 3.712459
0.776788 3.611707
0.826788 3.510905
0.876788 3.410053
0.926788 3.309152
0.976788 3.208200
1.026788 3.107198
1.076788 3.006146
1.126788 2.905044
1.176788 2.803893
1.226788 2.702691
1.276788 2.601439
1.326788 2.500137
1.376788 2.398786
1.426788 2.297384
1.476788 2.195932
1.526788 2.094430
1.576788 1.992878
1.626788 1.891277
1.676788 1.789625
1.726788 1.687923
1.776788 1.586171
1.826788 1.484369
1.876788 1.382518
1.926788 1.280616
1.976788 1.178664
2.026788 1.076662
2.076788 0.974610
2.126788 0.872509
2.176788 0.770357
2.226788 0.668155
2.276788 0.565903
2.326788 0.463602
2.376788 0.361250
2.426788 0.258848
2.476788 0.156396
2.526788 0.053894
2.519909 -0.012136
2.449909 -0.036985
2.379909 -0.061134
2.309909 -0.084583
2.239909 -0.107332
2.169909 -0.129381
2.099909 -0.150730
2.029909 -0.171380
1.959909 -0.191329
1.889909 -0.210578
1.819909 -0.229127
1.749909 -0.246976
1.679909 -0.264125
1.609909 -0.280574
1.539909 -0.296323
1.469909 -0.311372
1.399909 -0.325721
1.329909 -0.339370
1.259909 -0.352320
1.189909 -0.364569
1.119909 -0.376118
1.049909 -0.386967
0.979909 -0.397116
0.909909 -0.406565
0.839909 -0.415314
0.769909 -0.423363
0.699909 -0.430712
0.629909 -0.437361
0.559909 -0.443310
0.489909 -0.448560
0.419909 -0.453109
0.349909 -0.456958
0.279909 -0.460107
0.209909 -0.462556
0.139909 -0.464305
0.069909 -0.465354
-0.000161 -0.465703
-0.070161 -0.465352
-0.140161 -0.464300
-0.210161 -0.462548
-0.280161 -0.460097
-0.350161 -0.456945
-0.420161 -0.453094
-0.490161 -0.448542
-0.560161 -0.443290
-0.630161 -0.437339
-0.700161 -0.430687
-0.770161 -0.423336
-0.840161 -0.415284
-0.910161 -0.406532
-0.980161 -0.397081
-1.050161 -0.386929
-1.120161 -0.376078
-1.190161 -0.364526
-1.260161 -0.352274
-1.330161 -0.339323
-1.400161 -0.325671
-1.470161 -0.311319
-1.540161 -0.296268
-1.610161 -0.280516
-1.680161 -0.264065
-1.750161 -0.246913
-1.820161 -0.229061
-1.890161 -0.210510
-1.960161 -0.191258
-2.030161 -0.171307
-2.100161 -0.150655
-2.170161 -0.129303
-2.240161 -0.107252
-2.310161 -0.084500
-2.380161 -0.061049
-2.450161 -0.036897
-2.520161 -0.012045
-2.536284 0.136066
-2.503213 0.392847
-2.469699 0.646631
-2.435757 0.897380
-2.401401 1.145055
-2.366644 1.389620
-2.331499 1.631039
-2.295979 1.869278
-2.260095 2.104304
-2.223859 2.336085
-2.187282 2.564589
-2.150375 2.789786
-2.113147 3.011647
-2.075607 3.230143
-2.037767 3.445247
-1.999633 3.656932
-1.961215 3.865172
-1.922520 4.069942
-1.883557 4.271218
-1.844333 4.468975
-1.804854 4.663190
-1.765128 4.853841
-1.725161 5.040906
-1.684959 5.224363
-1.644528 5.404192
-1.603874 5.580371
-1.563002 5.752882
-1.521917 5.921705
-1.480624 6.086821
-1.439128 6.248212
-1.397433 6.405858
-1.355543 6.559744
-1.313462 6.709850
-1.271194 6.856161
-1.228742 6.998660
-1.186110 7.137329
-1.143301 7.272154
-1.100318 7.403118
-1.057164 7.530206
-1.013841 7.653403
-0.970352 7.772693
-0.926699 7.888061
-0.882884 7.999494
-0.838910 8.106976
-0.794777 8.210493
-0.750489 8.310031
-0.706045 8.405576
-0.661448 8.497114
-0.616699 8.584632
-0.571799 8.668116
-0.526749 8.747551
-0.481549 8.822926
-0.436201 8.894226
-0.390704 8.961438
-0.345060 9.024548
-0.299268 9.083544
-0.253329 9.138412
-0.207242 9.189139
-0.161008 9.235711
-0.114626 9.278116
-0.068095 9.316339
-0.021416 9.350369
0.027161 9.310336
0.077161 9.210284
0.127161 9.110182
0.177161 9.010029
0.227161 8.909827
0.277161 8.809575
0.327161 8.709273
0.377161 8.608921
0.427161 8.508519
0.477161 8.408066
0.527161 8.307564
0.577161 8.207012
0.627161 8.106410
0.677161 8.005758
0.727161 7.905056
0.777161 7.804303
0.827161 7.703501
0.877161 7.602649
0.927161 7.501747
0.977161 7.400795
1.027161 7.299793
1.077161 7.198741
1.127161 7.097638
1.177161 6.996486
1.227161 6.895284
1.277161 6.794032
1.327161 6.692730
1.377161 6.591378
1.427161 6.489975
1.477161 6.388523
1.527161 6.287021
1.577161 6.185469
1.627161 6.083867
1.677161 5.982215
1.727161 5.880512
1.777161 5.778760
1.827161 5.676958
1.877161 5.575106
1.927161 5.473204
1.977161 5.371252
2.027161 5.269249
2.077161 5.167197
2.127161 5.065095
2.177161 4.962943
2.227161 4.860741
2.277161 4.758489
2.327161 4.656186
2.377161 4.553834
2.427161 4.451432
2.477161 4.348980
2.527161 4.246478
2.577161 4.143926
2.627161 4.041324
2.677161 3.938671
2.727161 3.835969
2.777161 3.733217
2.827161 3.630415
2.877161 3.527563
2.927161 3.424661
2.977161 3.321708
3.027161 3.218706
3.077161 3.115654
3.127161 3.012552
3.177161 2.909400
3.227161 2.806198
3.277161 2.702945
3.327161 2.599643
3.377161 2.496291
3.427161 2.392889
3.477161 2.289437
3.527161 2.185935
3.577161 2.082382
3.627161 1.978780
3.677161 1.875128
3.727161 1.771426
3.777161 1.667674
3.827161 1.563872
3.877161 1.460019
3.927161 1.356117
3.977161 1.252165
4.027161 1.148163
4.077161 1.044111
4.127161 0.940009
4.177161 0.835857
4.227161 0.731654
4.277161 0.627402
4.327161 0.523100
4.377161 0.418748
4.427161 0.314346
4.477161 0.209894
4.527161 0.105391
4.577161 0.000839
4.508174 -0.045169
4.438174 -0.089901
4.368174 -0.133932
4.298174 -0.177264
4.228174 -0.219896
4.158174 -0.261828
4.088174 -0.303059
4.018174 -0.343591
3.948174 -0.383423
3.878174 -0.422555
3.808174 -0.460986
3.738174 -0.498718
3.668174 -0.535750
3.598174 -0.572082
3.528174 -0.607713
3.458174 -0.642645
3.388174 -0.676877
3.318174 -0.710408
3.248174 -0.743240
3.178174 -0.775372
3.108174 -0.806804
3.038174 -0.837535
2.968174 -0.867567
2.898174 -0.896899
2.828174 -0.925531
2.758174 -0.953462
2.688174 -0.980694
2.618174 -1.007226
2.548174 -1.033058
2.478174 -1.058189
2.408174 -1.082621
2.338174 -1.106353
2.268174 -1.129385
2.198174 -1.151716
2.128174 -1.173348
2.058174 -1.194280
1.988174 -1.214512
1.918174 -1.234043
1.848174 -1.252875
1.778174 -1.271007
1.708174 -1.288438
1.638174 -1.305170
1.568174 -1.321202
1.498174 -1.336534
1.428174 -1.351165
1.358174 -1.365097
1.288174 -1.378329
1.218174 -1.390861
1.148174 -1.402692
1.078174 -1.413824
1.008174 -1.424256
0.938174 -1.433988
0.868174 -1.443019
0.798174 -1.451351
0.728174 -1.458983
0.658174 -1.465915
0.588174 -1.472146
0.518174 -1.477678
0.448174 -1.482510
0.378174 -1.486642
0.308174 -1.490073
0.238174 -1.492805
0.168174 -1.494837
0.098174 -1.496168
0.028174 -1.496800
-0.041896 -1.496732
-0.111896 -1.495963
-0.181896 -1.494494
-0.251896 -1.492325
-0.321896 -1.489456
-0.391896 -1.485887
-0.461896 -1.481618
-0.531896 -1.476649
-0.601896 -1.470980
-0.671896 -1.464611
-0.741896 -1.457542
-0.811896 -1.449773
-0.881896 -1.441304
-0.951896 -1.432135
-1.021896 -1.422266
-1.091896 -1.411697
-1.161896 -1.400428
-1.231896 -1.388459
-1.301896 -1.375790
-1.371896 -1.362421
-1.441896 -1.348352
-1.511896 -1.333583
-1.581896 -1.318114
-1.651896 -1.301945
-1.721896 -1.285076
-1.791896 -1.267508
-1.861896 -1.249239
-1.931896 -1.230270
-2.001896 -1.210601
-2.071896 -1.190232
-2.141896 -1.169163
-2.211896 -1.147394
-2.281896 -1.124925
-2.351896 -1.101756
-2.421896 -1.077887
-2.491896 -1.053318
-2.561896 -1.028049
-2.631896 -1.002080
-2.701896 -0.975411
-2.771896 -0.948042
-2.841896 -0.919973
-2.911896 -0.891204
-2.981896 -0.861735
-3.051896 -0.831566
-3.121896 -0.800697
-3.191896 -0.769128
-3.261896 -0.736859
-3.331896 -0.703890
-3.401896 -0.670221
-3.471896 -0.635852
-3.541896 -0.600783
-3.611896 -0.565015
-3.681896 -0.528546
-3.751896 -0.491377
-3.821896 -0.453508
-3.891896 -0.414939
-3.961896 -0.375670
-4.031896 -0.335701
-4.101896 -0.295032
-4.171896 -0.253663
-4.241896 -0.211594
-4.311896 -0.168825
-4.381896 -0.125356
-4.451896 -0.081187
-4.521896 -0.036318
-4.556752 0.089039
-4.453733 0.524492
-4.353095 0.950782
-4.254681 1.368116
-4.158344 1.776687
-4.063952 2.176676
-3.971381 2.568253
-3.880514 2.951576
-3.791247 3.326794
-3.703479 3.694045
-3.617119 4.053462
-3.532081 4.405166
-3.448286 4.749274
-3.365658 5.085893
-3.284128 5.415125
-3.203631 5.737067
-3.124105 6.051808
-3.045494 6.359433
-2.967743 6.660023
-2.890802 6.953651
-2.814624 7.240390
-2.739163 7.520305
-2.664377 7.793460
-2.590226 8.059912
-2.516673 8.319718
-2.443681 8.572930
-2.371217 8.819597
-2.299248 9.059764
-2.227744 9.293475
-2.156675 9.520771
-2.086014 9.741689
-2.015735 9.956265
-1.945812 10.164532
-1.876220 10.366521
-1.806937 10.562261
-1.737940 10.751778
-1.669208 10.935098
-1.600720 11.112243
-1.532456 11.283234
-1.464397 11.448091
-1.396524 11.606831
1.000000 4.000000
1.050000 3.898975
1.100000 3.797900
1.150000 3.696775
1.200000 3.595600
1.250000 3.494375
1.300000 3.393100
1.350000 3.291775
1.400000 3.190400
1.450000 3.088975
1.500000 2.987500
1.550000 2.885975
1.600000 2.784400
1.650000 2.682775
1.700000 2.581100
1.750000 2.479375
1.800000 2.377600
1.850000 2.275775
1.900000 2.173900
1.950000 2.071975
2.000000 1.970000
2.050000 1.867975
2.100000 1.765900
2.150000 1.663775
2.200000 1.561600
2.250000 1.459375
2.300000 1.357100
2.350000 1.254775
2.400000 1.152400
2.450000 1.049975
2.500000 0.947500
2.550000 0.844975
2.600000 0.742400
2.650000 0.639775
2.700000 0.537100
2.750000 0.434375
2.800000 0.331600
2.850000 0.228775
2.900000 0.125900
2.950000 0.022975
2.906829 -0.022896
2.836829 -0.051614
2.766829 -0.079632
2.696829 -0.106951
2.626829 -0.133569
2.556829 -0.159487
2.486829 -0.184705
2.416829 -0.209224
2.346829 -0.233042
2.276829 -0.256160
2.206829 -0.278579
2.136829 -0.300297
2.066829 -0.321315
1.996829 -0.341633
1.926829 -0.361252
1.856829 -0.380170
1.786829 -0.398388
1.716829 -0.415907
1.646829 -0.432725
1.576829 -0.448843
1.506829 -0.464261
1.436829 -0.478980
1.366829 -0.492998
1.296829 -0.506316
1.226829 -0.518935
1.156829 -0.530853
1.086829 -0.542071
1.016829 -0.552589
0.946829 -0.562408
0.876829 -0.571526
0.806829 -0.579944
0.736829 -0.587663
0.666829 -0.594681
0.596829 -0.600999
0.526829 -0.606617
0.456829 -0.611536
0.386829 -0.615754
0.316829 -0.619272
0.246829 -0.622091
0.176829 -0.624209
0.106829 -0.625627
0.036829 -0.626345
-0.033241 -0.626363
-0.103241 -0.625681
-0.173241 -0.624299
-0.243241 -0.622216
-0.313241 -0.619434
-0.383241 -0.615951
-0.453241 -0.611769
-0.523241 -0.606887
-0.593241 -0.601304
-0.663241 -0.595022
-0.733241 -0.588039
-0.803241 -0.580357
-0.873241 -0.571974
-0.943241 -0.562892
-1.013241 -0.553110
-1.083241 -0.542627
-1.153241 -0.531445
-1.223241 -0.519562
-1.293241 -0.506980
-1.363241 -0.493698
-1.433241 -0.479715
-1.503241 -0.465033
-1.573241 -0.449650
-1.643241 -0.433568
-1.713241 -0.416785
-1.783241 -0.399303
-1.853241 -0.381121
-1.923241 -0.362238
-1.993241 -0.342656
-2.063241 -0.322373
-2.133241 -0.301391
-2.203241 -0.279709
-2.273241 -0.257326
-2.343241 -0.234244
-2.413241 -0.210461
-2.483241 -0.185979
-2.553241 -0.160796
-2.623241 -0.134914
-2.693241 -0.108332
-2.763241 -0.081049
-2.833241 -0.053067
-2.903241 -0.024384
-2.954132 0.049920
-2.910158 0.343815
-2.866006 0.633743
-2.821682 0.919691
-2.777192 1.201641
-2.732539 1.479580
-2.687730 1.753494
-2.642767 2.023367
-2.597655 2.289187
-2.552398 2.550941
-2.506999 2.808614
-2.461462 3.062196
-2.415790 3.311674
-2.369986 3.557035
-2.324053 3.798267
-2.277992 4.035360
-2.231807 4.268302
-2.185500 4.497082
-2.139073 4.721689
-2.092528 4.942112
-2.045866 5.158340
-1.999089 5.370364
-1.952199 5.578173
-1.905197 5.781756
-1.858084 5.981105
-1.810862 6.176208
-1.763530 6.367057
-1.716091 6.553640
-1.668544 6.735950
-1.620891 6.913975
-1.573132 7.087707
-1.525267 7.257136
-1.477296 7.422252
-1.429220 7.583046
-1.381039 7.739508
-1.332752 7.891630
-1.284360 8.039401
-1.235862 8.182811
-1.187258 8.321853
-1.138548 8.456515
-1.089730 8.586788
-1.040805 8.712663
-0.991771 8.834130
-0.942627 8.951178
-0.893373 9.063799
-0.844007 9.171982
-0.794529 9.275717
-0.744937 9.374994
-0.695230 9.469802
-0.645405 9.560132
-0.595462 9.645972
-0.545399 9.727311
-0.495214 9.804140
-0.444905 9.876446
-0.394469 9.944219
-0.343906 10.007447
-0.293211 10.066118
-0.242384 10.120221
-0.191421 10.169743
-0.140319 10.214672
-0.089076 10.254996
-0.037689 10.290702
0.013471 10.287080
0.063471 10.187042
0.113471 10.086953
0.163471 9.986815
0.213471 9.886626
0.263471 9.786388
0.313471 9.686099
0.363471 9.585761
0.413471 9.485372
0.463471 9.384934
0.513471 9.284446
0.563471 9.183907
0.613471 9.083319
0.663471 8.982680
0.713471 8.881992
0.763471 8.781253
0.813471 8.680465
0.863471 8.579626
0.913471 8.478738
0.963471 8.377799
1.013471 8.276811
1.063471 8.175772
1.113471 8.074684
1.163471 7.973545
1.213471 7.872357
1.263471 7.771118
1.313471 7.669830
1.363471 7.568492
1.413471 7.467103
1.463471 7.365665
1.513471 7.264176
1.563471 7.162638
1.613471 7.061049
1.663471 6.959411
1.713471 6.857722
1.763471 6.755984
1.813471 6.654195
1.863471 6.552357
1.913471 6.450468
1.963471 6.348530
2.013471 6.246541
2.063471 6.144503
2.113471 6.042414
2.163471 5.940276
2.213471 5.838087
2.263471 5.735849
2.313471 5.633561
2.363471 5.531222
2.413471 5.428834
2.463471 5.326395
2.513471 5.223907
2.563471 5.121368
2.613471 5.018780
2.663471 4.916141
2.713471 4.813453
2.763471 4.710714
2.813471 4.607926
2.863471 4.505087
2.913471 4.402199
2.963471 4.299260
3.013471 4.196272
3.063471 4.093233
3.113471 3.990145
3.163471 3.887007
3.213471 3.783818
3.263471 3.680580
3.313471 3.577291
3.363471 3.473953
3.413471 3.370564
3.463471 3.267126
3.513471 3.163637
3.563471 3.060099
3.613471 2.956510
3.663471 2.852872
3.713471 2.749183
3.763471 2.645445
3.813471 2.541656
3.863471 2.437818
3.913471 2.333929
3.963471 2.229991
4.013471 2.126003
4.063471 2.021964
4.113471 1.917876
4.163471 1.813737
4.213471 1.709549
4.263471 1.605310
4.313471 1.501022
4.363471 1.396683
4.413471 1.292295
4.463471 1.187856
4.513471 1.083368
4.563471 0.978829
4.613471 0.874241
4.663471 0.769602
4.713471 0.664914
4.763471 0.560175
4.813471 0.455387
4.863471 0.350549
4.913471 0.245660
4.963471 0.140722
5.013471 0.035733
4.984350 -0.033142
4.914350 -0.082635
4.844350 -0.131429
4.774350 -0.179522
4.704350 -0.226916
4.634350 -0.273609
4.564350 -0.319603
4.494350 -0.364896
4.424350 -0.409490
4.354350 -0.453383
4.284350 -0.496577
4.214350 -0.539070
4.144350 -0.580864
4.074350 -0.621957
4.004350 -0.662351
3.934350 -0.702044
3.864350 -0.741038
3.794350 -0.779332
3.724350 -0.816925
3.654350 -0.853819
3.584350 -0.890012
3.514350 -0.925506
3.444350 -0.960299
3.374350 -0.994393
3.304350 -1.027786
3.234350 -1.060480
3.164350 -1.092473
3.094350 -1.123767
3.024350 -1.154360
2.954350 -1.184254
2.884350 -1.213447
2.814350 -1.241941
2.744350 -1.269734
2.674350 -1.296828
2.604350 -1.323221
2.534350 -1.348915
2.464350 -1.373908
2.394350 -1.398202
2.324350 -1.421795
2.254350 -1.444689
2.184350 -1.466882
2.114350 -1.488376
2.044350 -1.509169
1.974350 -1.529263
1.904350 -1.548656
1.834350 -1.567350
1.764350 -1.585343
1.694350 -1.602637
1.624350 -1.619230
1.554350 -1.635124
1.484350 -1.650317
1.414350 -1.664811
1.344350 -1.678604
1.274350 -1.691698
1.204350 -1.704091
1.134350 -1.715785
1.064350 -1.726778
0.994350 -1.737072
0.924350 -1.746665
0.854350 -1.755559
0.784350 -1.763752
0.714350 -1.771246
0.644350 -1.778039
0.574350 -1.784133
0.504350 -1.789526
0.434350 -1.794220
0.364350 -1.798213
0.294350 -1.801507
0.224350 -1.804100
0.154350 -1.805994
0.084350 -1.807187
0.014350 -1.807681
-0.055720 -1.807474
-0.125720 -1.806567
-0.195720 -1.804959
-0.265720 -1.802652
-0.335720 -1.799645
-0.405720 -1.795938
-0.475720 -1.791531
-0.545720 -1.786423
-0.615720 -1.780616
-0.685720 -1.774109
-0.755720 -1.766902
-0.825720 -1.758995
-0.895720 -1.750387
-0.965720 -1.741080
-1.035720 -1.731073
-1.105720 -1.720366
-1.175720 -1.708959
-1.245720 -1.696851
-1.315720 -1.684044
-1.385720 -1.670537
-1.455720 -1.656330
-1.525720 -1.641423
-1.595720 -1.625815
-1.665720 -1.609508
-1.735720 -1.592501
-1.805720 -1.574794
-1.875720 -1.556387
-1.945720 -1.537279
-2.015720 -1.517472
-2.085720 -1.496965
-2.155720 -1.475758
-2.225720 -1.453851
-2.295720 -1.431243
-2.365720 -1.407936
-2.435720 -1.383929
-2.505720 -1.359222
-2.575720 -1.333815
-2.645720 -1.307707
-2.715720 -1.280900
-2.785720 -1.253393
-2.855720 -1.225186
-2.925720 -1.196279
-2.995720 -1.166671
-3.065720 -1.136364
-3.135720 -1.105357
-3.205720 -1.073650
-3.275720 -1.041243
-3.345720 -1.008136
-3.415720 -0.974328
-3.485720 -0.939821
-3.555720 -0.904614
-3.625720 -0.868707
-3.695720 -0.832100
-3.765720 -0.794792
-3.835720 -0.756785
-3.905720 -0.718078
-3.975720 -0.678671
-4.045720 -0.638564
-4.115720 -0.597756
-4.185720 -0.556249
-4.255720 -0.514042
-4.325720 -0.471135
-4.395720 -0.427528
-4.465720 -0.383220
-4.535720 -0.338213
-4.605720 -0.292506
-4.675720 -0.246099
-4.745720 -0.198992
-4.815720 -0.151184
-4.885720 -0.102677
-4.955720 -0.053470
-5.025720 -0.003563
-4.914840 0.443741
-4.793640 0.910596
-4.675860 1.366699
-4.561259 1.812346
-4.449615 2.247814
-4.340725 2.673359
-4.234403 3.089222
-4.130476 3.495624
-4.028788 3.892774
-3.929191 4.280868
-3.831550 4.660087
-3.735742 5.030602
-3.641649 5.392572
-3.549165 5.746147
-3.458190 6.091467
-3.368630 6.428664
-3.280399 6.757861
-3.193415 7.079173
-3.107604 7.392711
-3.022893 7.698575
-2.939218 7.996862
-2.856515 8.287663
-2.774725 8.571063
-2.693795 8.847140
-2.613672 9.115970
-2.534307 9.377623
-2.455654 9.632166
-2.377669 9.879661
-2.300310 10.120166
-2.223540 10.353735
-2.147320 10.580419
-2.071614 10.800268
-1.996390 11.013324
-1.921615 11.219631
-1.847258 11.419227
-1.773289 11.612149
-1.699682 11.798430
-1.626407 11.978102
-1.553440 12.151193
-1.480755 12.317730
-1.408328 12.477737
-1.336136 12.631236
-1.264156 12.778247
-1.192366 12.918790
-1.120744 13.052878
-1.049269 13.180528
-0.977922 13.301751
-0.906682 13.416557
-0.835529 13.524956
-0.764445 13.626954
-0.693410 13.722558
-0.622405 13.811769
-0.551412 13.894591
-0.480412 13.971023
-0.409388 14.041064
-0.338320 14.104711
-0.267190 14.161960
-0.195980 14.212803
-0.124671 14.257233
-0.053246 14.295241
0.012859 14.293806
0.062859 14.193768
0.112859 14.093680
0.162859 13.993542
0.212859 13.893354
0.262859 13.793116
0.312859 13.692828
0.362859 13.592491
0.412859 13.492103
0.462859 13.391665
2.000000 -3.000000
1.930000 -3.019650
1.860000 -3.038600
1.790000 -3.056850
1.720000 -3.074400
1.650000 -3.091250
1.580000 -3.107400
1.510000 -3.122850
1.440000 -3.137600
1.370000 -3.151650
1.300000 -3.165000
1.230000 -3.177650
1.160000 -3.189600
1.090000 -3.200850
1.020000 -3.211400
0.950000 -3.221250
0.880000 -3.230400
0.810000 -3.238850
0.740000 -3.246600
0.670000 -3.253650
0.600000 -3.260000
0.530000 -3.265650
0.460000 -3.270600
0.390000 -3.274850
0.320000 -3.278400
0.250000 -3.281250
0.180000 -3.283400
0.110000 -3.284850
0.040000 -3.285600
-0.030070 -3.285650
-0.100070 -3.284999
-0.170070 -3.283648
-0.240070 -3.281598
-0.310070 -3.278847
-0.380070 -3.275396
-0.450070 -3.271245
-0.520070 -3.266395
-0.590070 -3.260844
-0.660070 -3.254593
-0.730070 -3.247643
-0.800070 -3.239992
-0.870070 -3.231641
-0.940070 -3.222591
-1.010070 -3.212840
-1.080070 -3.202389
-1.150070 -3.191238
-1.220070 -3.179388
-1.290070 -3.166837
-1.360070 -3.153586
-1.430070 -3.139636
-1.500070 -3.124985
-1.570070 -3.109634
-1.640070 -3.093584
-1.710070 -3.076833
-1.780070 -3.059382
-1.850070 -3.041231
-1.920070 -3.022381
-1.990070 -3.002830
-2.060070 -2.982579
-2.130070 -2.961629
-2.200070 -2.939978
-2.270070 -2.917627
-2.340070 -2.894577
-2.410070 -2.870826
-2.480070 -2.846375
-2.550070 -2.821224
-2.620070 -2.795374
-2.690070 -2.768823
-2.760070 -2.741572
-2.830070 -2.713622
-2.900070 -2.684971
-2.970070 -2.655620
-3.040070 -2.625570
-3.110070 -2.594819
-3.180070 -2.563368
-3.250070 -2.531217
-3.320070 -2.498367
-3.390070 -2.464816
-3.460070 -2.430565
-3.530070 -2.395615
-3.600070 -2.359964
-3.670070 -2.323613
-3.740070 -2.286563
-3.810070 -2.248812
-3.880070 -2.210361
-3.950070 -2.171210
-4.020070 -2.131360
-4.090070 -2.090809
-4.160070 -2.049558
-4.230070 -2.007608
-4.300070 -1.964957
-4.370070 -1.921606
-4.440070 -1.877556
-4.510070 -1.832805
-4.580070 -1.787354
-4.650070 -1.741203
-4.720070 -1.694353
-4.790070 -1.646802
-4.860070 -1.598551
-4.930070 -1.549601
-5.000070 -1.499950
-5.070070 -1.449599
-5.140070 -1.398549
-5.210070 -1.346798
-5.280070 -1.294347
-5.350070 -1.241196
-5.420070 -1.187346
-5.490070 -1.132795
-5.560070 -1.077544
-5.630070 -1.021594
-5.700070 -0.964943
-5.770070 -0.907592
-5.840070 -0.849542
-5.910070 -0.790791
-5.980070 -0.731340
-6.050070 -0.671189
-6.120070 -0.610339
-6.190070 -0.548788
-6.260070 -0.486537
-6.330070 -0.423587
-6.400070 -0.359936
-6.470070 -0.295585
-6.540070 -0.230535
-6.610070 -0.164784
-6.680070 -0.098333
-6.750070 -0.031182
-6.660164 0.342364
-6.442342 0.961893
-6.235160 1.562304
-6.037639 2.144511
-5.848912 2.709343
-5.668206 3.257556
-5.494834 3.789840
-5.328182 4.306828
-5.167697 4.809098
-5.012883 5.297183
-4.863293 5.771574
-4.718523 6.232721
-4.578205 6.681041
-4.442007 7.116921
-4.309625 7.540717
-4.180783 7.952760
-4.055227 8.353356
-3.932727 8.742792
-3.813068 9.121332
-3.696056 9.489224
-3.581510 9.846697
-3.469264 10.193965
-3.359163 10.531228
-3.251066 10.858674
-3.144840 11.176476
-3.040361 11.484798
-2.937517 11.783790
-2.836199 12.073596
-2.736308 12.354349
-2.637752 12.626172
-2.540441 12.889182
-2.444295 13.143486
-2.349236 13.389187
-2.255190 13.626379
-2.162091 13.855150
-2.069871 14.075582
-1.978471 14.287751
-1.887831 14.491730
-1.797897 14.687582
-1.708614 14.875370
-1.619933 15.055151
-1.531805 15.226975
-1.444184 15.390891
-1.357025 15.546942
-1.270285 15.695168
-1.183923 15.835605
-1.097899 15.968284
-1.012174 16.093235
-0.926709 16.210483
-0.841469 16.320050
-0.756416 16.421953
-0.671516 16.516209
-0.586733 16.602830
-0.502034 16.681824
-0.417383 16.753197
-0.332749 16.816953
-0.248096 16.873092
-0.163391 16.921609
-0.078601 16.962499
0.003796 16.986155
0.053796 16.886127
0.103796 16.786048
0.153796 16.685919
0.203796 16.585740
0.253796 16.485511
0.303796 16.385233
0.353796 16.284904
0.403796 16.184525
0.453796 16.084096
0.503796 15.983617
0.553796 15.883089
0.603796 15.782510
0.653796 15.681881
0.703796 15.581202
0.753796 15.480473
0.803796 15.379695
0.853796 15.278866
0.903796 15.177987
0.953796 15.077058
1.003796 14.976079
1.053796 14.875051
1.103796 14.773972
1.153796 14.672843
1.203796 14.571664
1.253796 14.470436
1.303796 14.369157
1.353796 14.267828
1.403796 14.166449
1.453796 14.065020
1.503796 13.963542
1.553796 13.862013
1.603796 13.760434
1.653796 13.658805
1.703796 13.557126
1.753796 13.455398
1.803796 13.353619
1.853796 13.251790
1.903796 13.149911
1.953796 13.047982
2.003796 12.946004
2.053796 12.843975
2.103796 12.741896
2.153796 12.639767
2.203796 12.537588
2.253796 12.435360
2.303796 12.333081
2.353796 12.230752
2.403796 12.128373
2.453796 12.025944
2.503796 11.923466
2.553796 11.820937
2.603796 11.718358
2.653796 11.615729
2.703796 11.513050
2.753796 11.410322
2.803796 11.307543
2.853796 11.204714
2.903796 11.101835
2.953796 10.998906
3.003796 10.895928
3.053796 10.792899
3.103796 10.689820
3.153796 10.586691
3.203796 10.483512
3.253796 10.380284
3.303796 10.277005
3.353796 10.173676
3.403796 10.070297
3.453796 9.966868
3.503796 9.863390
3.553796 9.759861
3.603796 9.656282
3.653796 9.552653
3.703796 9.448975
3.753796 9.345246
3.803796 9.241467
3.853796 9.137638
3.903796 9.033759
3.953796 8.929831
4.003796 8.825852
4.053796 8.721823
4.103796 8.617744
4.153796 8.513615
4.203796 8.409437
4.253796 8.305208
4.303796 8.200929
4.353796 8.096600
4.403796 7.992221
4.453796 7.887793
4.503796 7.783314
4.553796 7.678785
4.603796 7.574206
4.653796 7.469577
4.703796 7.364899
4.753796 7.260170
4.803796 7.155391
4.853796 7.050562
4.903796 6.945683
4.953796 6.840755
5.003796 6.735776
5.053796 6.630747
5.103796 6.525668
5.153796 6.420539
5.203796 6.315361
5.253796 6.210132
5.303796 6.104853
5.353796 5.999524
5.403796 5.894145
5.453796 5.788717
5.503796 5.683238
5.553796 5.577709
5.603796 5.472130
5.653796 5.366501
5.703796 5.260823
5.753796 5.155094
5.803796 5.049315
5.853796 4.943486
5.903796 4.837607
5.953796 4.731679
6.003796 4.625700
6.053796 4.519671
6.103796 4.413592
6.153796 4.307463
6.203796 4.201285
6.253796 4.095056
6.303796 3.988777
6.353796 3.882448
6.403796 3.776070
6.453796 3.669641
6.503796 3.563162
6.553796 3.456633
6.603796 3.350054
6.653796 3.243426
6.703796 3.136747
6.753796 3.030018
6.803796 2.923239
6.853796 2.816410
6.903796 2.709532
6.953796 2.602603
7.003796 2.495624
7.053796 2.388595
7.103796 2.281516
7.153796 2.174388
7.203796 2.067209
7.253796 1.959980
7.303796 1.852701
7.353796 1.745372
7.403796 1.637994
7.453796 1.530565
7.503796 1.423086
7.553796 1.315557
7.603796 1.207978
7.653796 1.100350
7.703796 0.992671
7.753796 0.884942
7.803796 0.777163
7.853796 0.669334
7.903796 0.561456
7.953796 0.453527
8.003796 0.345548
8.053796 0.237519
8.103796 0.129440
8.153796 0.021312
8.107491 -0.065434
8.037491 -0.146159
7.967491 -0.226184
7.897491 -0.305508
7.827491 -0.384133
7.757491 -0.462058
7.687491 -0.539283
7.617491 -0.615808
7.547491 -0.691633
7.477491 -0.766758
7.407491 -0.841183
7.337491 -0.914908
7.267491 -0.987933
7.197491 -1.060258
7.127491 -1.131882
7.057491 -1.202807
6.987491 -1.273032
6.917491 -1.342557
6.847491 -1.411382
6.777491 -1.479507
6.707491 -1.546932
6.637491 -1.613657
6.567491 -1.679682
6.497491 -1.745007
6.427491 -1.809632
6.357491 -1.873556
6.287491 -1.936781
6.217491 -1.999306
6.147491 -2.061131
6.077491 -2.122256
6.007491 -2.182681
5.937491 -2.242406
5.867491 -2.301431
5.797491 -2.359756
5.727491 -2.417381
5.657491 -2.474306
5.587491 -2.530530
5.517491 -2.586055
5.447491 -2.640880
5.377491 -2.695005
5.307491 -2.748430
5.237491 -2.801155
5.167491 -2.853180
5.097491 -2.904505
5.027491 -2.955130
4.957491 -3.005055
4.887491 -3.054280
4.817491 -3.102804
4.747491 -3.150629
4.677491 -3.197754
4.607491 -3.244179
4.537491 -3.289904
4.467491 -3.334929
4.397491 -3.379254
4.327491 -3.422879
4.257491 -3.465804
4.187491 -3.508029
4.117491 -3.549554
4.047491 -3.590378
3.977491 -3.630503
3.907491 -3.669928
3.837491 -3.708653
3.767491 -3.746678
3.697491 -3.784003
3.627491 -3.820628
3.557491 -3.856553
3.487491 -3.891778
3.417491 -3.926303
3.347491 -3.960128
3.277491 -3.993253
3.207491 -4.025677
3.137491 -4.057402
3.067491 -4.088427
2.997491 -4.118752
2.927491 -4.148377
2.857491 -4.177302
2.787491 -4.205527
2.717491 -4.233052
2.647491 -4.259877
2.577491 -4.286002
2.507491 -4.311427
2.437491 -4.336151
2.367491 -4.360176
2.297491 -4.383501
2.227491 -4.406126
2.157491 -4.428051
2.087491 -4.449276
2.017491 -4.469801
1.947491 -4.489626
1.877491 -4.508751
1.807491 -4.527176
1.737491 -4.544901
1.667491 -4.561925
1.597491 -4.578250
1.527491 -4.593875
1.457491 -4.608800
1.387491 -4.623025
1.317491 -4.636550
1.247491 -4.649375
1.177491 -4.661500
1.107491 -4.672925
1.037491 -4.683650
0.967491 -4.693675
0.897491 -4.702999
0.827491 -4.711624
0.757491 -4.719549
0.687491 -4.726774
0.617491 -4.733299
0.547491 -4.739124
0.477491 -4.744249
0.407491 -4.748674
0.337491 -4.752399
0.267491 -4.755424
0.197491 -4.757749
0.127491 -4.759373
0.057491 -4.760298
-0.012579 -4.760523
-0.082579 -4.760047
-0.152579 -4.758872
-0.222579 -4.756996
-0.292579 -4.754420
-0.362579 -4.751144
-0.432579 -4.747168
-0.502579 -4.742493
-0.572579 -4.737117
-0.642579 -4.731041
-0.712579 -4.724265
-0.782579 -4.716789
-0.852579 -4.708614
-0.922579 -4.699738
-0.992579 -4.690162
-1.062579 -4.679886
-1.132579 -4.668911
-1.202579 -4.657235
-1.272579 -4.644859
-1.342579 -4.631783
-1.412579 -4.618007
-1.482579 -4.603532
-1.552579 -4.588356
-1.622579 -4.572480
-1.692579 -4.555904
-1.762579 -4.538628
-1.832579 -4.520653
-1.902579 -4.501977
-1.972579 -4.482601
-2.042579 -4.462525
-2.112579 -4.441749
-2.182579 -4.420274
-2.252579 -4.398098
-2.322579 -4.375222
-2.392579 -4.351646
-2.462579 -4.327371
1.000000 1.000000
1.050000 0.898975
1.100000 0.797900
1.150000 0.696775
1.200000 0.595600
1.250000 0.494375
1.300000 0.393100
1.350000 0.291775
1.400000 0.190400
1.450000 0.088975
1.485271 -0.001936
1.415271 -0.016439
1.345271 -0.030241
1.275271 -0.043344
1.205271 -0.055747
1.135271 -0.067450
1.065271 -0.078452
0.995271 -0.088755
0.925271 -0.098358
0.855271 -0.107260
0.785271 -0.115463
0.715271 -0.122966
0.645271 -0.129769
0.575271 -0.135871
0.505271 -0.141274
0.435271 -0.145977
0.365271 -0.149979
0.295271 -0.153282
0.225271 -0.155885
0.155271 -0.157788
0.085271 -0.158990
0.015271 -0.159493
-0.054799 -0.159295
-0.124799 -0.158397
-0.194799 -0.156799
-0.264799 -0.154501
-0.334799 -0.151503
-0.404799 -0.147805
-0.474799 -0.143407
-0.544799 -0.138309
-0.614799 -0.132511
-0.684799 -0.126013
-0.754799 -0.118815
-0.824799 -0.110917
-0.894799 -0.102319
-0.964799 -0.093021
-1.034799 -0.083023
-1.104799 -0.072325
-1.174799 -0.060927
-1.244799 -0.048829
-1.314799 -0.036031
-1.384799 -0.022533
-1.454799 -0.008335
-1.489521 0.071432
-1.477748 0.234964
-1.465339 0.397408
-1.452306 0.558706
-1.438664 0.718804
-1.424425 0.877648
-1.409602 1.035183
-1.394208 1.191359
-1.378254 1.346124
-1.361755 1.499429
-1.344720 1.651224
-1.327164 1.801463
-1.309096 1.950098
-1.290529 2.097085
-1.271474 2.242379
-1.251943 2.385936
-1.231945 2.527714
-1.211492 2.667672
-1.190595 2.805769
-1.169263 2.941966
-1.147506 3.076224
-1.125336 3.208505
-1.102761 3.338772
-1.079791 3.466990
-1.056434 3.593123
-1.032702 3.717137
-1.008601 3.838998
-0.984142 3.958674
-0.959332 4.076133
-0.934180 4.191344
-0.908694 4.304276
-0.882883 4.414899
-0.856753 4.523185
-0.830313 4.629105
-0.803570 4.732632
-0.776532 4.833739
-0.749205 4.932400
-0.721597 5.028588
-0.693715 5.122279
-0.665564 5.213448
-0.637153 5.302073
-0.608486 5.388128
-0.579571 5.471593
-0.550413 5.552444
-0.521019 5.630660
-0.491394 5.706220
-0.461544 5.779104
-0.431474 5.849291
-0.401191 5.916763
-0.370699 5.981500
-0.340004 6.043483
-0.309110 6.102694
-0.278023 6.159117
-0.246747 6.212733
-0.215288 6.263526
-0.183650 6.311479
-0.151838 6.356577
-0.119855 6.398805
-0.087707 6.438146
-0.055398 6.474587
-0.022932 6.508113
0.014857 6.500324
0.064857 6.400285
0.114857 6.300195
0.164857 6.200055
0.214857 6.099865
0.264857 5.999625
0.314857 5.899335
0.364857 5.798995
0.414857 5.698606
0.464857 5.598166
0.514857 5.497676
0.564857 5.397136
0.614857 5.296546
0.664857 5.195906
0.714857 5.095216
0.764857 4.994477
0.814857 4.893687
0.864857 4.792847
0.914857 4.691957
0.964857 4.591017
1.014857 4.490027
1.064857 4.388987
1.114857 4.287898
1.164857 4.186758
1.214857 4.085568
1.264857 3.984328
1.314857 3.883038
1.364857 3.781698
1.414857 3.680308
1.464857 3.578869
1.514857 3.477379
1.564857 3.375839
1.614857 3.274249
1.664857 3.172609
1.714857 3.070919
1.764857 2.969179
1.814857 2.867390
1.864857 2.765550
1.914857 2.663660
1.964857 2.561720
2.014857 2.459730
2.064857 2.357690
2.114857 2.255600
2.164857 2.153461
2.214857 2.051271
2.264857 1.949031
2.314857 1.846741
2.364857 1.744401
2.414857 1.642011
2.464857 1.539571
2.514857 1.437082
2.564857 1.334542
2.614857 1.231952
2.664857 1.129312
2.714857 1.026622
2.764857 0.923882
2.814857 0.821092
2.864857 0.718253
2.914857 0.615363
2.964857 0.512423
3.014857 0.409433
3.064857 0.306393
3.114857 0.203303
3.164857 0.100163
3.211388 -0.001045
3.141388 -0.032809
3.071388 -0.063873
3.001388 -0.094237
2.931388 -0.123901
2.861388 -0.152865
2.791388 -0.181128
2.721388 -0.208692
2.651388 -0.235556
2.581388 -0.261720
2.511388 -0.287184
2.441388 -0.311948
2.371388 -0.336012
2.301388 -0.359376
2.231388 -0.382040
2.161388 -0.404003
2.091388 -0.425267
2.021388 -0.445831
1.951388 -0.465695
1.881388 -0.484859
1.811388 -0.503323
1.741388 -0.521087
1.671388 -0.538151
1.601388 -0.554514
1.531388 -0.570178
1.461388 -0.585142
1.391388 -0.599406
1.321388 -0.612970
1.251388 -0.625834
1.181388 -0.637998
1.111388 -0.649462
1.041388 -0.660226
0.971388 -0.670289
0.901388 -0.679653
0.831388 -0.688317
0.761388 -0.696281
0.691388 -0.703545
0.621388 -0.710109
0.551388 -0.715973
0.481388 -0.721137
0.411388 -0.725600
0.341388 -0.729364
0.271388 -0.732428
0.201388 -0.734792
0.131388 -0.736456
0.061388 -0.737420
-0.008682 -0.737684
-0.078682 -0.737247
-0.148682 -0.736110
-0.218682 -0.734273
-0.288682 -0.731736
-0.358682 -0.728500
-0.428682 -0.724563
-0.498682 -0.719926
-0.568682 -0.714589
-0.638682 -0.708552
-0.708682 -0.701816
-0.778682 -0.694379
-0.848682 -0.686242
-0.918682 -0.677405
-0.988682 -0.667868
-1.058682 -0.657631
-1.128682 -0.646695
-1.198682 -0.635058
-1.268682 -0.622721
-1.338682 -0.609684
-1.408682 -0.595947
-1.478682 -0.581511
-1.548682 -0.566374
-1.618682 -0.550537
-1.688682 -0.534000
-1.758682 -0.516763
-1.828682 -0.498826
-1.898682 -0.480190
-1.968682 -0.460853
-2.038682 -0.440816
-2.108682 -0.420079
-2.178682 -0.398642
-2.248682 -0.376506
-2.318682 -0.353669
-2.388682 -0.330132
-2.458682 -0.305895
-2.528682 -0.280958
-2.598682 -0.255321
-2.668682 -0.228985
-2.738682 -0.201948
-2.808682 -0.174211
-2.878682 -0.145774
-2.948682 -0.116637
-3.018682 -0.086801
-3.088682 -0.056264
-3.158682 -0.025027
-3.202659 0.068406
-3.151063 0.384323
-3.099523 0.695599
-3.048034 1.002239
-2.996593 1.304247
-2.945195 1.601627
-2.893834 1.894383
-2.842507 2.182518
-2.791209 2.466035
-2.739937 2.744936
-2.688686 3.019224
-2.637453 3.288900
-2.586234 3.553966
-2.535026 3.814423
-2.483825 4.070271
-2.432628 4.321511
-2.381432 4.568144
-2.330234 4.810169
-2.279030 5.047586
-2.227817 5.280394
-2.176593 5.508593
-2.125355 5.732180
-2.074099 5.951156
-2.022823 6.165518
-1.971525 6.375264
-1.920201 6.580391
-1.868848 6.780899
-1.817465 6.976783
-1.766048 7.168041
-1.714594 7.354671
-1.663102 7.536667
-1.611568 7.714028
-1.559989 7.886748
-1.508364 8.054824
-1.456688 8.218252
-1.404961 8.377027
-1.353178 8.531143
-1.301337 8.680597
-1.249436 8.825382
-1.197472 8.965494
-1.145441 9.100925
-1.093341 9.231671
-1.041169 9.357724
-0.988923 9.479079
-0.936598 9.595728
-0.884192 9.707664
-0.831702 9.814880
-0.779125 9.917368
-0.726457 10.015120
-0.673695 10.108128
-0.620836 10.196382
-0.567876 10.279875
-0.514811 10.358597
-0.461638 10.432538
-0.408353 10.501688
-0.354953 10.566038
-0.301432 10.625576
-0.247787 10.680292
-0.194013 10.730174
-0.140107 10.775210
-0.086064 10.815389
-0.031878 10.850697
0.020702 10.827881
0.070702 10.727835
0.120702 10.627740
0.170702 10.527594
0.220702 10.427398
0.270702 10.327153
0.320702 10.226857
0.370702 10.126511
0.420702 10.026116
0.470702 9.925670
0.520702 9.825174
0.570702 9.724628
0.620702 9.624033
0.670702 9.523387
0.720702 9.422691
0.770702 9.321946
0.820702 9.221150
0.870702 9.120304
0.920702 9.019409
0.970702 8.918463
1.020702 8.817467
1.070702 8.716421
1.120702 8.615326
1.170702 8.514180
1.220702 8.412984
1.270702 8.311739
1.320702 8.210443
1.370702 8.109097
1.420702 8.007702
1.470702 7.906256
1.520702 7.804760
1.570702 7.703214
1.620702 7.601619
1.670702 7.499973
1.720702 7.398277
1.770702 7.296532
1.820702 7.194736
1.870702 7.092890
1.920702 6.990994
1.970702 6.889049
2.020702 6.787053
2.070702 6.685007
2.120702 6.582912
2.170702 6.480766
2.220702 6.378570
2.270702 6.276325
2.320702 6.174029
2.370702 6.071683
2.420702 5.969287
2.470702 5.866842
2.520702 5.764346
2.570702 5.661800
2.620702 5.559205
2.670702 5.456559
2.720702 5.353863
2.770702 5.251118
2.820702 5.148322
2.870702 5.045476
2.920702 4.942580
2.970702 4.839635
3.020702 4.736639
3.070702 4.633593
3.120702 4.530498
3.170702 4.427352
3.220702 4.324156
3.270702 4.220911
3.320702 4.117615
3.370702 4.014269
3.420702 3.910873
3.470702 3.807428
3.520702 3.703932
3.570702 3.600386
3.620702 3.496791
3.670702 3.393145
3.720702 3.289449
3.770702 3.185704
3.820702 3.081908
3.870702 2.978062
3.920702 2.874166
3.970702 2.770221
4.020702 2.666225
4.070702 2.562179
4.120702 2.458084
4.170702 2.353938
4.220702 2.249742
4.270702 2.145496
4.320702 2.041201
4.370702 1.936855
4.420702 1.832459
4.470702 1.728014
4.520702 1.623518
4.570702 1.518972
4.620702 1.414377
4.670702 1.309731
4.720702 1.205035
4.770702 1.100289
4.820702 0.995494
4.870702 0.890648
4.920702 0.785752
4.970702 0.680807
5.020702 0.575811
5.070702 0.470765
5.120702 0.365670
5.170702 0.260524
5.220702 0.155328
5.270702 0.050082
5.257836 -0.027769
5.187836 -0.079997
5.117836 -0.131525
5.047836 -0.182354
4.977836 -0.232482
4.907836 -0.281910
4.837836 -0.330639
4.767836 -0.378667
4.697836 -0.425995
4.627836 -0.472624
4.557836 -0.518552
4.487836 -0.563781
4.417836 -0.608309
4.347836 -0.652137
4.277836 -0.695266
4.207836 -0.737694
4.137836 -0.779422
4.067836 -0.820451
3.997836 -0.860779
3.927836 -0.900407
3.857836 -0.939336
3.787836 -0.977564
3.717836 -1.015092
3.647836 -1.051921
3.577836 -1.088049
3.507836 -1.123477
3.437836 -1.158206
3.367836 -1.192234
3.297836 -1.225563
3.227836 -1.258191
3.157836 -1.290119
3.087836 -1.321348
3.017836 -1.351876
2.947836 -1.381704
2.877836 -1.410833
2.807836 -1.439261
2.737836 -1.466989
2.667836 -1.494018
2.597836 -1.520346
2.527836 -1.545974
2.457836 -1.570903
2.387836 -1.595131
2.317836 -1.618660
2.247836 -1.641488
2.177836 -1.663616
2.107836 -1.685045
2.037836 -1.705773
1.967836 -1.725801
1.897836 -1.745130
1.827836 -1.763758
1.757836 -1.781686
1.687836 -1.798915
1.617836 -1.815443
1.547836 -1.831271
1.477836 -1.846400
1.407836 -1.860828
1.337836 -1.874557
1.267836 -1.887585
1.197836 -1.899913
1.127836 -1.911542
1.057836 -1.922470
0.987836 -1.932698
0.917836 -1.942227
1.000000 3.000000
1.050000 2.898975
1.100000 2.797900
1.150000 2.696775
1.200000 2.595600
1.250000 2.494375
1.300000 2.393100
1.350000 2.291775
1.400000 2.190400
1.450000 2.088975
1.500000 1.987500
1.550000 1.885975
1.600000 1.784400
1.650000 1.682775
1.700000 1.581100
1.750000 1.479375
1.800000 1.377600
1.850000 1.275775
1.900000 1.173900
1.950000 1.071975
2.000000 0.970000
2.050000 0.867975
2.100000 0.765900
2.150000 0.663775
2.200000 0.561600
2.250000 0.459375
2.300000 0.357100
2.350000 0.254775
2.400000 0.152400
2.450000 0.049975
2.438579 -0.012686
2.368579 -0.036722
2.298579 -0.060058
2.228579 -0.082694
2.158579 -0.104629
2.088579 -0.125865
2.018579 -0.146401
1.948579 -0.166237
1.878579 -0.185372
1.808579 -0.203808
1.738579 -0.221544
1.668579 -0.238580
1.598579 -0.254916
1.528579 -0.270551
1.458579 -0.285487
1.388579 -0.299723
1.318579 -0.313259
1.248579 -0.326095
1.178579 -0.338230
1.108579 -0.349666
1.038579 -0.360402
0.968579 -0.370438
0.898579 -0.379774
0.828579 -0.388409
0.758579 -0.396345
0.688579 -0.403581
0.618579 -0.410117
0.548579 -0.415952
0.478579 -0.421088
0.408579 -0.425524
0.338579 -0.429260
0.268579 -0.432296
0.198579 -0.434631
0.128579 -0.436267
0.058579 -0.437203
-0.011491 -0.437439
-0.081491 -0.436974
-0.151491 -0.435809
-0.221491 -0.433944
-0.291491 -0.431379
-0.361491 -0.428114
-0.431491 -0.424149
-0.501491 -0.419484
-0.571491 -0.414119
-0.641491 -0.408054
-0.711491 -0.401290
-0.781491 -0.393825
-0.851491 -0.385660
-0.921491 -0.376795
-0.991491 -0.367230
-1.061491 -0.356965
-1.131491 -0.346000
-1.201491 -0.334335
-1.271491 -0.321970
-1.341491 -0.308905
-1.411491 -0.295140
-1.481491 -0.280676
-1.551491 -0.265511
-1.621491 -0.249646
-1.691491 -0.233081
-1.761491 -0.215816
-1.831491 -0.197851
-1.901491 -0.179186
-1.971491 -0.159821
-2.041491 -0.139756
-2.111491 -0.118991
-2.181491 -0.097526
-2.251491 -0.075362
-2.321491 -0.052497
-2.391491 -0.028932
-2.461491 -0.004667
-2.449799 0.204059
-2.418528 0.453137
-2.386780 0.699380
-2.354572 0.942744
-2.321918 1.183189
-2.288832 1.420676
-2.255328 1.655166
-2.221419 1.886623
-2.187119 2.115010
-2.152438 2.340293
-2.117390 2.562438
-2.081984 2.781412
-2.046233 2.997185
-2.010145 3.209724
-1.973732 3.419001
-1.937002 3.624986
-1.899965 3.827652
-1.862630 4.026971
-1.825004 4.222917
-1.787097 4.415464
-1.748915 4.604586
-1.710466 4.790260
-1.671758 4.972462
-1.632796 5.151169
-1.593588 5.326358
-1.554139 5.498008
-1.514456 5.666096
-1.474544 5.830603
-1.434409 5.991507
-1.394056 6.148790
-1.353489 6.302431
-1.312714 6.452412
-1.271734 6.598713
-1.230555 6.741318
-1.189180 6.880207
-1.147612 7.015364
-1.105857 7.146772
-1.063917 7.274413
-1.021795 7.398272
-0.979494 7.518331
-0.937018 7.634575
-0.894369 7.746989
-0.851550 7.855557
-0.808563 7.960263
-0.765411 8.061093
-0.722094 8.158032
-0.678617 8.251065
-0.634979 8.340178
-0.591183 8.425357
-0.547231 8.506587
-0.503123 8.583854
-0.458862 8.657144
-0.414447 8.726444
-0.369880 8.791740
-0.325161 8.853018
-0.280293 8.910265
-0.235273 8.963466
-0.190104 9.012609
-0.144786 9.057680
-0.099318 9.098666
-0.053701 9.135553
-0.007934 9.168328
0.041395 9.090894
0.091395 8.990828
0.141395 8.890711
0.191395 8.790545
0.241395 8.690329
0.291395 8.590062
0.341395 8.489746
0.391395 8.389380
0.441395 8.288963
0.491395 8.188497
0.541395 8.087980
0.591395 7.987414
0.641395 7.886798
0.691395 7.786131
0.741395 7.685415
0.791395 7.584648
0.841395 7.483832
0.891395 7.382966
0.941395 7.282049
0.991395 7.181083
1.041395 7.080066
1.091395 6.979000
1.141395 6.877884
1.191395 6.776717
1.241395 6.675501
1.291395 6.574234
1.341395 6.472918
1.391395 6.371552
1.441395 6.270135
1.491395 6.168669
1.541395 6.067152
1.591395 5.965586
1.641395 5.863970
1.691395 5.762303
1.741395 5.660587
1.791395 5.558820
1.841395 5.457004
1.891395 5.355138
1.941395 5.253221
1.991395 5.151255
2.041395 5.049238
2.091395 4.947172
2.141395 4.845056
2.191395 4.742889
2.241395 4.640673
2.291395 4.538406
2.341395 4.436090
2.391395 4.333724
2.441395 4.231307
2.491395 4.128841
2.541395 4.026325
2.591395 3.923758
2.641395 3.821142
2.691395 3.718475
2.741395 3.615759
2.791395 3.512993
2.841395 3.410176
2.891395 3.307310
2.941395 3.204393
2.991395 3.101427
3.041395 2.998411
3.091395 2.895344
3.141395 2.792228
3.191395 2.689061
3.241395 2.585845
3.291395 2.482579
3.341395 2.379262
3.391395 2.275896
3.441395 2.172479
3.491395 2.069013
3.541395 1.965497
3.591395 1.861930
3.641395 1.758314
3.691395 1.654647
3.741395 1.550931
3.791395 1.447165
3.841395 1.343348
3.891395 1.239482
3.941395 1.135565
3.991395 1.031599
4.041395 0.927583
4.091395 0.823516
4.141395 0.719400
4.191395 0.615233
4.241395 0.511017
4.291395 0.406751
4.341395 0.302434
4.391395 0.198068
4.441395 0.093651
4.479025 -0.004744
4.409025 -0.049184
4.339025 -0.092925
4.269025 -0.135965
4.199025 -0.178305
4.129025 -0.219945
4.059025 -0.260886
3.989025 -0.301126
3.919025 -0.340666
3.849025 -0.379506
3.779025 -0.417647
3.709025 -0.455087
3.639025 -0.491827
3.569025 -0.527867
3.499025 -0.563208
3.429025 -0.597848
3.359025 -0.631788
3.289025 -0.665028
3.219025 -0.697569
3.149025 -0.729409
3.079025 -0.760549
3.009025 -0.790989
2.939025 -0.820730
2.869025 -0.849770
2.799025 -0.878110
2.729025 -0.905750
2.659025 -0.932691
2.589025 -0.958931
2.519025 -0.984471
2.449025 -1.009311
2.379025 -1.033452
2.309025 -1.056892
2.239025 -1.079632
2.169025 -1.101672
2.099025 -1.123013
2.029025 -1.143653
1.959025 -1.163593
1.889025 -1.182833
1.819025 -1.201374
1.749025 -1.219214
1.679025 -1.236354
1.609025 -1.252794
1.539025 -1.268535
1.469025 -1.283575
1.399025 -1.297915
1.329025 -1.311555
1.259025 -1.324496
1.189025 -1.336736
1.119025 -1.348276
1.049025 -1.359116
0.979025 -1.369257
0.909025 -1.378697
0.839025 -1.387437
0.769025 -1.395477
0.699025 -1.402818
0.629025 -1.409458
0.559025 -1.415398
0.489025 -1.420638
0.419025 -1.425179
0.349025 -1.429019
0.279025 -1.432159
0.209025 -1.434599
0.139025 -1.436340
0.069025 -1.437380
-0.001045 -1.437720
-0.071045 -1.437360
-0.141045 -1.436299
-0.211045 -1.434539
-0.281045 -1.432078
-0.351045 -1.428918
-0.421045 -1.425057
-0.491045 -1.420497
-0.561045 -1.415236
-0.631045 -1.409276
-0.701045 -1.402616
-0.771045 -1.395255
-0.841045 -1.387195
-0.911045 -1.378434
-0.981045 -1.368974
-1.051045 -1.358813
-1.121045 -1.347953
-1.191045 -1.336392
-1.261045 -1.324132
-1.331045 -1.311171
-1.401045 -1.297511
-1.471045 -1.283151
-1.541045 -1.268090
-1.611045 -1.252330
-1.681045 -1.235869
-1.751045 -1.218709
-1.821045 -1.200848
-1.891045 -1.182288
-1.961045 -1.163027
-2.031045 -1.143067
-2.101045 -1.122406
-2.171045 -1.101046
-2.241045 -1.078986
-2.311045 -1.056225
-2.381045 -1.032765
-2.451045 -1.008604
-2.521045 -0.983744
-2.591045 -0.958183
-2.661045 -0.931923
-2.731045 -0.904962
-2.801045 -0.877302
-2.871045 -0.848942
-2.941045 -0.819881
-3.011045 -0.790121
-3.081045 -0.759660
-3.151045 -0.728500
-3.221045 -0.696639
-3.291045 -0.664079
-3.361045 -0.630818
-3.431045 -0.596858
-3.501045 -0.562197
-3.571045 -0.526837
-3.641045 -0.490777
-3.711045 -0.454016
-3.781045 -0.416556
-3.851045 -0.378395
-3.921045 -0.339535
-3.991045 -0.299974
-4.061045 -0.259714
-4.131045 -0.218753
-4.201045 -0.177093
-4.271045 -0.134732
-4.341045 -0.091672
-4.411045 -0.047912
-4.481045 -0.003451
-4.394585 0.396610
-4.297117 0.817721
-4.201709 1.230153
-4.108229 1.634087
-4.016554 2.029689
-3.926569 2.417117
-3.838169 2.796519
-3.751257 3.168032
-3.665740 3.531787
-3.581535 3.887905
-3.498562 4.236500
-3.416747 4.577680
-3.336021 4.911547
-3.256320 5.238195
-3.177583 5.557714
-3.099754 5.870187
-3.022780 6.175695
-2.946609 6.474312
-2.871196 6.766107
-2.796496 7.051148
-2.722467 7.329497
-2.649070 7.601211
-2.576267 7.866347
-2.504024 8.124956
-2.432306 8.377087
-2.361081 8.622786
-2.290321 8.862096
-2.219995 9.095057
-2.150078 9.321707
-2.080542 9.542082
-2.011362 9.756215
-1.942516 9.964138
-1.873980 10.165878
-1.805732 10.361463
-1.737752 10.550917
-1.670018 10.734265
-1.602513 10.911527
-1.535216 11.082724
-1.468111 11.247872
-1.401178 11.406989
-1.334402 11.560089
-1.267766 11.707186
-1.201253 11.848291
-1.134848 11.983414
-1.068535 12.112566
-1.002299 12.235753
-0.936126 12.352982
-0.870001 12.464257
-0.803910 12.569583
-0.737838 12.668961
-0.671772 12.762394
-0.605697 12.849880
-0.539600 12.931419
-0.473466 13.007007
-0.407283 13.076641
-0.341037 13.140316
-0.274712 13.198025
-0.208297 13.249762
-0.141776 13.295516
-0.075136 13.335278
-0.008362 13.369036
0.043813 13.285355
0.093813 13.185286
0.143813 13.085167
0.193813 12.984998
0.243813 12.884779
0.293813 12.784511
0.343813 12.684192
0.393813 12.583823
0.443813 12.483404
0.493813 12.382935
0.543813 12.282416
0.593813 12.181848
0.643813 12.081229
0.693813 11.980560
0.743813 11.879841
0.793813 11.779072
0.843813 11.678254
0.893813 11.577385
0.943813 11.476466
0.993813 11.375497
1.043813 11.274478
1.093813 11.173409
1.143813 11.072291
1.193813 10.971122
1.243813 10.869903
1.293813 10.768634
1.343813 10.667315
1.393813 10.565947
1.443813 10.464528
1.493813 10.363059
1.543813 10.261540
1.593813 10.159971
1.643813 10.058353
1.693813 9.956684
1.743813 9.854965
1.793813 9.753196
1.843813 9.651377
1.893813 9.549508
1.943813 9.447590
1.993813 9.345621
2.043813 9.243602
2.093813 9.141533
2.143813 9.039414
2.193813 8.937246
2.243813 8.835027
2.293813 8.732758
2.343813 8.630439
2.393813 8.528070
2.443813 8.425652
2.493813 8.323183
2.543813 8.220664
2.593813 8.118095
2.643813 8.015476
2.693813 7.912807
2.743813 7.810089
2.793813 7.707320
2.843813 7.604501
2.893813 7.501632
2.943813 7.398713
