-1.000000 1.000000
-0.979011 1.238141
-0.956090 1.472328
-0.931305 1.702221
-0.904722 1.927490
-0.876407 2.147817
-0.846425 2.362896
-0.814841 2.572434
-0.781718 2.776147
-0.747117 2.973764
-0.711099 3.165024
-0.673723 3.349678
-0.635046 3.527486
-0.595126 3.698220
-0.554016 3.861660
-0.511772 4.017598
-0.468443 4.165833
-0.424083 4.306175
-0.378739 4.438444
-0.332461 4.562466
-0.285295 4.678077
-0.237287 4.785121
-0.188481 4.883452
-0.138921 4.972929
-0.088650 5.053421
-0.037710 5.124803
0.026814 5.117764
0.126814 4.917610
0.226814 4.717257
0.326814 4.516703
0.426814 4.315949
0.526814 4.114996
0.626814 3.913842
0.726814 3.712488
0.826814 3.510935
0.926814 3.309181
1.026814 3.107228
1.126814 2.905074
1.226814 2.702720
1.326814 2.500167
1.426814 2.297413
1.526814 2.094459
1.626814 1.891306
1.726814 1.687952
1.826814 1.484398
1.926814 1.280645
2.026814 1.076691
2.126814 0.872538
2.226814 0.668184
2.326814 0.463630
2.426814 0.258877
2.526814 0.053923
2.450019 -0.037082
2.310019 -0.084682
2.170019 -0.129483
2.030019 -0.171483
1.890019 -0.210684
1.750019 -0.247084
1.610019 -0.280684
1.470019 -0.311485
1.330019 -0.339485
1.190019 -0.364685
1.050019 -0.387086
0.910019 -0.406686
0.770019 -0.423487
0.630019 -0.437487
0.490019 -0.448687
0.350019 -0.457088
0.210019 -0.462688
0.070019 -0.465488
-0.070121 -0.465487
-0.210121 -0.462685
-0.350121 -0.457082
-0.490121 -0.448680
-0.630121 -0.437478
-0.770121 -0.423475
-0.910121 -0.406673
-1.050121 -0.387070
-1.190121 -0.364668
-1.330121 -0.339465
-1.470121 -0.311463
-1.610121 -0.280661
-1.750121 -0.247058
-1.890121 -0.210656
-2.030121 -0.171453
-2.170121 -0.129451
-2.310121 -0.084649
-2.450121 -0.037046
-2.536911 0.134598
-2.470310 0.645274
-2.401995 1.143807
-2.332078 1.629896
-2.260658 2.103264
-2.187831 2.563649
-2.113681 3.010804
-2.038287 3.444499
-1.961721 3.864517
-1.884050 4.270653
-1.805335 4.662713
-1.725629 5.040514
-1.644985 5.403883
-1.563447 5.752655
-1.481057 6.086672
-1.397855 6.405787
-1.313873 6.709853
-1.229142 6.998736
-1.143691 7.272301
-1.057543 7.530423
-0.970721 7.772976
-0.883244 7.999843
-0.795127 8.210906
-0.706385 8.406051
-0.617030 8.585168
-0.527070 8.748145
-0.436513 8.894877
-0.345363 9.025254
-0.253623 9.139172
-0.161293 9.236523
-0.068371 9.317202
0.026921 9.312011
0.126921 9.111857
0.226921 8.911503
0.326921 8.710949
0.426921 8.510195
0.526921 8.309241
0.626921 8.108088
0.726921 7.906734
0.826921 7.705180
0.926921 7.503426
1.026921 7.301472
1.126921 7.099318
1.226921 6.896965
1.326921 6.694411
1.426921 6.491657
1.526921 6.288703
1.626921 6.085549
1.726921 5.882195
1.826921 5.678641
1.926921 5.474888
2.026921 5.270934
2.126921 5.066780
2.226921 4.862426
2.326921 4.657872
2.426921 4.453118
2.526921 4.248165
2.626921 4.043011
2.726921 3.837657
2.826921 3.632103
2.926921 3.426349
3.026921 3.220395
3.126921 3.014242
3.226921 2.807888
3.326921 2.601334
3.426921 2.394580
3.526921 2.187626
3.626921 1.980472
3.726921 1.773119
3.826921 1.565565
3.926921 1.357811
4.026921 1.149857
4.126921 0.941703
4.226921 0.733349
4.326921 0.524795
4.426921 0.316042
4.526921 0.107088
4.509930 -0.044548
4.369930 -0.133347
4.229930 -0.219345
4.089930 -0.302544
3.949930 -0.382943
3.809930 -0.460541
3.669930 -0.535340
3.529930 -0.607338
3.389930 -0.676537
3.249930 -0.742936
3.109930 -0.806534
2.969930 -0.867333
2.829930 -0.925331
2.689930 -0.980530
2.549930 -1.032929
2.409930 -1.082527
2.269930 -1.129326
2.129930 -1.173324
1.989930 -1.214523
1.849930 -1.252922
1.709930 -1.288520
1.569930 -1.321319
1.429930 -1.351317
1.289930 -1.378516
1.149930 -1.402915
1.009930 -1.424513
0.869930 -1.443312
0.729930 -1.459311
0.589930 -1.472509
0.449930 -1.482908
0.309930 -1.490506
0.169930 -1.495305
0.029930 -1.497304
-0.110210 -1.496500
-0.250210 -1.492896
-0.390210 -1.486492
-0.530210 -1.477287
-0.670210 -1.465283
-0.810210 -1.450479
-0.950210 -1.432875
-1.090210 -1.412471
-1.230210 -1.389266
-1.370210 -1.363262
-1.510210 -1.334458
-1.650210 -1.302854
-1.790210 -1.268450
-1.930210 -1.231246
-2.070210 -1.191241
-2.210210 -1.148437
-2.350210 -1.102833
-2.490210 -1.054429
-2.630210 -1.003225
-2.770210 -0.949220
-2.910210 -0.892416
-3.050210 -0.832812
-3.190210 -0.770408
-3.330210 -0.705204
-3.470210 -0.637199
-3.610210 -0.566395
-3.750210 -0.492791
-3.890210 -0.416387
-4.030210 -0.337183
-4.170210 -0.255178
-4.310210 -0.170374
-4.450210 -0.082770
-4.561273 0.073579
-4.357375 0.936114
-4.162412 1.762769
-3.975261 2.555050
-3.794961 3.314274
-3.620685 4.041597
-3.451720 4.738039
-3.287444 5.404498
-3.127315 6.041767
-2.970858 6.650551
-2.817653 7.231471
-2.667329 7.785079
-2.519555 8.311863
-2.374035 8.812254
-2.230505 9.286635
-2.088723 9.735341
-1.948473 10.158667
-1.809556 10.556871
-1.671788 10.930176
-1.535000 11.278773
-1.399037 11.602825
1.000000 4.000000
1.100000 3.797900
1.200000 3.595600
1.300000 3.393100
1.400000 3.190400
1.500000 2.987500
1.600000 2.784400
1.700000 2.581100
1.800000 2.377600
1.900000 2.173900
2.000000 1.970000
2.100000 1.765900
2.200000 1.561600
2.300000 1.357100
2.400000 1.152400
2.500000 0.947500
2.600000 0.742400
2.700000 0.537100
2.800000 0.331600
2.900000 0.125900
2.906879 -0.022999
2.766879 -0.079737
2.626879 -0.133674
2.486879 -0.184812
2.346879 -0.233149
2.206879 -0.278687
2.066879 -0.321425
1.926879 -0.361362
1.786879 -0.398500
1.646879 -0.432837
1.506879 -0.464375
1.366879 -0.493112
1.226879 -0.519050
1.086879 -0.542188
0.946879 -0.562525
0.806879 -0.580063
0.666879 -0.594800
0.526879 -0.606738
0.386879 -0.615875
0.246879 -0.622213
0.106879 -0.625751
-0.033261 -0.626487
-0.173261 -0.624422
-0.313261 -0.619557
-0.453261 -0.611892
-0.593261 -0.601427
-0.733261 -0.588161
-0.873261 -0.572096
-1.013261 -0.553231
-1.153261 -0.531566
-1.293261 -0.507100
-1.433261 -0.479835
-1.573261 -0.449770
-1.713261 -0.416905
-1.853261 -0.381239
-1.993261 -0.342774
-2.133261 -0.301509
-2.273261 -0.257444
-2.413261 -0.210579
-2.553261 -0.160913
-2.693261 -0.108448
-2.833261 -0.053183
-2.954665 0.048800
-2.866519 0.632717
-2.777686 1.200706
-2.688206 1.752645
-2.598115 2.288423
-2.507444 2.807932
-2.416220 3.311070
-2.324468 3.797739
-2.232209 4.267848
-2.139461 4.721305
-2.046241 5.158025
-1.952563 5.577925
-1.858436 5.980921
-1.763871 6.366935
-1.668875 6.735889
-1.573452 7.087705
-1.477607 7.422306
-1.381340 7.739618
-1.284652 8.039564
-1.187541 8.322067
-1.090004 8.587053
-0.992036 8.834443
-0.893630 9.064159
-0.794778 9.276123
-0.695471 9.470252
-0.595695 9.646464
-0.495439 9.804674
-0.394687 9.944793
-0.293422 10.066730
-0.191624 10.170393
-0.089272 10.255682
0.013339 10.288305
0.113339 10.088178
0.213339 9.887851
0.313339 9.687325
0.413339 9.486598
0.513339 9.285671
0.613339 9.084545
0.713339 8.883218
0.813339 8.681691
0.913339 8.479965
1.013339 8.278038
1.113339 8.075911
1.213339 7.873585
1.313339 7.671058
1.413339 7.468331
1.513339 7.265405
1.613339 7.062278
1.713339 6.858951
1.813339 6.655425
1.913339 6.451698
2.013339 6.247771
2.113339 6.043645
2.213339 5.839318
2.313339 5.634791
2.413339 5.430065
2.513339 5.225138
2.613339 5.020011
2.713339 4.814685
2.813339 4.609158
2.913339 4.403431
3.013339 4.197505
3.113339 3.991378
3.213339 3.785051
3.313339 3.578525
3.413339 3.371798
3.513339 3.164871
3.613339 2.957744
3.713339 2.750418
3.813339 2.542891
3.913339 2.335164
4.013339 2.127238
4.113339 1.919111
4.213339 1.710784
4.313339 1.502258
4.413339 1.293531
4.513339 1.084604
4.613339 0.875478
4.713339 0.666151
4.813339 0.456624
4.913339 0.246898
5.013339 0.036971
4.915682 -0.082170
4.775682 -0.179083
4.635682 -0.273197
4.495682 -0.364510
4.355682 -0.453024
4.215682 -0.538738
4.075682 -0.621651
3.935682 -0.701765
3.795682 -0.779079
3.655682 -0.853592
3.515682 -0.925306
3.375682 -0.994220
3.235682 -1.060333
3.095682 -1.123647
2.955682 -1.184161
2.815682 -1.241874
2.675682 -1.296788
2.535682 -1.348901
2.395682 -1.398215
2.255682 -1.444729
2.115682 -1.488442
1.975682 -1.529356
1.835682 -1.567470
1.695682 -1.602783
1.555682 -1.635297
1.415682 -1.665011
1.275682 -1.691924
1.135682 -1.716038
0.995682 -1.737352
0.855682 -1.755865
0.715682 -1.771579
0.575682 -1.784493
0.435682 -1.794606
0.295682 -1.801920
0.155682 -1.806433
0.015682 -1.808147
-0.124458 -1.807058
-0.264458 -1.803169
-0.404458 -1.796480
-0.544458 -1.786991
-0.684458 -1.774702
-0.824458 -1.759612
-0.964458 -1.741723
-1.104458 -1.721034
-1.244458 -1.697545
-1.384458 -1.671256
-1.524458 -1.642167
-1.664458 -1.610278
-1.804458 -1.575588
-1.944458 -1.538099
-2.084458 -1.497810
-2.224458 -1.454721
-2.364458 -1.408832
-2.504458 -1.360143
-2.644458 -1.308653
-2.784458 -1.254364
-2.924458 -1.197275
-3.064458 -1.137386
-3.204458 -1.074697
-3.344458 -1.009208
-3.484458 -0.940919
-3.624458 -0.869829
-3.764458 -0.795940
-3.904458 -0.719251
-4.044458 -0.639762
-4.184458 -0.557473
-4.324458 -0.472384
-4.464458 -0.384494
-4.604458 -0.293805
-4.744458 -0.200316
-4.884458 -0.104027
-5.024458 -0.004938
-4.797565 0.898139
-4.564950 1.800575
-4.344211 2.662233
-4.133783 3.485109
-3.932339 4.270934
-3.738751 5.021222
-3.552051 5.737297
-3.371406 6.420323
-3.196093 7.071323
-3.025483 7.691199
-2.859026 8.280746
-2.696236 8.840668
-2.536684 9.371585
-2.379989 9.874045
-2.225809 10.348532
-2.073837 10.795469
-1.923795 11.215229
-1.775432 11.608136
-1.628516 11.974471
-1.482833 12.314475
-1.338187 12.628353
-1.194391 12.916274
-1.051273 13.178375
-0.908666 13.414763
-0.766412 13.625516
-0.624358 13.810683
-0.482353 13.970287
-0.340250 14.104324
-0.197902 14.212763
-0.055162 14.295545
0.061594 14.197710
0.161594 13.997487
0.261594 13.797064
0.361594 13.596441
0.461594 13.395618
2.000000 -3.000000
1.860000 -3.038600
1.720000 -3.074400
1.580000 -3.107400
1.440000 -3.137600
1.300000 -3.165000
1.160000 -3.189600
1.020000 -3.211400
0.880000 -3.230400
0.740000 -3.246600
0.600000 -3.260000
0.460000 -3.270600
0.320000 -3.278400
0.180000 -3.283400
0.040000 -3.285600
-0.100140 -3.284998
-0.240140 -3.281595
-0.380140 -3.275392
-0.520140 -3.266390
-0.660140 -3.254587
-0.800140 -3.239984
-0.940140 -3.222581
-1.080140 -3.202378
-1.220140 -3.179376
-1.360140 -3.153573
-1.500140 -3.124970
-1.640140 -3.093567
-1.780140 -3.059364
-1.920140 -3.022362
-2.060140 -2.982559
-2.200140 -2.939956
-2.340140 -2.894553
-2.480140 -2.846350
-2.620140 -2.795348
-2.760140 -2.741545
-2.900140 -2.684942
-3.040140 -2.625539
-3.180140 -2.563336
-3.320140 -2.498334
-3.460140 -2.430531
-3.600140 -2.359928
-3.740140 -2.286525
-3.880140 -2.210322
-4.020140 -2.131320
-4.160140 -2.049517
-4.300140 -1.964914
-4.440140 -1.877511
-4.580140 -1.787308
-4.720140 -1.694306
-4.860140 -1.598503
-5.000140 -1.499900
-5.140140 -1.398497
-5.280140 -1.294294
-5.420140 -1.187292
-5.560140 -1.077489
-5.700140 -0.964886
-5.840140 -0.849483
-5.980140 -0.731280
-6.120140 -0.610278
-6.260140 -0.486475
-6.400140 -0.359872
-6.540140 -0.230469
-6.680140 -0.098266
-6.660008 0.343064
-6.235016 1.562978
-5.848778 2.709992
-5.494709 3.790466
-5.167578 4.809701
-4.863180 5.772156
-4.578097 6.681604
-4.309521 7.541261
-4.055126 8.353882
-3.812970 9.121840
-3.581414 9.847186
-3.359069 10.531701
-3.144747 11.176932
-2.937425 11.784230
-2.736218 12.354772
-2.540351 12.889588
-2.349146 13.389578
-2.162001 13.855524
-1.978382 14.288109
-1.797807 14.687924
-1.619843 15.055477
-1.444093 15.391200
-1.270194 15.695461
-1.097808 15.968561
-0.926617 16.210744
-0.756323 16.422197
-0.586639 16.603056
-0.417288 16.753407
-0.247998 16.873284
-0.078503 16.962674
0.053940 16.886171
0.153940 16.685963
0.253940 16.485555
0.353940 16.284947
0.453940 16.084139
0.553940 15.883131
0.653940 15.681924
0.753940 15.480516
0.853940 15.278908
0.953940 15.077100
1.053940 14.875092
1.153940 14.672884
1.253940 14.470476
1.353940 14.267868
1.453940 14.065060
1.553940 13.862053
1.653940 13.658845
1.753940 13.455437
1.853940 13.251829
1.953940 13.048021
2.053940 12.844013
2.153940 12.639805
2.253940 12.435397
2.353940 12.230790
2.453940 12.025982
2.553940 11.820974
2.653940 11.615766
2.753940 11.410358
2.853940 11.204750
2.953940 10.998942
3.053940 10.792934
3.153940 10.586727
3.253940 10.380319
3.353940 10.173711
3.453940 9.966903
3.553940 9.759895
3.653940 9.552687
3.753940 9.345279
3.853940 9.137671
3.953940 8.929864
4.053940 8.721856
4.153940 8.513648
4.253940 8.305240
4.353940 8.096632
4.453940 7.887824
4.553940 7.678816
4.653940 7.469608
4.753940 7.260200
4.853940 7.050593
4.953940 6.840785
5.053940 6.630777
5.153940 6.420569
5.253940 6.210161
5.353940 5.999553
5.453940 5.788745
5.553940 5.577737
5.653940 5.366530
5.753940 5.155122
5.853940 4.943514
5.953940 4.731706
6.053940 4.519698
6.153940 4.307490
6.253940 4.095082
6.353940 3.882474
6.453940 3.669667
6.553940 3.456659
6.653940 3.243451
6.753940 3.030043
6.853940 2.816435
6.953940 2.602627
7.053940 2.388619
7.153940 2.174411
7.253940 1.960003
7.353940 1.745396
7.453940 1.530588
7.553940 1.315580
7.653940 1.100372
7.753940 0.884964
7.853940 0.669356
7.953940 0.453548
8.053940 0.237540
8.153940 0.021333
8.037708 -0.146255
7.897708 -0.305609
7.757708 -0.462163
7.617708 -0.615917
7.477708 -0.766872
7.337708 -0.915026
7.197708 -1.060380
7.057708 -1.202934
6.917708 -1.342688
6.777708 -1.479642
6.637708 -1.613796
6.497708 -1.745151
6.357708 -1.873705
6.217708 -1.999459
6.077708 -2.122413
5.937708 -2.242567
5.797708 -2.359921
5.657708 -2.474475
5.517708 -2.586230
5.377708 -2.695184
5.237708 -2.801338
5.097708 -2.904692
4.957708 -3.005246
4.817708 -3.103000
4.677708 -3.197955
4.537708 -3.290109
4.397708 -3.379463
4.257708 -3.466017
4.117708 -3.549771
3.977708 -3.630725
3.837708 -3.708879
3.697708 -3.784234
3.557708 -3.856788
3.417708 -3.926542
3.277708 -3.993496
3.137708 -4.057650
2.997708 -4.119004
2.857708 -4.177559
2.717708 -4.233313
2.577708 -4.286267
2.437708 -4.336421
2.297708 -4.383775
2.157708 -4.428329
2.017708 -4.470083
1.877708 -4.509038
1.737708 -4.545192
1.597708 -4.578546
1.457708 -4.609100
1.317708 -4.636854
1.177708 -4.661808
1.037708 -4.683963
0.897708 -4.703317
0.757708 -4.719871
0.617708 -4.733625
0.477708 -4.744579
0.337708 -4.752733
0.197708 -4.758087
0.057708 -4.760642
-0.082432 -4.760394
-0.222432 -4.757345
-0.362432 -4.751497
-0.502432 -4.742848
-0.642432 -4.731400
-0.782432 -4.717151
-0.922432 -4.700102
-1.062432 -4.680254
-1.202432 -4.657605
-1.342432 -4.632156
-1.482432 -4.603908
-1.622432 -4.572859
-1.762432 -4.539010
-1.902432 -4.502362
-2.042432 -4.462913
-2.182432 -4.420664
-2.322432 -4.375616
-2.462432 -4.327767
-5.000000 1.000000
-4.747798 1.937074
-4.509726 2.830054
-4.283859 3.681307
-4.068577 4.492878
-3.862515 5.266548
-3.664508 6.003867
-3.473558 6.706194
-3.288806 7.374719
-3.109507 8.010491
-2.935013 8.614430
-2.764755 9.187350
-2.598232 9.729966
-2.435001 10.242911
-2.274665 10.726740
-2.116872 11.181942
-1.961302 11.608947
-1.807667 12.008127
-1.655702 12.379807
-1.505166 12.724266
-1.355835 13.041739
-1.207498 13.332426
-1.059962 13.596487
-0.913038 13.834049
-0.766550 14.045207
-0.620325 14.230023
-0.474198 14.388529
-0.328003 14.520730
-0.181577 14.626597
-0.034757 14.706074
0.076526 14.568230
0.176526 14.367977
0.276526 14.167524
0.376526 13.966871
0.476526 13.766018
0.576526 13.564965
0.676526 13.363712
0.776526 13.162259
0.876526 12.960606
0.976526 12.758753
1.076526 12.556700
1.176526 12.354447
1.276526 12.151994
1.376526 11.949341
1.476526 11.746488
1.576526 11.543435
1.676526 11.340182
1.776526 11.136729
1.876526 10.933075
1.976526 10.729222
2.076526 10.525169
2.176526 10.320916
2.276526 10.116463
2.376526 9.911810
2.476526 9.706957
2.576526 9.501904
2.676526 9.296651
2.776526 9.091198
2.876526 8.885545
2.976526 8.679692
3.076526 8.473639
3.176526 8.267386
3.276526 8.060933
3.376526 7.854280
3.476526 7.647427
3.576526 7.440374
3.676526 7.233121
3.776526 7.025668
3.876526 6.818014
3.976526 6.610161
4.076526 6.402108
4.176526 6.193855
4.276526 5.985402
4.376526 5.776749
4.476526 5.567896
4.576526 5.358843
4.676526 5.149590
4.776526 4.940137
4.876526 4.730484
4.976526 4.520631
5.076526 4.310578
5.176526 4.100325
5.276526 3.889872
5.376526 3.679219
5.476526 3.468366
5.576526 3.257313
5.676526 3.046060
5.776526 2.834606
5.876526 2.622953
5.976526 2.411100
6.076526 2.199047
6.176526 1.986794
6.276526 1.774341
6.376526 1.561688
6.476526 1.348835
6.576526 1.135782
6.676526 0.922529
6.776526 0.709076
6.876526 0.495423
6.976526 0.281570
7.076526 0.067517
7.012280 -0.096907
6.872280 -0.235753
6.732280 -0.371798
6.592280 -0.505044
6.452280 -0.635489
6.312280 -0.763135
6.172280 -0.887981
6.032280 -1.010026
5.892280 -1.129272
5.752280 -1.245718
5.612280 -1.359363
5.472280 -1.470209
5.332280 -1.578254
5.192280 -1.683500
5.052280 -1.785946
4.912280 -1.885591
4.772280 -1.982437
4.632280 -2.076482
4.492280 -2.167728
4.352280 -2.256174
4.212280 -2.341819
4.072280 -2.424665
3.932280 -2.504710
3.792280 -2.581956
3.652280 -2.656402
3.512280 -2.728047
3.372280 -2.796893
3.232280 -2.862938
3.092280 -2.926184
2.952280 -2.986630
2.812280 -3.044275
2.672280 -3.099121
2.532280 -3.151166
2.392280 -3.200412
2.252280 -3.246858
2.112280 -3.290503
1.972280 -3.331349
1.832280 -3.369394
1.692280 -3.404640
1.552280 -3.437086
1.412280 -3.466731
1.272280 -3.493577
1.132280 -3.517622
0.992280 -3.538868
0.852280 -3.557314
0.712280 -3.572959
0.572280 -3.585805
0.432280 -3.595850
0.292280 -3.603096
0.152280 -3.607542
0.012280 -3.609187
-0.127860 -3.608030
-0.267860 -3.604073
-0.407860 -3.597316
-0.547860 -3.587759
-0.687860 -3.575402
-0.827860 -3.560244
-0.967860 -3.542287
-1.107860 -3.521530
-1.247860 -3.497973
-1.387860 -3.471616
-1.527860 -3.442458
-1.667860 -3.410501
-1.807860 -3.375744
-1.947860 -3.338187
-2.087860 -3.297830
-2.227860 -3.254672
-2.367860 -3.208715
-2.507860 -3.159958
-2.647860 -3.108401
-2.787860 -3.054044
-2.927860 -2.996886
-3.067860 -2.936929
-3.207860 -2.874172
-3.347860 -2.808615
-3.487860 -2.740258
-3.627860 -2.669100
-3.767860 -2.595143
-3.907860 -2.518386
-4.047860 -2.438829
-4.187860 -2.356472
-4.327860 -2.271314
-4.467860 -2.183357
-4.607860 -2.092600
-4.747860 -1.999043
-4.887860 -1.902686
-5.027860 -1.803528
-5.167860 -1.701571
-5.307860 -1.596814
-5.447860 -1.489257
-5.587860 -1.378900
-5.727860 -1.265743
-5.867860 -1.149785
-6.007860 -1.031028
-6.147860 -0.909471
-6.287860 -0.785114
-6.427860 -0.657957
-6.567860 -0.527999
-6.707860 -0.395242
-6.847860 -0.259685
-6.987860 -0.121328
-7.038677 0.185846
-6.567878 1.469668
-6.143450 2.673060
-5.757166 3.803595
-5.402572 4.867538
-5.074533 5.870113
-4.768916 6.815714
-4.482356 7.708065
-4.212088 8.550338
-3.955819 9.345255
-3.711628 10.095157
-3.477896 10.802068
-3.253248 11.467744
-3.036505 12.093712
-2.826652 12.681299
-2.622806 13.231667
-2.424196 13.745823
-2.230142 14.224650
-2.040042 14.668912
-1.853358 15.079270
-1.669605 15.456296
-1.488341 15.800477
-1.309163 16.112224
-1.131698 16.391879
-0.955598 16.639717
-0.780534 16.855956
-0.606192 17.040753
-0.432270 17.194210
-0.258473 17.316377
-0.084509 17.407250
0.051680 17.337058
0.151680 17.136855
0.251680 16.936451
0.351680 16.735848
0.451680 16.535045
0.551680 16.334041
0.651680 16.132838
0.751680 15.931435
0.851680 15.729831
0.951680 15.528028
1.051680 15.326025
1.151680 15.123821
1.251680 14.921418
1.351680 14.718815
1.451680 14.516011
1.551680 14.313008
1.651680 14.109804
1.751680 13.906401
1.851680 13.702798
5.000000 -3.000000
4.860000 -3.098600
4.720000 -3.194400
4.580000 -3.287400
4.440000 -3.377600
4.300000 -3.465000
4.160000 -3.549600
4.020000 -3.631400
3.880000 -3.710400
3.740000 -3.786600
3.600000 -3.860000
3.460000 -3.930600
3.320000 -3.998400
3.180000 -4.063400
3.040000 -4.125600
2.900000 -4.185000
2.760000 -4.241600
2.620000 -4.295400
2.480000 -4.346400
2.340000 -4.394600
2.200000 -4.440000
2.060000 -4.482600
1.920000 -4.522400
1.780000 -4.559400
1.640000 -4.593600
1.500000 -4.625000
1.360000 -4.653600
1.220000 -4.679400
1.080000 -4.702400
0.940000 -4.722600
0.800000 -4.740000
0.660000 -4.754600
0.520000 -4.766400
0.380000 -4.775400
0.240000 -4.781600
0.100000 -4.785000
-0.040140 -4.785599
-0.180140 -4.783396
-0.320140 -4.778394
-0.460140 -4.770591
-0.600140 -4.759988
-0.740140 -4.746585
-0.880140 -4.730382
-1.020140 -4.711380
-1.160140 -4.689577
-1.300140 -4.664974
-1.440140 -4.637571
-1.580140 -4.607368
-1.720140 -4.574366
-1.860140 -4.538563
-2.000140 -4.499960
-2.140140 -4.458557
-2.280140 -4.414354
-2.420140 -4.367352
-2.560140 -4.317549
-2.700140 -4.264946
-2.840140 -4.209543
-2.980140 -4.151340
-3.120140 -4.090338
-3.260140 -4.026535
-3.400140 -3.959932
-3.540140 -3.890529
-3.680140 -3.818326
-3.820140 -3.743324
-3.960140 -3.665521
-4.100140 -3.584918
-4.240140 -3.501515
-4.380140 -3.415312
-4.520140 -3.326310
-4.660140 -3.234507
-4.800140 -3.139904
-4.940140 -3.042501
-5.080140 -2.942298
-5.220140 -2.839296
-5.360140 -2.733493
-5.500140 -2.624890
-5.640140 -2.513487
-5.780140 -2.399284
-5.920140 -2.282282
-6.060140 -2.162479
-6.200140 -2.039876
-6.340140 -1.914473
-6.480140 -1.786270
-6.620140 -1.655268
-6.760140 -1.521465
-6.900140 -1.384862
-7.040140 -1.245459
-7.180140 -1.103256
-7.320140 -0.958254
-7.460140 -0.810451
-7.600140 -0.659848
-7.740140 -0.506445
-7.880140 -0.350242
-8.020140 -0.191240
-8.160140 -0.029437
-7.665847 1.218350
-7.102003 2.606417
-6.600437 3.898800
-6.149272 5.105593
-5.739388 6.235011
-5.363663 7.293819
-5.016461 8.287639
-4.693263 9.221183
-4.390403 10.098432
-4.104875 10.922767
-3.834193 11.697077
-3.576279 12.423842
-3.329385 13.105199
-3.092023 13.742992
-2.862920 14.338822
-2.640980 14.894073
-2.425246 15.409947
-2.214883 15.887484
-2.009150 16.327582
-1.807390 16.731016
-1.609009 17.098445
-1.413472 17.430430
-1.220285 17.727436
-1.028995 17.989846
-0.839174 18.217962
-0.650420 18.412013
-0.462346 18.572154
-0.274578 18.698476
-0.086747 18.790999
0.054070 18.714537
0.154070 18.514329
0.254070 18.313921
0.354070 18.113313
0.454070 17.912505
0.554070 17.711497
0.654070 17.510289
0.754070 17.308880
0.854070 17.107272
0.954070 16.905464
1.054070 16.703456
1.154070 16.501248
1.254070 16.298840
1.354070 16.096232
1.454070 15.893423
1.554070 15.690415
1.654070 15.487207
1.754070 15.283799
1.854070 15.080191
1.954070 14.876383
2.054070 14.672375
2.154070 14.468167
2.254070 14.263758
2.354070 14.059150
2.454070 13.854342
2.554070 13.649334
2.654070 13.444126
2.754070 13.238718
2.854070 13.033110
2.954070 12.827301
3.054070 12.621293
3.154070 12.415085
3.254070 12.208677
3.354070 12.002069
3.454070 11.795261
3.554070 11.588253
3.654070 11.381044
3.754070 11.173636
3.854070 10.966028
3.954070 10.758220
4.054070 10.550212
4.154070 10.342004
4.254070 10.133596
4.354070 9.924987
4.454070 9.716179
4.554070 9.507171
4.654070 9.297963
4.754070 9.088555
4.854070 8.878947
4.954070 8.669139
5.054070 8.459130
5.154070 8.248922
5.254070 8.038514
5.354070 7.827906
5.454070 7.617098
5.554070 7.406090
5.654070 7.194882
5.754070 6.983473
5.854070 6.771865
5.954070 6.560057
6.054070 6.348049
6.154070 6.135841
6.254070 5.923433
6.354070 5.710825
6.454070 5.498016
6.554070 5.285008
6.654070 5.071800
6.754070 4.858392
6.854070 4.644784
6.954070 4.430976
7.054070 4.216968
7.154070 4.002759
7.254070 3.788351
7.354070 3.573743
7.454070 3.358935
7.554070 3.143927
7.654070 2.928719
7.754070 2.713311
7.854070 2.497702
7.954070 2.281894
8.054070 2.065886
8.154070 1.849678
8.254070 1.633270
8.354070 1.416662
8.454070 1.199854
8.554070 0.982846
8.654070 0.765637
8.754070 0.548229
8.854070 0.330621
8.954070 0.112813
8.938391 -0.086784
8.798391 -0.264152
8.658391 -0.438720
8.518391 -0.610487
8.378391 -0.779455
8.238391 -0.945623
8.098391 -1.108991
7.958391 -1.269559
7.818391 -1.427326
7.678391 -1.582294
7.538391 -1.734462
7.398391 -1.883830
7.258391 -2.030398
7.118391 -2.174166
6.978391 -2.315133
6.838391 -2.453301
6.698391 -2.588669
6.558391 -2.721237
6.418391 -2.851005
6.278391 -2.977972
6.138391 -3.102140
5.998391 -3.223508
5.858391 -3.342076
5.718391 -3.457844
5.578391 -3.570812
5.438391 -3.680979
5.298391 -3.788347
5.158391 -3.892915
5.018391 -3.994683
4.878391 -4.093651
4.738391 -4.189818
4.598391 -4.283186
4.458391 -4.373754
4.318391 -4.461522
4.178391 -4.546490
4.038391 -4.628658
3.898391 -4.708025
3.000000 -1.000000
2.860000 -1.058600
2.720000 -1.114400
2.580000 -1.167400
2.440000 -1.217600
2.300000 -1.265000
2.160000 -1.309600
2.020000 -1.351400
1.880000 -1.390400
1.740000 -1.426600
1.600000 -1.460000
1.460000 -1.490600
1.320000 -1.518400
1.180000 -1.543400
1.040000 -1.565600
0.900000 -1.585000
0.760000 -1.601600
0.620000 -1.615400
0.480000 -1.626400
0.340000 -1.634600
0.200000 -1.640000
0.060000 -1.642600
-0.080140 -1.642398
-0.220140 -1.639396
-0.360140 -1.633593
-0.500140 -1.624990
-0.640140 -1.613587
-0.780140 -1.599384
-0.920140 -1.582382
-1.060140 -1.562579
-1.200140 -1.539976
-1.340140 -1.514573
-1.480140 -1.486370
-1.620140 -1.455368
-1.760140 -1.421565
-1.900140 -1.384962
-2.040140 -1.345559
-2.180140 -1.303356
-2.320140 -1.258354
-2.460140 -1.210551
-2.600140 -1.159948
-2.740140 -1.106545
-2.880140 -1.050342
-3.020140 -0.991340
-3.160140 -0.929537
-3.300140 -0.864934
-3.440140 -0.797531
-3.580140 -0.727328
-3.720140 -0.654326
-3.860140 -0.578523
-4.000140 -0.499920
-4.140140 -0.418517
-4.280140 -0.334314
-4.420140 -0.247312
-4.560140 -0.157509
-4.700140 -0.064906
-4.723807 0.290241
-4.503605 1.180537
-4.294049 2.032177
-4.093762 2.846950
-3.901573 3.626417
-3.716480 4.371942
-3.537623 5.084723
-3.364259 5.765816
-3.195741 6.416147
-3.031505 7.036539
-2.871055 7.627716
-2.713955 8.190320
-2.559816 8.724918
-2.408295 9.232011
-2.259081 9.712042
-2.111897 10.165402
-1.966491 10.592432
-1.822634 10.993431
-1.680115 11.368660
-1.538743 11.718342
-1.398336 12.042665
-1.258728 12.341790
-1.119761 12.615846
-0.981285 12.864934
-0.843157 13.089130
-0.705239 13.288483
-0.567396 13.463020
-0.429496 13.612742
-0.291408 13.737628
-0.153001 13.837630
-0.014143 13.912681
0.089976 13.739214
0.189976 13.538934
0.289976 13.338454
0.389976 13.137774
0.489976 12.936894
0.589976 12.735814
0.689976 12.534534
0.789976 12.333054
0.889976 12.131374
0.989976 11.929494
1.089976 11.727414
1.189976 11.525134
1.289976 11.322654
1.389976 11.119974
1.489976 10.917095
1.589976 10.714015
1.689976 10.510735
1.789976 10.307255
1.889976 10.103575
1.989976 9.899695
2.089976 9.695615
2.189976 9.491335
2.289976 9.286855
2.389976 9.082175
2.489976 8.877295
2.589976 8.672215
2.689976 8.466935
2.789976 8.261455
2.889976 8.055775
2.989976 7.849895
3.089976 7.643815
3.189976 7.437535
3.289976 7.231055
3.389976 7.024375
3.489976 6.817496
3.589976 6.610416
3.689976 6.403136
3.789976 6.195656
3.889976 5.987976
3.989976 5.780096
4.089976 5.572016
4.189976 5.363736
4.289976 5.155256
4.389976 4.946576
4.489976 4.737696
4.589976 4.528616
4.689976 4.319336
4.789976 4.109856
4.889976 3.900176
4.989976 3.690296
5.089976 3.480216
5.189976 3.269936
5.289976 3.059456
5.389976 2.848776
5.489976 2.637896
5.589976 2.426817
5.689976 2.215537
5.789976 2.004057
5.889976 1.792377
5.989976 1.580497
6.089976 1.368417
6.189976 1.156137
6.289976 0.943657
6.389976 0.730977
6.489976 0.518097
6.589976 0.305017
6.689976 0.091737
6.653237 -0.076537
6.513237 -0.208202
6.373237 -0.337067
6.233237 -0.463131
6.093237 -0.586396
5.953237 -0.706861
5.813237 -0.824526
5.673237 -0.939390
5.533237 -1.051455
5.393237 -1.160720
5.253237 -1.267185
5.113237 -1.370849
4.973237 -1.471714
4.833237 -1.569779
4.693237 -1.665043
4.553237 -1.757508
4.413237 -1.847173
4.273237 -1.934038
4.133237 -2.018102
3.993237 -2.099367
3.853237 -2.177832
3.713237 -2.253497
3.573237 -2.326361
3.433237 -2.396426
3.293237 -2.463691
3.153237 -2.528156
3.013237 -2.589820
2.873237 -2.648685
2.733237 -2.704750
2.593237 -2.758015
2.453237 -2.808479
2.313237 -2.856144
2.173237 -2.901009
2.033237 -2.943073
1.893237 -2.982338
1.753237 -3.018803
1.613237 -3.052468
1.473237 -3.083332
1.333237 -3.111397
1.193237 -3.136662
1.053237 -3.159127
0.913237 -3.178791
0.773237 -3.195656
0.633237 -3.209721
0.493237 -3.220986
0.353237 -3.229450
0.213237 -3.235115
0.073237 -3.237980
-0.066903 -3.238043
-0.206903 -3.235305
-0.346903 -3.229767
-0.486903 -3.221429
-0.626903 -3.210291
-0.766903 -3.196353
-0.906903 -3.179615
-1.046903 -3.160077
-1.186903 -3.137739
-1.326903 -3.112601
-1.466903 -3.084663
-1.606903 -3.053924
-1.746903 -3.020386
-1.886903 -2.984048
-2.026903 -2.944910
-2.166903 -2.902972
-2.306903 -2.858234
-2.446903 -2.810696
-2.586903 -2.760358
-2.726903 -2.707220
-2.866903 -2.651282
-3.006903 -2.592544
-3.146903 -2.531006
-3.286903 -2.466668
-3.426903 -2.399530
-3.566903 -2.329592
-3.706903 -2.256854
-3.846903 -2.181315
-3.986903 -2.102977
-4.126903 -2.021839
-4.266903 -1.937901
-4.406903 -1.851163
-4.546903 -1.761625
-4.686903 -1.669287
-4.826903 -1.574149
-4.966903 -1.476211
-5.106903 -1.375473
-5.246903 -1.271935
-5.386903 -1.165597
-5.526903 -1.056459
-5.666903 -0.944521
-5.806903 -0.829783
-5.946903 -0.712244
-6.086903 -0.591906
-6.226903 -0.468768
-6.366903 -0.342830
-6.506903 -0.214092
-6.646903 -0.082554
-6.563223 0.481426
-1.000000 3.000000
-0.959212 3.236353
-0.916894 3.465225
-0.873116 3.686347
-0.827942 3.899463
-0.781438 4.104326
-0.733663 4.300704
-0.684678 4.488372
-0.634539 4.667119
-0.583301 4.836740
-0.531016 4.997044
-0.477737 5.147846
-0.423511 5.288973
-0.368385 5.420256
-0.312406 5.541540
-0.255617 5.652674
-0.198060 5.753516
-0.139775 5.843932
-0.080803 5.923794
-0.021182 5.992982
0.064782 5.885396
0.164782 5.685166
0.264782 5.484737
0.364782 5.284107
0.464782 5.083278
0.564782 4.882248
0.664782 4.681019
0.764782 4.479589
0.864782 4.277959
0.964782 4.076130
1.064782 3.874100
1.164782 3.671871
1.264782 3.469441
1.364782 3.266812
1.464782 3.063982
1.564782 2.860953
1.664782 2.657723
1.764782 2.454293
1.864782 2.250664
1.964782 2.046834
2.064782 1.842805
2.164782 1.638575
2.264782 1.434146
2.364782 1.229516
2.464782 1.024686
2.564782 0.819657
2.664782 0.614427
2.764782 0.408998
2.864782 0.203368
2.962013 -0.000914
2.822013 -0.058754
2.682013 -0.113795
2.542013 -0.166035
2.402013 -0.215475
2.262013 -0.262116
2.122013 -0.305956
1.982013 -0.346996
1.842013 -0.385236
1.702013 -0.420677
1.562013 -0.453317
1.422013 -0.483157
1.282013 -0.510197
1.142013 -0.534438
1.002013 -0.555878
0.862013 -0.574518
0.722013 -0.590359
0.582013 -0.603399
0.442013 -0.613639
0.302013 -0.621079
0.162013 -0.625720
0.022013 -0.627560
-0.118127 -0.626598
-0.258127 -0.622835
-0.398127 -0.616273
-0.538127 -0.606910
-0.678127 -0.594748
-0.818127 -0.579785
-0.958127 -0.562023
-1.098127 -0.541460
-1.238127 -0.518098
-1.378127 -0.491935
-1.518127 -0.462972
-1.658127 -0.431210
-1.798127 -0.396647
-1.938127 -0.359285
-2.078127 -0.319122
-2.218127 -0.276160
-2.358127 -0.230397
-2.498127 -0.181835
-2.638127 -0.130472
-2.778127 -0.076310
-2.918127 -0.019347
-2.905181 0.394837
-2.816491 0.969798
-2.727146 1.528735
-2.637182 2.071533
-2.546631 2.598085
-2.455522 3.108287
-2.363881 3.602041
-2.271730 4.079254
-2.179087 4.539834
-2.085970 4.983696
-1.992392 5.410756
-1.898366 5.820931
-1.803900 6.214141
-1.709004 6.590309
-1.613682 6.949357
-1.517938 7.291209
-1.421775 7.615790
-1.325194 7.923023
-1.228192 8.212834
-1.130767 8.485147
-1.032914 8.739884
-0.934628 8.976970
-0.835901 9.196324
-0.736724 9.397867
-0.637085 9.581517
-0.536971 9.747189
-0.436369 9.894797
-0.335261 10.024252
-0.233630 10.135460
-0.131453 10.228326
-0.028709 10.302749
0.072262 10.175864
0.172262 9.975619
0.272262 9.775175
0.372262 9.574530
0.472262 9.373685
0.572262 9.172641
0.672262 8.971396
0.772262 8.769952
0.872262 8.568307
0.972262 8.366463
1.072262 8.164418
1.172262 7.962174
1.272262 7.759729
1.372262 7.557085
1.472262 7.354240
1.572262 7.151196
1.672262 6.947951
1.772262 6.744507
1.872262 6.540862
1.972262 6.337018
2.072262 6.132973
2.172262 5.928729
2.272262 5.724284
2.372262 5.519640
2.472262 5.314795
2.572262 5.109750
2.672262 4.904506
2.772262 4.699061
2.872262 4.493417
2.972262 4.287572
3.072262 4.081528
3.172262 3.875283
3.272262 3.668839
3.372262 3.462194
3.472262 3.255350
3.572262 3.048305
3.672262 2.841061
3.772262 2.633616
3.872262 2.425972
3.972262 2.218127
4.072262 2.010083
4.172262 1.801838
4.272262 1.593394
4.372262 1.384749
4.472262 1.175905
4.572262 0.966860
4.672262 0.757615
4.772262 0.548171
4.872262 0.338526
4.972262 0.128682
4.979423 -0.038985
4.839423 -0.137174
4.699423 -0.232562
4.559423 -0.325151
4.419423 -0.414939
4.279423 -0.501928
4.139423 -0.586116
3.999423 -0.667504
3.859423 -0.746093
3.719423 -0.821881
3.579423 -0.894870
3.439423 -0.965058
3.299423 -1.032447
3.159423 -1.097035
3.019423 -1.158824
2.879423 -1.217812
2.739423 -1.274001
2.599423 -1.327389
2.459423 -1.377978
2.319423 -1.425766
2.179423 -1.470754
2.039423 -1.512943
1.899423 -1.552331
1.759423 -1.588920
1.619423 -1.622708
1.479423 -1.653697
1.339423 -1.681885
1.199423 -1.707274
1.059423 -1.729862
0.919423 -1.749651
0.779423 -1.766639
0.639423 -1.780828
0.499423 -1.792216
0.359423 -1.800804
0.219423 -1.806593
0.079423 -1.809581
-0.060717 -1.809769
-0.200717 -1.807154
-0.340717 -1.801740
-0.480717 -1.793526
-0.620717 -1.782511
-0.760717 -1.768697
-0.900717 -1.752083
-1.040717 -1.732668
-1.180717 -1.710454
-1.320717 -1.685440
-1.460717 -1.657625
-1.600717 -1.627011
-1.740717 -1.593597
-1.880717 -1.557382
-2.020717 -1.518368
-2.160717 -1.476553
-2.300717 -1.431939
-2.440717 -1.384525
-2.580717 -1.334310
-2.720717 -1.281296
-2.860717 -1.225482
-3.000717 -1.166867
-3.140717 -1.105453
-3.280717 -1.041239
-3.420717 -0.974224
-3.560717 -0.904410
-3.700717 -0.831796
-3.840717 -0.756381
-3.980717 -0.678167
-4.120717 -0.597153
-4.260717 -0.513338
-4.400717 -0.426724
-4.540717 -0.337310
-4.680717 -0.245095
-4.820717 -0.150081
-4.960717 -0.052267
-4.914936 0.455857
-4.675832 1.378821
-4.449473 2.259921
-4.234157 3.101293
-4.028446 3.904793
-3.831119 4.672036
