-1.000000 1.000000
-0.989751 1.119543
-0.979011 1.238141
-0.967788 1.355750
-0.956090 1.472328
-0.943927 1.587832
-0.931305 1.702221
-0.918234 1.815454
-0.904722 1.927490
-0.890777 2.038291
-0.876407 2.147817
-0.861620 2.256031
-0.846425 2.362896
-0.830829 2.468376
-0.814841 2.572434
-0.798468 2.675036
-0.781718 2.776147
-0.764598 2.875734
-0.747117 2.973764
-0.729281 3.070204
-0.711099 3.165024
-0.692577 3.258192
-0.673723 3.349678
-0.654544 3.439452
-0.635046 3.527486
-0.615238 3.613751
-0.595126 3.698220
-0.574716 3.780865
-0.554016 3.861660
-0.533033 3.940580
-0.511772 4.017598
-0.490240 4.092690
-0.468443 4.165833
-0.446389 4.237002
-0.424083 4.306175
-0.401531 4.373330
-0.378739 4.438444
-0.355714 4.501496
-0.332461 4.562466
-0.308986 4.621332
-0.285295 4.678077
-0.261393 4.732679
-0.237287 4.785121
-0.212981 4.835385
-0.188481 4.883452
-0.163793 4.929306
-0.138921 4.972929
-0.113872 5.014306
-0.088650 5.053421
-0.063261 5.090258
-0.037710 5.124803
-0.012001 5.157041
0.026788 5.117734
0.076788 5.017682
0.126788 4.917580
0.176788 4.817428
0.226788 4.717227
0.276788 4.616975
0.326788 4.516673
0.376788 4.416321
0.426788 4.315919
0.476788 4.215468
0.526788 4.114966
0.576788 4.014414
0.626788 3.913812
0.676788 3.813161
0.726788 3.712459
0.776788 3.611707
0.826788 3.510905
0.876788 3.410053
0.926788 3.309152
0.976788 3.208200
1.026788 3.107198
1.076788 3.006146
1.126788 2.905044
1.176788 2.803893
1.226788 2.702691
1.276788 2.601439
1.326788 2.500137
1.376788 2.398786
1.426788 2.297384
1.476788 2.195932
1.526788 2.094430
1.576788 1.992878
1.626788 1.891277
1.676788 1.789625
1.726788 1.687923
1.776788 1.586171
1.826788 1.484369
1.876788 1.382518
1.926788 1.280616
1.976788 1.178664
2.026788 1.076662
2.076788 0.974610
2.126788 0.872509
2.176788 0.770357
2.226788 0.668155
2.276788 0.565903
2.326788 0.463602
2.376788 0.361250
2.426788 0.258848
2.476788 0.156396
2.526788 0.053894
2.519909 -0.012136
2.449909 -0.036985
2.379909 -0.061134
2.309909 -0.084583
2.239909 -0.107332
2.169909 -0.129381
2.099909 -0.150730
2.029909 -0.171380
1.959909 -0.191329
1.889909 -0.210578
1.819909 -0.229127
1.749909 -0.246976
1.679909 -0.264125
1.609909 -0.280574
1.539909 -0.296323
1.469909 -0.311372
1.399909 -0.325721
1.329909 -0.339370
1.259909 -0.352320
1.189909 -0.364569
1.119909 -0.376118
1.049909 -0.386967
0.979909 -0.397116
0.909909 -0.406565
0.839909 -0.415314
0.769909 -0.423363
0.699909 -0.430712
0.629909 -0.437361
0.559909 -0.443310
0.489909 -0.448560
0.419909 -0.453109
0.349909 -0.456958
0.279909 -0.460107
0.209909 -0.462556
0.139909 -0.464305
0.069909 -0.465354
-0.000161 -0.465703
-0.070161 -0.465352
-0.140161 -0.464300
-0.210161 -0.462548
-0.280161 -0.460097
-0.350161 -0.456945
-0.420161 -0.453094
-0.490161 -0.448542
-0.560161 -0.443290
-0.630161 -0.437339
-0.700161 -0.430687
-0.770161 -0.423336
-0.840161 -0.415284
-0.910161 -0.406532
-0.980161 -0.397081
-1.050161 -0.386929
-1.120161 -0.376078
-1.190161 -0.364526
-1.260161 -0.352274
-1.330161 -0.339323
-1.400161 -0.325671
-1.470161 -0.311319
-1.540161 -0.296268
-1.610161 -0.280516
-1.680161 -0.264065
-1.750161 -0.246913
-1.820161 -0.229061
-1.890161 -0.210510
-1.960161 -0.191258
-2.030161 -0.171307
-2.100161 -0.150655
-2.170161 -0.129303
-2.240161 -0.107252
-2.310161 -0.084500
-2.380161 -0.061049
-2.450161 -0.036897
-2.520161 -0.012045
-2.536284 0.136066
-2.503213 0.392847
-2.469699 0.646631
-2.435757 0.897380
-2.401401 1.145055
-2.366644 1.389620
-2.331499 1.631039
-2.295979 1.869278
-2.260095 2.104304
-2.223859 2.336085
-2.187282 2.564589
-2.150375 2.789786
-2.113147 3.011647
-2.075607 3.230143
-2.037767 3.445247
-1.999633 3.656932
-1.961215 3.865172
-1.922520 4.069942
-1.883557 4.271218
-1.844333 4.468975
-1.804854 4.663190
-1.765128 4.853841
-1.725161 5.040906
-1.684959 5.224363
-1.644528 5.404192
-1.603874 5.580371
-1.563002 5.752882
-1.521917 5.921705
-1.480624 6.086821
-1.439128 6.248212
-1.397433 6.405858
-1.355543 6.559744
-1.313462 6.709850
-1.271194 6.856161
-1.228742 6.998660
-1.186110 7.137329
-1.143301 7.272154
-1.100318 7.403118
-1.057164 7.530206
-1.013841 7.653403
-0.970352 7.772693
-0.926699 7.888061
-0.882884 7.999494
-0.838910 8.106976
-0.794777 8.210493
-0.750489 8.310031
-0.706045 8.405576
-0.661448 8.497114
-0.616699 8.584632
-0.571799 8.668116
-0.526749 8.747551
-0.481549 8.822926
-0.436201 8.894226
-0.390704 8.961438
-0.345060 9.024548
-0.299268 9.083544
-0.253329 9.138412
-0.207242 9.189139
-0.161008 9.235711
-0.114626 9.278116
-0.068095 9.316339
-0.021416 9.350369
0.027161 9.310336
0.077161 9.210284
0.127161 9.110182
0.177161 9.010029
0.227161 8.909827
0.277161 8.809575
0.327161 8.709273
0.377161 8.608921
0.427161 8.508519
0.477161 8.408066
0.527161 8.307564
0.577161 8.207012
0.627161 8.106410
0.677161 8.005758
0.727161 7.905056
0.777161 7.804303
0.827161 7.703501
0.877161 7.602649
0.927161 7.501747
0.977161 7.400795
1.027161 7.299793
1.077161 7.198741
1.127161 7.097638
1.177161 6.996486
1.227161 6.895284
1.277161 6.794032
1.327161 6.692730
1.377161 6.591378
1.427161 6.489975
1.477161 6.388523
1.527161 6.287021
1.577161 6.185469
1.627161 6.083867
1.677161 5.982215
1.727161 5.880512
1.777161 5.778760
1.827161 5.676958
1.877161 5.575106
1.927161 5.473204
1.977161 5.371252
2.027161 5.269249
2.077161 5.167197
2.127161 5.065095
2.177161 4.962943
2.227161 4.860741
2.277161 4.758489
2.327161 4.656186
2.377161 4.553834
2.427161 4.451432
2.477161 4.348980
2.527161 4.246478
2.577161 4.143926
2.627161 4.041324
2.677161 3.938671
2.727161 3.835969
2.777161 3.733217
2.827161 3.630415
2.877161 3.527563
2.927161 3.424661
2.977161 3.321708
3.027161 3.218706
3.077161 3.115654
3.127161 3.012552
3.177161 2.909400
3.227161 2.806198
3.277161 2.702945
3.327161 2.599643
3.377161 2.496291
3.427161 2.392889
3.477161 2.289437
3.527161 2.185935
3.577161 2.082382
3.627161 1.978780
3.677161 1.875128
3.727161 1.771426
3.777161 1.667674
3.827161 1.563872
3.877161 1.460019
3.927161 1.356117
3.977161 1.252165
4.027161 1.148163
4.077161 1.044111
4.127161 0.940009
4.177161 0.835857
4.227161 0.731654
4.277161 0.627402
4.327161 0.523100
4.377161 0.418748
4.427161 0.314346
4.477161 0.209894
4.527161 0.105391
4.577161 0.000839
4.508174 -0.045169
4.438174 -0.089901
4.368174 -0.133932
4.298174 -0.177264
4.228174 -0.219896
4.158174 -0.261828
4.088174 -0.303059
4.018174 -0.343591
3.948174 -0.383423
3.878174 -0.422555
3.808174 -0.460986
3.738174 -0.498718
3.668174 -0.535750
3.598174 -0.572082
3.528174 -0.607713
3.458174 -0.642645
3.388174 -0.676877
3.318174 -0.710408
3.248174 -0.743240
3.178174 -0.775372
3.108174 -0.806804
3.038174 -0.837535
2.968174 -0.867567
2.898174 -0.896899
2.828174 -0.925531
2.758174 -0.953462
2.688174 -0.980694
2.618174 -1.007226
2.548174 -1.033058
2.478174 -1.058189
2.408174 -1.082621
2.338174 -1.106353
2.268174 -1.129385
2.198174 -1.151716
2.128174 -1.173348
2.058174 -1.194280
1.988174 -1.214512
1.918174 -1.234043
1.848174 -1.252875
1.778174 -1.271007
1.708174 -1.288438
1.638174 -1.305170
1.568174 -1.321202
1.498174 -1.336534
1.428174 -1.351165
1.358174 -1.365097
1.288174 -1.378329
1.218174 -1.390861
1.148174 -1.402692
1.078174 -1.413824
1.008174 -1.424256
0.938174 -1.433988
0.868174 -1.443019
0.798174 -1.451351
0.728174 -1.458983
0.658174 -1.465915
0.588174 -1.472146
0.518174 -1.477678
0.448174 -1.482510
0.378174 -1.486642
0.308174 -1.490073
0.238174 -1.492805
0.168174 -1.494837
0.098174 -1.496168
0.028174 -1.496800
-0.041896 -1.496732
-0.111896 -1.495963
-0.181896 -1.494494
-0.251896 -1.492325
-0.321896 -1.489456
-0.391896 -1.485887
-0.461896 -1.481618
-0.531896 -1.476649
-0.601896 -1.470980
-0.671896 -1.464611
-0.741896 -1.457542
-0.811896 -1.449773
-0.881896 -1.441304
-0.951896 -1.432135
-1.021896 -1.422266
-1.091896 -1.411697
-1.161896 -1.400428
-1.231896 -1.388459
-1.301896 -1.375790
-1.371896 -1.362421
-1.441896 -1.348352
-1.511896 -1.333583
-1.581896 -1.318114
-1.651896 -1.301945
-1.721896 -1.285076
-1.791896 -1.267508
-1.861896 -1.249239
-1.931896 -1.230270
-2.001896 -1.210601
-2.071896 -1.190232
-2.141896 -1.169163
-2.211896 -1.147394
-2.281896 -1.124925
-2.351896 -1.101756
-2.421896 -1.077887
-2.491896 -1.053318
-2.561896 -1.028049
-2.631896 -1.002080
-2.701896 -0.975411
-2.771896 -0.948042
-2.841896 -0.919973
-2.911896 -0.891204
-2.981896 -0.861735
-3.051896 -0.831566
-3.121896 -0.800697
-3.191896 -0.769128
-3.261896 -0.736859
-3.331896 -0.703890
-3.401896 -0.670221
-3.471896 -0.635852
-3.541896 -0.600783
-3.611896 -0.565015
-3.681896 -0.528546
-3.751896 -0.491377
-3.821896 -0.453508
-3.891896 -0.414939
-3.961896 -0.375670
-4.031896 -0.335701
-4.101896 -0.295032
-4.171896 -0.253663
-4.241896 -0.211594
-4.311896 -0.168825
-4.381896 -0.125356
-4.451896 -0.081187
-4.521896 -0.036318
-4.556752 0.089039
-4.453733 0.524492
-4.353095 0.950782
-4.254681 1.368116
-4.158344 1.776687
-4.063952 2.176676
-3.971381 2.568253
-3.880514 2.951576
-3.791247 3.326794
-3.703479 3.694045
-3.617119 4.053462
-3.532081 4.405166
-3.448286 4.749274
-3.365658 5.085893
-3.284128 5.415125
-3.203631 5.737067
-3.124105 6.051808
-3.045494 6.359433
-2.967743 6.660023
-2.890802 6.953651
-2.814624 7.240390
-2.739163 7.520305
-2.664377 7.793460
-2.590226 8.059912
-2.516673 8.319718
-2.443681 8.572930
-2.371217 8.819597
-2.299248 9.059764
-2.227744 9.293475
-2.156675 9.520771
-2.086014 9.741689
-2.015735 9.956265
-1.945812 10.164532
-1.876220 10.366521
-1.806937 10.562261
-1.737940 10.751778
-1.669208 10.935098
-1.600720 11.112243
-1.532456 11.283234
-1.464397 11.448091
-1.396524 11.606831
-1.328820 11.759470
-1.261266 11.906023
-1.193846 12.046502
-1.126543 12.180919
-1.059340 12.309283
-0.992223 12.431603
-0.925174 12.547885
-0.858179 12.658136
-0.791223 12.762359
-0.724290 12.860557
-0.657367 12.952731
-0.590437 13.038882
-0.523487 13.119009
-0.456502 13.193109
-0.389467 13.261178
-0.322368 13.323211
-0.255191 13.379202
-0.187920 13.429143
-0.120541 13.473024
-0.053039 13.510836
0.010851 13.514701
0.060851 13.414665
0.110851 13.314579
0.160851 13.214443
0.210851 13.114257
0.260851 13.014021
0.310851 12.913736
0.360851 12.813400
0.410851 12.713014
0.460851 12.612578
0.510851 12.512092
0.560851 12.411556
0.610851 12.310970
0.660851 12.210335
0.710851 12.109649
0.760851 12.008913
0.810851 11.908127
0.860851 11.807291
0.910851 11.706405
0.960851 11.605470
1.010851 11.504484
1.060851 11.403448
1.110851 11.302362
1.160851 11.201226
1.210851 11.100040
1.260851 10.998804
1.310851 10.897519
1.360851 10.796183
1.410851 10.694797
1.460851 10.593361
1.510851 10.491875
1.560851 10.390339
1.610851 10.288753
1.660851 10.187118
1.710851 10.085432
1.760851 9.983696
1.810851 9.881910
1.860851 9.780074
1.910851 9.678188
1.960851 9.576253
2.010851 9.474267
2.060851 9.372231
2.110851 9.270145
2.160851 9.168009
2.210851 9.065823
2.260851 8.963587
2.310851 8.861302
2.360851 8.758966
2.410851 8.656580
2.460851 8.554144
2.510851 8.451658
2.560851 8.349122
2.610851 8.246536
2.660851 8.143901
2.710851 8.041215
2.760851 7.938479
2.810851 7.835693
2.860851 7.732857
2.910851 7.629971
2.960851 7.527035
3.010851 7.424050
3.060851 7.321014
3.110851 7.217928
3.160851 7.114792
3.210851 7.011606
3.260851 6.908370
3.310851 6.805085
3.360851 6.701749
3.410851 6.598363
3.460851 6.494927
3.510851 6.391441
3.560851 6.287905
3.610851 6.184319
3.660851 6.080684
3.710851 5.976998
3.760851 5.873262
3.810851 5.769476
3.860851 5.665640
3.910851 5.561754
3.960851 5.457818
4.010851 5.353833
4.060851 5.249797
4.110851 5.145711
4.160851 5.041575
4.210851 4.937389
4.260851 4.833153
4.310851 4.728867
4.360851 4.624532
4.410851 4.520146
4.460851 4.415710
4.510851 4.311224
4.560851 4.206688
4.610851 4.102102
4.660851 3.997467
4.710851 3.892781
4.760851 3.788045
4.810851 3.683259
4.860851 3.578423
4.910851 3.473537
4.960851 3.368601
5.010851 3.263616
5.060851 3.158580
5.110851 3.053494
5.160851 2.948358
5.210851 2.843172
5.260851 2.737936
5.310851 2.632650
5.360851 2.527315
5.410851 2.421929
5.460851 2.316493
5.510851 2.211007
5.560851 2.105471
5.610851 1.999885
5.660851 1.894250
5.710851 1.788564
5.760851 1.682828
5.810851 1.577042
5.860851 1.471206
5.910851 1.365320
5.960851 1.259384
6.010851 1.153399
6.060851 1.047363
6.110851 0.941277
6.160851 0.835141
6.210851 0.728955
6.260851 0.622719
6.310851 0.516433
6.360851 0.410098
6.410851 0.303712
6.460851 0.197276
6.510851 0.090790
6.543169 -0.009783
6.473169 -0.074865
6.403169 -0.139246
6.333169 -0.202928
6.263169 -0.265910
6.193169 -0.328191
6.123169 -0.389773
6.053169 -0.450655
5.983169 -0.510836
5.913169 -0.570318
5.843169 -0.629100
5.773169 -0.687182
5.703169 -0.744563
5.633169 -0.801245
5.563169 -0.857227
5.493169 -0.912508
5.423169 -0.967090
5.353169 -1.020972
5.283169 -1.074153
5.213169 -1.126635
5.143169 -1.178417
5.073169 -1.229498
5.003169 -1.279880
4.933169 -1.329562
4.863169 -1.378543
4.793169 -1.426825
4.723169 -1.474407
4.653169 -1.521289
4.583169 -1.567470
4.513169 -1.612952
4.443169 -1.657734
4.373169 -1.701815
4.303169 -1.745197
4.233169 -1.787879
4.163169 -1.829860
4.093169 -1.871142
4.023169 -1.911724
3.953169 -1.951605
3.883169 -1.990787
3.813169 -2.029269
3.743169 -2.067051
3.673169 -2.104132
3.603169 -2.140514
3.533169 -2.176196
3.463169 -2.211177
3.393169 -2.245459
3.323169 -2.279041
3.253169 -2.311922
3.183169 -2.344104
3.113169 -2.375586
3.043169 -2.406367
2.973169 -2.436449
2.903169 -2.465831
2.833169 -2.494512
2.763169 -2.522494
2.693169 -2.549776
2.623169 -2.576358
2.553169 -2.602239
2.483169 -2.627421
2.413169 -2.651903
2.343169 -2.675684
2.273169 -2.698766
2.203169 -2.721148
2.133169 -2.742829
2.063169 -2.763811
1.993169 -2.784093
1.923169 -2.803674
1.853169 -2.822556
1.783169 -2.840738
1.713169 -2.858220
1.643169 -2.875001
1.573169 -2.891083
1.503169 -2.906465
1.433169 -2.921146
1.363169 -2.935128
1.293169 -2.948410
1.223169 -2.960991
1.153169 -2.972873
1.083169 -2.984055
1.013169 -2.994536
0.943169 -3.004318
0.873169 -3.013400
0.803169 -3.021781
0.733169 -3.029463
0.663169 -3.036445
0.593169 -3.042727
0.523169 -3.048308
0.453169 -3.053190
0.383169 -3.057372
0.313169 -3.060853
0.243169 -3.063635
0.173169 -3.065717
0.103169 -3.067098
0.033169 -3.067780
-0.036901 -3.067761
-0.106901 -3.067042
-0.176901 -3.065623
-0.246901 -3.063504
-0.316901 -3.060685
-0.386901 -3.057166
-0.456901 -3.052947
-0.526901 -3.048028
-0.596901 -3.042409
-0.666901 -3.036090
-0.736901 -3.029071
-0.806901 -3.021352
-0.876901 -3.012933
-0.946901 -3.003814
-1.016901 -2.993995
-1.086901 -2.983476
-1.156901 -2.972257
-1.226901 -2.960338
-1.296901 -2.947719
-1.366901 -2.934400
-1.436901 -2.920381
-1.506901 -2.905662
-1.576901 -2.890243
-1.646901 -2.874124
-1.716901 -2.857305
-1.786901 -2.839786
-1.856901 -2.821567
-1.926901 -2.802648
-1.996901 -2.783029
-2.066901 -2.762710
-2.136901 -2.741691
-2.206901 -2.719972
-2.276901 -2.697553
-2.346901 -2.674434
-2.416901 -2.650615
-2.486901 -2.626096
-2.556901 -2.600877
-2.626901 -2.574958
-2.696901 -2.548339
-2.766901 -2.521020
-2.836901 -2.493001
-2.906901 -2.464282
-2.976901 -2.434863
-3.046901 -2.404744
-3.116901 -2.373925
-3.186901 -2.342406
-3.256901 -2.310187
-3.326901 -2.277268
-3.396901 -2.243649
-3.466901 -2.209330
-3.536901 -2.174311
-3.606901 -2.138592
-3.676901 -2.102173
-3.746901 -2.065054
-3.816901 -2.027235
-3.886901 -1.988716
-3.956901 -1.949497
-4.026901 -1.909578
-4.096901 -1.868959
-4.166901 -1.827640
-4.236901 -1.785621
-4.306901 -1.742902
-4.376901 -1.699483
-4.446901 -1.655364
-4.516901 -1.610545
-4.586901 -1.565026
-4.656901 -1.518807
-4.726901 -1.471888
-4.796901 -1.424269
-4.866901 -1.375950
-4.936901 -1.326931
-5.006901 -1.277212
-5.076901 -1.226793
-5.146901 -1.175674
-5.216901 -1.123855
-5.286901 -1.071336
-5.356901 -1.018117
-5.426901 -0.964198
-5.496901 -0.909579
-5.566901 -0.854260
-5.636901 -0.798241
-5.706901 -0.741522
-5.776901 -0.684103
-5.846901 -0.625984
-5.916901 -0.567165
-5.986901 -0.507645
-6.056901 -0.447426
-6.126901 -0.386507
-6.196901 -0.324888
-6.266901 -0.262569
-6.336901 -0.199550
-6.406901 -0.135831
-6.476901 -0.071412
-6.546901 -0.006293
-6.363929 0.552568
-6.163536 1.146232
-5.972289 1.722279
-5.789376 2.281494
-5.614078 2.824595
-5.445749 3.352237
-5.283812 3.865022
-5.127748 4.363500
-4.977091 4.848178
-4.831418 5.319525
-4.690349 5.777972
-4.553535 6.223916
-4.420662 6.657726
-4.291444 7.079745
-4.165616 7.490288
-4.042941 7.889650
-3.923196 8.278105
-3.806180 8.655907
-3.691707 9.023294
-3.579605 9.380486
-3.469716 9.727689
-3.361892 10.065097
-3.255998 10.392888
-3.151907 10.711230
-3.049503 11.020281
-2.948675 11.320188
-2.849321 11.611087
-2.751347 11.893107
-2.654662 12.166368
-2.559184 12.430983
-2.464833 12.687055
-2.371535 12.934684
-2.279222 13.173961
-2.187826 13.404972
-2.097286 13.627795
-2.007543 13.842507
-1.918540 14.049175
-1.830226 14.247865
-1.742548 14.438635
-1.655459 14.621541
-1.568912 14.796634
-1.482863 14.963960
-1.397270 15.123563
-1.312090 15.275481
-1.227286 15.419750
-1.142818 15.556403
-1.058650 15.685467
-0.974744 15.806968
-0.891067 15.920927
-0.807584 16.027365
-0.724260 16.126297
-0.641064 16.217736
-0.557963 16.301692
-0.474923 16.378171
-0.391915 16.447179
-0.308905 16.508716
-0.225863 16.562781
-0.142757 16.609369
-0.059555 16.648474
0.014340 16.643352
0.064340 16.543312
0.114340 16.443223
0.164340 16.343084
0.214340 16.242894
0.264340 16.142655
0.314340 16.042366
0.364340 15.942026
0.414340 15.841637
0.464340 15.741198
0.514340 15.640708
0.564340 15.540169
0.614340 15.439580
0.664340 15.338940
0.714340 15.238251
0.764340 15.137512
0.814340 15.036722
0.864340 14.935883
0.914340 14.834994
0.964340 14.734054
1.014340 14.633065
1.064340 14.532026
1.114340 14.430936
1.164340 14.329797
1.214340 14.228608
1.264340 14.127368
1.314340 14.026079
1.364340 13.924740
1.414340 13.823350
1.464340 13.721911
1.514340 13.620422
1.564340 13.518882
1.614340 13.417293
1.664340 13.315654
1.714340 13.213964
1.764340 13.112225
1.814340 13.010436
1.864340 12.908596
1.914340 12.806707
1.964340 12.704768
2.014340 12.602778
2.064340 12.500739
2.114340 12.398650
2.164340 12.296510
2.214340 12.194321
2.264340 12.092082
2.314340 11.989792
2.364340 11.887453
2.414340 11.785064
2.464340 11.682624
2.514340 11.580135
2.564340 11.477595
2.614340 11.375006
2.664340 11.272367
2.714340 11.169677
2.764340 11.066938
2.814340 10.964149
2.864340 10.861309
2.914340 10.758420
2.964340 10.655481
3.014340 10.552491
3.064340 10.449452
3.114340 10.346363
3.164340 10.243223
3.214340 10.140034
3.264340 10.036795
3.314340 9.933505
3.364340 9.830166
3.414340 9.726777
3.464340 9.623337
3.514340 9.519848
3.564340 9.416309
3.614340 9.312719
3.664340 9.209080
3.714340 9.105391
3.764340 9.001651
3.814340 8.897862
3.864340 8.794023
3.914340 8.690133
3.964340 8.586194
4.014340 8.482205
4.064340 8.378165
4.114340 8.274076
4.164340 8.169937
4.214340 8.065747
4.264340 7.961508
4.314340 7.857219
4.364340 7.752879
4.414340 7.648490
4.464340 7.544051
4.514340 7.439561
4.564340 7.335022
4.614340 7.230433
4.664340 7.125793
4.714340 7.021104
4.764340 6.916365
4.814340 6.811575
4.864340 6.706736
4.914340 6.601847
4.964340 6.496907
5.014340 6.391918
5.064340 6.286879
1.000000 4.000000
1.050000 3.898975
1.100000 3.797900
1.150000 3.696775
1.200000 3.595600
1.250000 3.494375
1.300000 3.393100
1.350000 3.291775
1.400000 3.190400
1.450000 3.088975
1.500000 2.987500
1.550000 2.885975
1.600000 2.784400
1.650000 2.682775
1.700000 2.581100
1.750000 2.479375
1.800000 2.377600
1.850000 2.275775
1.900000 2.173900
1.950000 2.071975
2.000000 1.970000
2.050000 1.867975
2.100000 1.765900
2.150000 1.663775
2.200000 1.561600
2.250000 1.459375
2.300000 1.357100
2.350000 1.254775
2.400000 1.152400
2.450000 1.049975
2.500000 0.947500
2.550000 0.844975
2.600000 0.742400
2.650000 0.639775
2.700000 0.537100
2.750000 0.434375
2.800000 0.331600
2.850000 0.228775
2.900000 0.125900
2.950000 0.022975
2.906829 -0.022896
2.836829 -0.051614
2.766829 -0.079632
2.696829 -0.106951
2.626829 -0.133569
2.556829 -0.159487
2.486829 -0.184705
2.416829 -0.209224
2.346829 -0.233042
2.276829 -0.256160
2.206829 -0.278579
2.136829 -0.300297
2.066829 -0.321315
1.996829 -0.341633
1.926829 -0.361252
1.856829 -0.380170
1.786829 -0.398388
1.716829 -0.415907
1.646829 -0.432725
1.576829 -0.448843
1.506829 -0.464261
1.436829 -0.478980
1.366829 -0.492998
1.296829 -0.506316
1.226829 -0.518935
1.156829 -0.530853
1.086829 -0.542071
1.016829 -0.552589
0.946829 -0.562408
0.876829 -0.571526
0.806829 -0.579944
0.736829 -0.587663
0.666829 -0.594681
0.596829 -0.600999
0.526829 -0.606617
0.456829 -0.611536
0.386829 -0.615754
0.316829 -0.619272
0.246829 -0.622091
0.176829 -0.624209
0.106829 -0.625627
0.036829 -0.626345
-0.033241 -0.626363
-0.103241 -0.625681
-0.173241 -0.624299
-0.243241 -0.622216
-0.313241 -0.619434
-0.383241 -0.615951
-0.453241 -0.611769
-0.523241 -0.606887
-0.593241 -0.601304
-0.663241 -0.595022
-0.733241 -0.588039
-0.803241 -0.580357
-0.873241 -0.571974
-0.943241 -0.562892
-1.013241 -0.553110
-1.083241 -0.542627
-1.153241 -0.531445
-1.223241 -0.519562
-1.293241 -0.506980
-1.363241 -0.493698
-1.433241 -0.479715
-1.503241 -0.465033
-1.573241 -0.449650
-1.643241 -0.433568
-1.713241 -0.416785
-1.783241 -0.399303
-1.853241 -0.381121
-1.923241 -0.362238
-1.993241 -0.342656
-2.063241 -0.322373
-2.133241 -0.301391
-2.203241 -0.279709
-2.273241 -0.257326
-2.343241 -0.234244
-2.413241 -0.210461
-2.483241 -0.185979
-2.553241 -0.160796
-2.623241 -0.134914
-2.693241 -0.108332
-2.763241 -0.081049
-2.833241 -0.053067
-2.903241 -0.024384
-2.954132 0.049920
-2.910158 0.343815
-2.866006 0.633743
-2.821682 0.919691
-2.777192 1.201641
-2.732539 1.479580
-2.687730 1.753494
-2.642767 2.023367
-2.597655 2.289187
-2.552398 2.550941
-2.506999 2.808614
-2.461462 3.062196
-2.415790 3.311674
-2.369986 3.557035
-2.324053 3.798267
-2.277992 4.035360
-2.231807 4.268302
-2.185500 4.497082
-2.139073 4.721689
-2.092528 4.942112
-2.045866 5.158340
-1.999089 5.370364
-1.952199 5.578173
-1.905197 5.781756
-1.858084 5.981105
-1.810862 6.176208
-1.763530 6.367057
-1.716091 6.553640
-1.668544 6.735950
-1.620891 6.913975
-1.573132 7.087707
-1.525267 7.257136
-1.477296 7.422252
-1.429220 7.583046
-1.381039 7.739508
-1.332752 7.891630
-1.284360 8.039401
-1.235862 8.182811
-1.187258 8.321853
-1.138548 8.456515
-1.089730 8.586788
-1.040805 8.712663
-0.991771 8.834130
-0.942627 8.951178
-0.893373 9.063799
-0.844007 9.171982
-0.794529 9.275717
-0.744937 9.374994
-0.695230 9.469802
-0.645405 9.560132
-0.595462 9.645972
-0.545399 9.727311
-0.495214 9.804140
-0.444905 9.876446
-0.394469 9.944219
-0.343906 10.007447
-0.293211 10.066118
-0.242384 10.120221
-0.191421 10.169743
-0.140319 10.214672
-0.089076 10.254996
-0.037689 10.290702
0.013471 10.287080
0.063471 10.187042
0.113471 10.086953
0.163471 9.986815
0.213471 9.886626
0.263471 9.786388
0.313471 9.686099
0.363471 9.585761
0.413471 9.485372
0.463471 9.384934
0.513471 9.284446
0.563471 9.183907
0.613471 9.083319
0.663471 8.982680
0.713471 8.881992
0.763471 8.781253
0.813471 8.680465
0.863471 8.579626
0.913471 8.478738
0.963471 8.377799
1.013471 8.276811
1.063471 8.175772
1.113471 8.074684
1.163471 7.973545
1.213471 7.872357
1.263471 7.771118
1.313471 7.669830
1.363471 7.568492
1.413471 7.467103
1.463471 7.365665
1.513471 7.264176
1.563471 7.162638
1.613471 7.061049
1.663471 6.959411
1.713471 6.857722
1.763471 6.755984
1.813471 6.654195
1.863471 6.552357
1.913471 6.450468
1.963471 6.348530
2.013471 6.246541
2.063471 6.144503
2.113471 6.042414
2.163471 5.940276
2.213471 5.838087
2.263471 5.735849
2.313471 5.633561
2.363471 5.531222
2.413471 5.428834
2.463471 5.326395
2.513471 5.223907
2.563471 5.121368
2.613471 5.018780
2.663471 4.916141
2.713471 4.813453
2.763471 4.710714
2.813471 4.607926
2.863471 4.505087
2.913471 4.402199
2.963471 4.299260
3.013471 4.196272
3.063471 4.093233
3.113471 3.990145
3.163471 3.887007
3.213471 3.783818
3.263471 3.680580
3.313471 3.577291
3.363471 3.473953
3.413471 3.370564
3.463471 3.267126
3.513471 3.163637
3.563471 3.060099
3.613471 2.956510
3.663471 2.852872
3.713471 2.749183
3.763471 2.645445
3.813471 2.541656
3.863471 2.437818
3.913471 2.333929
3.963471 2.229991
4.013471 2.126003
4.063471 2.021964
4.113471 1.917876
4.163471 1.813737
4.213471 1.709549
4.263471 1.605310
4.313471 1.501022
4.363471 1.396683
4.413471 1.292295
4.463471 1.187856
4.513471 1.083368
4.563471 0.978829
4.613471 0.874241
4.663471 0.769602
4.713471 0.664914
4.763471 0.560175
4.813471 0.455387
4.863471 0.350549
4.913471 0.245660
4.963471 0.140722
5.013471 0.035733
4.984350 -0.033142
4.914350 -0.082635
4.844350 -0.131429
4.774350 -0.179522
4.704350 -0.226916
4.634350 -0.273609
4.564350 -0.319603
4.494350 -0.364896
4.424350 -0.409490
4.354350 -0.453383
4.284350 -0.496577
4.214350 -0.539070
4.144350 -0.580864
4.074350 -0.621957
4.004350 -0.662351
3.934350 -0.702044
3.864350 -0.741038
3.794350 -0.779332
3.724350 -0.816925
3.654350 -0.853819
3.584350 -0.890012
3.514350 -0.925506
3.444350 -0.960299
3.374350 -0.994393
3.304350 -1.027786
3.234350 -1.060480
3.164350 -1.092473
3.094350 -1.123767
3.024350 -1.154360
2.954350 -1.184254
2.884350 -1.213447
2.814350 -1.241941
2.744350 -1.269734
2.674350 -1.296828
2.604350 -1.323221
2.534350 -1.348915
2.464350 -1.373908
2.394350 -1.398202
2.324350 -1.421795
2.254350 -1.444689
2.184350 -1.466882
2.114350 -1.488376
2.044350 -1.509169
1.974350 -1.529263
1.904350 -1.548656
1.834350 -1.567350
1.764350 -1.585343
1.694350 -1.602637
1.624350 -1.619230
1.554350 -1.635124
1.484350 -1.650317
1.414350 -1.664811
1.344350 -1.678604
1.274350 -1.691698
1.204350 -1.704091
1.134350 -1.715785
1.064350 -1.726778
0.994350 -1.737072
0.924350 -1.746665
0.854350 -1.755559
0.784350 -1.763752
0.714350 -1.771246
0.644350 -1.778039
0.574350 -1.784133
0.504350 -1.789526
0.434350 -1.794220
0.364350 -1.798213
0.294350 -1.801507
0.224350 -1.804100
0.154350 -1.805994
0.084350 -1.807187
0.014350 -1.807681
-0.055720 -1.807474
-0.125720 -1.806567
-0.195720 -1.804959
-0.265720 -1.802652
-0.335720 -1.799645
-0.405720 -1.795938
-0.475720 -1.791531
-0.545720 -1.786423
-0.615720 -1.780616
-0.685720 -1.774109
-0.755720 -1.766902
-0.825720 -1.758995
-0.895720 -1.750387
-0.965720 -1.741080
-1.035720 -1.731073
-1.105720 -1.720366
-1.175720 -1.708959
-1.245720 -1.696851
-1.315720 -1.684044
-1.385720 -1.670537
-1.455720 -1.656330
-1.525720 -1.641423
-1.595720 -1.625815
-1.665720 -1.609508
-1.735720 -1.592501
-1.805720 -1.574794
-1.875720 -1.556387
-1.945720 -1.537279
-2.015720 -1.517472
-2.085720 -1.496965
-2.155720 -1.475758
-2.225720 -1.453851
-2.295720 -1.431243
-2.365720 -1.407936
-2.435720 -1.383929
-2.505720 -1.359222
-2.575720 -1.333815
-2.645720 -1.307707
-2.715720 -1.280900
-2.785720 -1.253393
-2.855720 -1.225186
-2.925720 -1.196279
-2.995720 -1.166671
-3.065720 -1.136364
-3.135720 -1.105357
-3.205720 -1.073650
-3.275720 -1.041243
-3.345720 -1.008136
-3.415720 -0.974328
-3.485720 -0.939821
-3.555720 -0.904614
-3.625720 -0.868707
-3.695720 -0.832100
-3.765720 -0.794792
-3.835720 -0.756785
-3.905720 -0.718078
-3.975720 -0.678671
-4.045720 -0.638564
-4.115720 -0.597756
-4.185720 -0.556249
-4.255720 -0.514042
-4.325720 -0.471135
-4.395720 -0.427528
-4.465720 -0.383220
-4.535720 -0.338213
-4.605720 -0.292506
-4.675720 -0.246099
-4.745720 -0.198992
-4.815720 -0.151184
-4.885720 -0.102677
-4.955720 -0.053470
-5.025720 -0.003563
-4.914840 0.443741
-4.793640 0.910596
-4.675860 1.366699
-4.561259 1.812346
-4.449615 2.247814
-4.340725 2.673359
-4.234403 3.089222
-4.130476 3.495624
-4.028788 3.892774
-3.929191 4.280868
-3.831550 4.660087
-3.735742 5.030602
-3.641649 5.392572
-3.549165 5.746147
-3.458190 6.091467
-3.368630 6.428664
-3.280399 6.757861
-3.193415 7.079173
-3.107604 7.392711
-3.022893 7.698575
-2.939218 7.996862
-2.856515 8.287663
-2.774725 8.571063
-2.693795 8.847140
-2.613672 9.115970
-2.534307 9.377623
-2.455654 9.632166
-2.377669 9.879661
-2.300310 10.120166
-2.223540 10.353735
-2.147320 10.580419
-2.071614 10.800268
-1.996390 11.013324
-1.921615 11.219631
-1.847258 11.419227
-1.773289 11.612149
-1.699682 11.798430
-1.626407 11.978102
-1.553440 12.151193
-1.480755 12.317730
-1.408328 12.477737
-1.336136 12.631236
-1.264156 12.778247
-1.192366 12.918790
-1.120744 13.052878
-1.049269 13.180528
-0.977922 13.301751
-0.906682 13.416557
-0.835529 13.524956
-0.764445 13.626954
-0.693410 13.722558
-0.622405 13.811769
-0.551412 13.894591
-0.480412 13.971023
-0.409388 14.041064
-0.338320 14.104711
-0.267190 14.161960
-0.195980 14.212803
-0.124671 14.257233
-0.053246 14.295241
0.012859 14.293806
0.062859 14.193768
0.112859 14.093680
0.162859 13.993542
0.212859 13.893354
0.262859 13.793116
0.312859 13.692828
0.362859 13.592491
0.412859 13.492103
0.462859 13.391665
0.512859 13.291177
0.562859 13.190639
0.612859 13.090051
0.662859 12.989413
0.712859 12.888726
0.762859 12.787988
0.812859 12.687200
0.862859 12.586362
0.912859 12.485474
0.962859 12.384536
1.012859 12.283548
1.062859 12.182511
1.112859 12.081423
1.162859 11.980285
1.212859 11.879097
1.262859 11.777859
1.312859 11.676571
1.362859 11.575233
1.412859 11.473846
1.462859 11.372408
1.512859 11.270920
1.562859 11.169382
1.612859 11.067794
1.662859 10.966156
1.712859 10.864468
1.762859 10.762730
1.812859 10.660943
1.862859 10.559105
1.912859 10.457217
1.962859 10.355279
2.012859 10.253291
2.062859 10.151253
2.112859 10.049165
2.162859 9.947028
2.212859 9.844840
2.262859 9.742602
2.312859 9.640314
2.362859 9.537976
2.412859 9.435588
2.462859 9.333150
2.512859 9.230663
2.562859 9.128125
2.612859 9.025537
2.662859 8.922899
2.712859 8.820211
2.762859 8.717473
2.812859 8.614685
2.862859 8.511848
2.912859 8.408960
2.962859 8.306022
3.012859 8.203034
3.062859 8.099996
3.112859 7.996908
3.162859 7.893770
3.212859 7.790583
3.262859 7.687345
3.312859 7.584057
3.362859 7.480719
3.412859 7.377331
3.462859 7.273893
3.512859 7.170405
3.562859 7.066868
3.612859 6.963280
3.662859 6.859642
3.712859 6.755954
3.762859 6.652216
3.812859 6.548428
3.862859 6.444590
3.912859 6.340703
3.962859 6.236765
4.012859 6.132777
4.062859 6.028739
4.112859 5.924651
4.162859 5.820513
4.212859 5.716325
4.262859 5.612088
4.312859 5.507800
4.362859 5.403462
4.412859 5.299074
4.462859 5.194636
4.512859 5.090148
4.562859 4.985610
4.612859 4.881023
4.662859 4.776385
4.712859 4.671697
4.762859 4.566959
4.812859 4.462171
4.862859 4.357333
4.912859 4.252445
4.962859 4.147508
5.012859 4.042520
5.062859 3.937482
5.112859 3.832394
5.162859 3.727256
5.212859 3.622068
5.262859 3.516830
5.312859 3.411543
5.362859 3.306205
5.412859 3.200817
5.462859 3.095379
5.512859 2.989891
5.562859 2.884353
5.612859 2.778765
5.662859 2.673128
5.712859 2.567440
5.762859 2.461702
5.812859 2.355914
5.862859 2.250076
5.912859 2.144188
5.962859 2.038250
6.012859 1.932262
6.062859 1.826225
6.112859 1.720137
6.162859 1.613999
6.212859 1.507811
6.262859 1.401573
6.312859 1.295285
6.362859 1.188947
6.412859 1.082560
6.462859 0.976122
6.512859 0.869634
6.562859 0.763096
6.612859 0.656508
6.662859 0.549870
6.712859 0.443182
6.762859 0.336445
6.812859 0.229657
6.862859 0.122819
6.912859 0.015931
6.860789 -0.058745
6.790789 -0.127003
6.720789 -0.194561
6.650789 -0.261419
6.580789 -0.327577
6.510789 -0.393035
6.440789 -0.457793
6.370789 -0.521851
6.300789 -0.585209
6.230789 -0.647866
6.160789 -0.709824
6.090789 -0.771082
6.020789 -0.831640
5.950789 -0.891498
5.880789 -0.950656
5.810789 -1.009114
5.740789 -1.066872
5.670789 -1.123930
5.600789 -1.180288
5.530789 -1.235945
5.460789 -1.290903
5.390789 -1.345161
5.320789 -1.398719
5.250789 -1.451577
5.180789 -1.503735
5.110789 -1.555193
5.040789 -1.605951
4.970789 -1.656009
4.900789 -1.705366
4.830789 -1.754024
4.760789 -1.801982
4.690789 -1.849240
4.620789 -1.895798
4.550789 -1.941656
4.480789 -1.986814
4.410789 -2.031272
4.340789 -2.075030
4.270789 -2.118088
4.200789 -2.160445
4.130789 -2.202103
4.060789 -2.243061
3.990789 -2.283319
3.920789 -2.322877
3.850789 -2.361735
3.780789 -2.399893
3.710789 -2.437351
3.640789 -2.474109
3.570789 -2.510166
3.500789 -2.545524
3.430789 -2.580182
3.360789 -2.614140
3.290789 -2.647398
3.220789 -2.679956
3.150789 -2.711814
3.080789 -2.742972
3.010789 -2.773430
2.940789 -2.803187
2.870789 -2.832245
2.800789 -2.860603
2.730789 -2.888261
2.660789 -2.915219
2.590789 -2.941477
2.520789 -2.967035
2.450789 -2.991893
2.380789 -3.016051
2.310789 -3.039509
2.240789 -3.062266
2.170789 -3.084324
2.100789 -3.105682
2.030789 -3.126340
1.960789 -3.146298
1.890789 -3.165556
1.820789 -3.184114
1.750789 -3.201972
1.680789 -3.219130
1.610789 -3.235587
1.540789 -3.251345
1.470789 -3.266403
1.400789 -3.280761
1.330789 -3.294419
1.260789 -3.307377
1.190789 -3.319635
1.120789 -3.331193
1.050789 -3.342051
0.980789 -3.352209
0.910789 -3.361666
0.840789 -3.370424
0.770789 -3.378482
0.700789 -3.385840
0.630789 -3.392498
0.560789 -3.398456
0.490789 -3.403714
0.420789 -3.408272
0.350789 -3.412130
0.280789 -3.415287
0.210789 -3.417745
0.140789 -3.419503
0.070789 -3.420561
0.000789 -3.420919
-0.069281 -3.420576
-0.139281 -3.419533
-0.209281 -3.417791
-0.279281 -3.415348
-0.349281 -3.412205
-0.419281 -3.408362
-0.489281 -3.403819
-0.559281 -3.398577
-0.629281 -3.392634
-0.699281 -3.385991
-0.769281 -3.378648
-0.839281 -3.370605
-0.909281 -3.361863
-0.979281 -3.352420
-1.049281 -3.342277
-1.119281 -3.331434
-1.189281 -3.319891
-1.259281 -3.307649
-1.329281 -3.294706
-1.399281 -3.281063
-1.469281 -3.266720
-1.539281 -3.251677
-1.609281 -3.235935
-1.679281 -3.219492
-1.749281 -3.202349
-1.819281 -3.184506
-1.889281 -3.165963
-1.959281 -3.146720
-2.029281 -3.126778
-2.099281 -3.106135
-2.169281 -3.084792
-2.239281 -3.062749
-2.309281 -3.040006
-2.379281 -3.016564
-2.449281 -2.992421
-2.519281 -2.967578
-2.589281 -2.942035
-2.659281 -2.915792
-2.729281 -2.888850
-2.799281 -2.861207
-2.869281 -2.832864
-2.939281 -2.803821
-3.009281 -2.774078
-3.079281 -2.743636
-3.149281 -2.712493
-3.219281 -2.680650
-3.289281 -2.648107
-3.359281 -2.614864
-3.429281 -2.580922
-3.499281 -2.546279
-3.569281 -2.510936
-3.639281 -2.474893
-3.709281 -2.438150
-3.779281 -2.400708
-3.849281 -2.362565
-3.919281 -2.323722
-3.989281 -2.284179
-4.059281 -2.243936
-4.129281 -2.202994
-4.199281 -2.161351
-4.269281 -2.119008
-4.339281 -2.075965
-4.409281 -2.032222
-4.479281 -1.987779
-4.549281 -1.942637
-4.619281 -1.896794
-4.689281 -1.850251
-4.759281 -1.803008
-4.829281 -1.755065
-4.899281 -1.706423
-4.969281 -1.657080
-5.039281 -1.607037
-5.109281 -1.556294
-5.179281 -1.504851
-5.249281 -1.452709
-5.319281 -1.399866
-5.389281 -1.346323
-5.459281 -1.292080
-5.529281 -1.237137
-5.599281 -1.181495
-5.669281 -1.125152
-5.739281 -1.068109
-5.809281 -1.010366
-5.879281 -0.951923
-5.949281 -0.892781
-6.019281 -0.832938
-6.089281 -0.772395
-6.159281 -0.711152
-6.229281 -0.649209
-6.299281 -0.586567
-6.369281 -0.523224
-6.439281 -0.459181
-6.509281 -0.394438
-6.579281 -0.328995
-6.649281 -0.262853
-6.719281 -0.196010
-6.789281 -0.128467
-6.859281 -0.060224
-6.890492 0.082095
-6.659035 0.721730
-6.439448 1.341077
-6.230608 1.941153
-6.031521 2.522879
-5.841311 3.087093
-5.659196 3.634558
-5.484482 4.165970
-5.316545 4.681968
-5.154829 5.183135
-4.998833 5.670009
-4.848103 6.143083
-4.702231 6.602813
-4.560847 7.049619
-4.423615 7.483890
-4.290227 7.905985
-4.160406 8.316238
-4.033894 8.714957
-3.910458 9.102431
-3.789884 9.478926
-3.671974 9.844690
-3.556545 10.199956
-3.443430 10.544938
-3.332474 10.879838
-3.223532 11.204843
-3.116471 11.520130
-3.011167 11.825861
-2.907504 12.122189
-2.805374 12.409257
-2.704678 12.687199
-2.605319 12.956140
-2.507211 13.216194
-2.410269 13.467472
-2.314417 13.710075
-2.219579 13.944098
-2.125688 14.169628
-2.032676 14.386748
-1.940482 14.595534
-1.849047 14.796058
-1.758314 14.988384
-1.668229 15.172574
-1.578741 15.348683
-1.489802 15.516764
-1.401363 15.676862
-1.313380 15.829023
-1.225809 15.973283
-1.138608 16.109679
-1.051735 16.238242
-0.965151 16.359000
-0.878817 16.471977
-0.792695 16.577194
-0.706749 16.674667
-0.620941 16.764413
-0.535237 16.846440
-0.449601 16.920757
-0.363997 16.987369
-0.278390 17.046277
-0.192747 17.097478
-0.107032 17.140969
-0.021211 17.176741
0.037740 17.109092
0.087740 17.009029
0.137740 16.908917
0.187740 16.808754
0.237740 16.708541
0.287740 16.608278
0.337740 16.507966
0.387740 16.407603
0.437740 16.307190
0.487740 16.206727
0.537740 16.106215
0.587740 16.005652
0.637740 15.905039
0.687740 15.804376
0.737740 15.703664
0.787740 15.602901
0.837740 15.502088
0.887740 15.401225
0.937740 15.300313
0.987740 15.199350
1.037740 15.098337
1.087740 14.997274
1.137740 14.896162
1.187740 14.794999
1.237740 14.693786
1.287740 14.592524
1.337740 14.491211
1.387740 14.389848
1.437740 14.288435
1.487740 14.186973
1.537740 14.085460
1.587740 13.983897
1.637740 13.882284
1.687740 13.780622
1.737740 13.678909
1.787740 13.577146
1.837740 13.475333
1.887740 13.373471
1.937740 13.271558
1.987740 13.169595
2.037740 13.067582
2.087740 12.965520
2.137740 12.863407
2.187740 12.761244
2.237740 12.659031
2.287740 12.556769
2.337740 12.454456
2.387740 12.352093
2.437740 12.249680
2.487740 12.147218
2.537740 12.044705
2.587740 11.942142
2.637740 11.839530
2.687740 11.736867
2.737740 11.634154
2.787740 11.531391
2.837740 11.428579
2.887740 11.325716
2.937740 11.222803
2.987740 11.119840
3.037740 11.016828
3.087740 10.913765
3.137740 10.810652
3.187740 10.707489
3.237740 10.604277
3.287740 10.501014
3.337740 10.397701
3.387740 10.294338
3.437740 10.190926
3.487740 10.087463
3.537740 9.983950
3.587740 9.880387
3.637740 9.776775
3.687740 9.673112
3.737740 9.569399
3.787740 9.465637
3.837740 9.361824
3.887740 9.257961
3.937740 9.154048
3.987740 9.050086
4.037740 8.946073
4.087740 8.842010
4.137740 8.737897
4.187740 8.633735
4.237740 8.529522
4.287740 8.425259
4.337740 8.320946
4.387740 8.216584
4.437740 8.112171
4.487740 8.007708
4.537740 7.903195
4.587740 7.798633
4.637740 7.694020
4.687740 7.589357
4.737740 7.484644
4.787740 7.379882
4.837740 7.275069
4.887740 7.170206
4.937740 7.065294
4.987740 6.960331
5.037740 6.855318
5.087740 6.750255
5.137740 6.645143
5.187740 6.539980
5.237740 6.434767
5.287740 6.329504
5.337740 6.224192
5.387740 6.118829
5.437740 6.013416
5.487740 5.907953
5.537740 5.802441
5.587740 5.696878
5.637740 5.591265
5.687740 5.485602
1.000000 1.000000
1.050000 0.898975
1.100000 0.797900
1.150000 0.696775
1.200000 0.595600
1.250000 0.494375
1.300000 0.393100
1.350000 0.291775
1.400000 0.190400
1.450000 0.088975
1.485271 -0.001936
1.415271 -0.016439
1.345271 -0.030241
1.275271 -0.043344
1.205271 -0.055747
1.135271 -0.067450
1.065271 -0.078452
0.995271 -0.088755
0.925271 -0.098358
0.855271 -0.107260
0.785271 -0.115463
0.715271 -0.122966
0.645271 -0.129769
0.575271 -0.135871
0.505271 -0.141274
0.435271 -0.145977
0.365271 -0.149979
0.295271 -0.153282
0.225271 -0.155885
0.155271 -0.157788
0.085271 -0.158990
0.015271 -0.159493
-0.054799 -0.159295
-0.124799 -0.158397
-0.194799 -0.156799
-0.264799 -0.154501
-0.334799 -0.151503
-0.404799 -0.147805
-0.474799 -0.143407
-0.544799 -0.138309
-0.614799 -0.132511
-0.684799 -0.126013
-0.754799 -0.118815
-0.824799 -0.110917
-0.894799 -0.102319
-0.964799 -0.093021
-1.034799 -0.083023
-1.104799 -0.072325
-1.174799 -0.060927
-1.244799 -0.048829
-1.314799 -0.036031
-1.384799 -0.022533
-1.454799 -0.008335
-1.489521 0.071432
-1.477748 0.234964
-1.465339 0.397408
-1.452306 0.558706
-1.438664 0.718804
-1.424425 0.877648
-1.409602 1.035183
-1.394208 1.191359
-1.378254 1.346124
-1.361755 1.499429
-1.344720 1.651224
-1.327164 1.801463
-1.309096 1.950098
-1.290529 2.097085
-1.271474 2.242379
-1.251943 2.385936
-1.231945 2.527714
-1.211492 2.667672
-1.190595 2.805769
-1.169263 2.941966
-1.147506 3.076224
-1.125336 3.208505
-1.102761 3.338772
-1.079791 3.466990
-1.056434 3.593123
-1.032702 3.717137
-1.008601 3.838998
-0.984142 3.958674
-0.959332 4.076133
-0.934180 4.191344
-0.908694 4.304276
-0.882883 4.414899
-0.856753 4.523185
-0.830313 4.629105
-0.803570 4.732632
-0.776532 4.833739
-0.749205 4.932400
-0.721597 5.028588
-0.693715 5.122279
-0.665564 5.213448
-0.637153 5.302073
-0.608486 5.388128
-0.579571 5.471593
-0.550413 5.552444
-0.521019 5.630660
-0.491394 5.706220
-0.461544 5.779104
-0.431474 5.849291
-0.401191 5.916763
-0.370699 5.981500
-0.340004 6.043483
-0.309110 6.102694
-0.278023 6.159117
-0.246747 6.212733
-0.215288 6.263526
-0.183650 6.311479
-0.151838 6.356577
-0.119855 6.398805
-0.087707 6.438146
-0.055398 6.474587
-0.022932 6.508113
0.014857 6.500324
0.064857 6.400285
0.114857 6.300195
0.164857 6.200055
0.214857 6.099865
0.264857 5.999625
0.314857 5.899335
0.364857 5.798995
0.414857 5.698606
0.464857 5.598166
0.514857 5.497676
0.564857 5.397136
0.614857 5.296546
0.664857 5.195906
0.714857 5.095216
0.764857 4.994477
0.814857 4.893687
0.864857 4.792847
0.914857 4.691957
0.964857 4.591017
1.014857 4.490027
1.064857 4.388987
1.114857 4.287898
1.164857 4.186758
1.214857 4.085568
1.264857 3.984328
1.314857 3.883038
1.364857 3.781698
1.414857 3.680308
1.464857 3.578869
1.514857 3.477379
1.564857 3.375839
1.614857 3.274249
1.664857 3.172609
1.714857 3.070919
1.764857 2.969179
1.814857 2.867390
1.864857 2.765550
1.914857 2.663660
1.964857 2.561720
2.014857 2.459730
2.064857 2.357690
2.114857 2.255600
2.164857 2.153461
2.214857 2.051271
2.264857 1.949031
2.314857 1.846741
2.364857 1.744401
2.414857 1.642011
2.464857 1.539571
2.514857 1.437082
2.564857 1.334542
2.614857 1.231952
2.664857 1.129312
2.714857 1.026622
2.764857 0.923882
2.814857 0.821092
2.864857 0.718253
2.914857 0.615363
2.964857 0.512423
3.014857 0.409433
3.064857 0.306393
3.114857 0.203303
3.164857 0.100163
3.211388 -0.001045
3.141388 -0.032809
3.071388 -0.063873
3.001388 -0.094237
2.931388 -0.123901
2.861388 -0.152865
2.791388 -0.181128
2.721388 -0.208692
2.651388 -0.235556
2.581388 -0.261720
2.511388 -0.287184
2.441388 -0.311948
2.371388 -0.336012
2.301388 -0.359376
2.231388 -0.382040
2.161388 -0.404003
2.091388 -0.425267
2.021388 -0.445831
1.951388 -0.465695
1.881388 -0.484859
1.811388 -0.503323
1.741388 -0.521087
1.671388 -0.538151
1.601388 -0.554514
1.531388 -0.570178
1.461388 -0.585142
1.391388 -0.599406
1.321388 -0.612970
1.251388 -0.625834
1.181388 -0.637998
1.111388 -0.649462
1.041388 -0.660226
0.971388 -0.670289
0.901388 -0.679653
0.831388 -0.688317
0.761388 -0.696281
0.691388 -0.703545
0.621388 -0.710109
0.551388 -0.715973
0.481388 -0.721137
0.411388 -0.725600
0.341388 -0.729364
0.271388 -0.732428
0.201388 -0.734792
0.131388 -0.736456
0.061388 -0.737420
-0.008682 -0.737684
-0.078682 -0.737247
-0.148682 -0.736110
-0.218682 -0.734273
-0.288682 -0.731736
-0.358682 -0.728500
-0.428682 -0.724563
-0.498682 -0.719926
-0.568682 -0.714589
-0.638682 -0.708552
-0.708682 -0.701816
-0.778682 -0.694379
-0.848682 -0.686242
-0.918682 -0.677405
-0.988682 -0.667868
-1.058682 -0.657631
-1.128682 -0.646695
-1.198682 -0.635058
-1.268682 -0.622721
-1.338682 -0.609684
-1.408682 -0.595947
-1.478682 -0.581511
-1.548682 -0.566374
-1.618682 -0.550537
-1.688682 -0.534000
-1.758682 -0.516763
-1.828682 -0.498826
-1.898682 -0.480190
-1.968682 -0.460853
-2.038682 -0.440816
-2.108682 -0.420079
-2.178682 -0.398642
-2.248682 -0.376506
-2.318682 -0.353669
-2.388682 -0.330132
-2.458682 -0.305895
-2.528682 -0.280958
-2.598682 -0.255321
-2.668682 -0.228985
-2.738682 -0.201948
-2.808682 -0.174211
-2.878682 -0.145774
-2.948682 -0.116637
-3.018682 -0.086801
-3.088682 -0.056264
-3.158682 -0.025027
-3.202659 0.068406
-3.151063 0.384323
-3.099523 0.695599
-3.048034 1.002239
-2.996593 1.304247
-2.945195 1.601627
-2.893834 1.894383
-2.842507 2.182518
-2.791209 2.466035
-2.739937 2.744936
-2.688686 3.019224
-2.637453 3.288900
-2.586234 3.553966
-2.535026 3.814423
-2.483825 4.070271
-2.432628 4.321511
-2.381432 4.568144
-2.330234 4.810169
-2.279030 5.047586
-2.227817 5.280394
-2.176593 5.508593
-2.125355 5.732180
-2.074099 5.951156
-2.022823 6.165518
-1.971525 6.375264
-1.920201 6.580391
-1.868848 6.780899
-1.817465 6.976783
-1.766048 7.168041
-1.714594 7.354671
-1.663102 7.536667
-1.611568 7.714028
-1.559989 7.886748
-1.508364 8.054824
-1.456688 8.218252
-1.404961 8.377027
-1.353178 8.531143
-1.301337 8.680597
-1.249436 8.825382
-1.197472 8.965494
-1.145441 9.100925
-1.093341 9.231671
-1.041169 9.357724
-0.988923 9.479079
-0.936598 9.595728
-0.884192 9.707664
-0.831702 9.814880
-0.779125 9.917368
-0.726457 10.015120
-0.673695 10.108128
-0.620836 10.196382
-0.567876 10.279875
-0.514811 10.358597
-0.461638 10.432538
-0.408353 10.501688
-0.354953 10.566038
-0.301432 10.625576
-0.247787 10.680292
-0.194013 10.730174
-0.140107 10.775210
-0.086064 10.815389
-0.031878 10.850697
0.020702 10.827881
0.070702 10.727835
0.120702 10.627740
0.170702 10.527594
0.220702 10.427398
0.270702 10.327153
0.320702 10.226857
0.370702 10.126511
0.420702 10.026116
0.470702 9.925670
0.520702 9.825174
0.570702 9.724628
0.620702 9.624033
0.670702 9.523387
0.720702 9.422691
0.770702 9.321946
0.820702 9.221150
0.870702 9.120304
0.920702 9.019409
0.970702 8.918463
1.020702 8.817467
1.070702 8.716421
1.120702 8.615326
1.170702 8.514180
1.220702 8.412984
1.270702 8.311739
1.320702 8.210443
1.370702 8.109097
1.420702 8.007702
1.470702 7.906256
1.520702 7.804760
1.570702 7.703214
1.620702 7.601619
1.670702 7.499973
1.720702 7.398277
1.770702 7.296532
1.820702 7.194736
1.870702 7.092890
1.920702 6.990994
1.970702 6.889049
2.020702 6.787053
2.070702 6.685007
2.120702 6.582912
2.170702 6.480766
2.220702 6.378570
2.270702 6.276325
2.320702 6.174029
2.370702 6.071683
2.420702 5.969287
2.470702 5.866842
2.520702 5.764346
2.570702 5.661800
2.620702 5.559205
2.670702 5.456559
2.720702 5.353863
2.770702 5.251118
2.820702 5.148322
2.870702 5.045476
2.920702 4.942580
2.970702 4.839635
3.020702 4.736639
3.070702 4.633593
3.120702 4.530498
3.170702 4.427352
3.220702 4.324156
3.270702 4.220911
3.320702 4.117615
3.370702 4.014269
3.420702 3.910873
3.470702 3.807428
3.520702 3.703932
3.570702 3.600386
3.620702 3.496791
3.670702 3.393145
3.720702 3.289449
3.770702 3.185704
3.820702 3.081908
3.870702 2.978062
3.920702 2.874166
3.970702 2.770221
4.020702 2.666225
4.070702 2.562179
4.120702 2.458084
4.170702 2.353938
4.220702 2.249742
4.270702 2.145496
4.320702 2.041201
4.370702 1.936855
4.420702 1.832459
4.470702 1.728014
4.520702 1.623518
4.570702 1.518972
4.620702 1.414377
4.670702 1.309731
4.720702 1.205035
4.770702 1.100289
4.820702 0.995494
4.870702 0.890648
4.920702 0.785752
4.970702 0.680807
5.020702 0.575811
5.070702 0.470765
5.120702 0.365670
5.170702 0.260524
5.220702 0.155328
5.270702 0.050082
5.257836 -0.027769
5.187836 -0.079997
5.117836 -0.131525
5.047836 -0.182354
4.977836 -0.232482
4.907836 -0.281910
4.837836 -0.330639
4.767836 -0.378667
4.697836 -0.425995
4.627836 -0.472624
4.557836 -0.518552
4.487836 -0.563781
4.417836 -0.608309
4.347836 -0.652137
4.277836 -0.695266
4.207836 -0.737694
4.137836 -0.779422
4.067836 -0.820451
3.997836 -0.860779
3.927836 -0.900407
3.857836 -0.939336
3.787836 -0.977564
3.717836 -1.015092
3.647836 -1.051921
3.577836 -1.088049
3.507836 -1.123477
3.437836 -1.158206
3.367836 -1.192234
3.297836 -1.225563
3.227836 -1.258191
3.157836 -1.290119
3.087836 -1.321348
3.017836 -1.351876
2.947836 -1.381704
2.877836 -1.410833
2.807836 -1.439261
2.737836 -1.466989
2.667836 -1.494018
2.597836 -1.520346
2.527836 -1.545974
2.457836 -1.570903
2.387836 -1.595131
2.317836 -1.618660
2.247836 -1.641488
2.177836 -1.663616
2.107836 -1.685045
2.037836 -1.705773
1.967836 -1.725801
1.897836 -1.745130
1.827836 -1.763758
1.757836 -1.781686
1.687836 -1.798915
1.617836 -1.815443
1.547836 -1.831271
1.477836 -1.846400
1.407836 -1.860828
1.337836 -1.874557
1.267836 -1.887585
1.197836 -1.899913
1.127836 -1.911542
1.057836 -1.922470
0.987836 -1.932698
0.917836 -1.942227
0.847836 -1.951055
0.777836 -1.959183
0.707836 -1.966612
0.637836 -1.973340
0.567836 -1.979368
0.497836 -1.984697
0.427836 -1.989325
0.357836 -1.993254
0.287836 -1.996482
0.217836 -1.999010
0.147836 -2.000839
0.077836 -2.001967
0.007836 -2.002395
-0.062234 -2.002123
-0.132234 -2.001151
-0.202234 -1.999478
-0.272234 -1.997106
-0.342234 -1.994034
-0.412234 -1.990261
-0.482234 -1.985789
-0.552234 -1.980617
-0.622234 -1.974744
-0.692234 -1.968172
-0.762234 -1.960900
-0.832234 -1.952927
-0.902234 -1.944255
-0.972234 -1.934883
-1.042234 -1.924810
-1.112234 -1.914038
-1.182234 -1.902566
-1.252234 -1.890393
-1.322234 -1.877521
-1.392234 -1.863949
-1.462234 -1.849676
-1.532234 -1.834704
-1.602234 -1.819031
-1.672234 -1.802659
-1.742234 -1.785587
-1.812234 -1.767814
-1.882234 -1.749342
-1.952234 -1.730170
-2.022234 -1.710297
-2.092234 -1.689725
-2.162234 -1.668453
-2.232234 -1.646480
-2.302234 -1.623808
-2.372234 -1.600436
-2.442234 -1.576363
-2.512234 -1.551591
-2.582234 -1.526119
-2.652234 -1.499946
-2.722234 -1.473074
-2.792234 -1.445502
-2.862234 -1.417229
-2.932234 -1.388257
-3.002234 -1.358585
-3.072234 -1.328212
-3.142234 -1.297140
-3.212234 -1.265368
-3.282234 -1.232895
-3.352234 -1.199723
-3.422234 -1.165851
-3.492234 -1.131278
-3.562234 -1.096006
-3.632234 -1.060034
-3.702234 -1.023361
-3.772234 -0.985989
-3.842234 -0.947916
-3.912234 -0.909144
-3.982234 -0.869672
-4.052234 -0.829499
-4.122234 -0.788627
-4.192234 -0.747055
-4.262234 -0.704782
-4.332234 -0.661810
-4.402234 -0.618138
-4.472234 -0.573765
-4.542234 -0.528693
-4.612234 -0.482921
-4.682234 -0.436448
-4.752234 -0.389276
-4.822234 -0.341404
-4.892234 -0.292831
-4.962234 -0.243559
-5.032234 -0.193587
-5.102234 -0.142914
-5.172234 -0.091542
-5.242234 -0.039470
-5.259739 0.126710
-5.123115 0.623904
-4.990922 1.109004
-4.862827 1.582393
-4.738531 2.044427
-4.617759 2.495434
-4.500260 2.935721
-4.385805 3.365572
-4.274184 3.785251
-4.165204 4.195005
-4.058688 4.595062
-3.954472 4.985638
-3.852405 5.366932
-3.752348 5.739131
-3.654171 6.102411
-3.557756 6.456934
-3.462990 6.802856
-3.369771 7.140319
-3.278002 7.469458
-3.187594 7.790400
-3.098464 8.103264
-3.010532 8.408160
-2.923725 8.705193
-2.837976 8.994462
-2.753219 9.276058
-2.669394 9.550069
-2.586443 9.816576
-2.504314 10.075654
-2.422954 10.327375
-2.342317 10.571807
-2.262357 10.809013
-2.183031 11.039050
-2.104297 11.261976
-2.026117 11.477840
-1.948455 11.686693
-1.871274 11.888577
-1.794542 12.083535
-1.718225 12.271607
-1.642292 12.452827
-1.566715 12.627230
-1.491465 12.794846
-1.416513 12.955703
-1.341834 13.109826
-1.267401 13.257240
-1.193190 13.397965
-1.119177 13.532020
-1.045337 13.659422
-0.971648 13.780186
-0.898087 13.894323
-0.824631 14.001844
-0.751261 14.102759
-0.677953 14.197073
-0.604687 14.284792
-0.531442 14.365917
-0.458196 14.440451
-0.384931 14.508392
-0.311624 14.569737
-0.238255 14.624483
-0.164805 14.672621
-0.091251 14.714144
-0.017573 14.749042
0.038162 14.680216
0.088162 14.580153
0.138162 14.480040
0.188162 14.379877
0.238162 14.279663
0.288162 14.179400
0.338162 14.079087
0.388162 13.978724
0.438162 13.878311
0.488162 13.777848
0.538162 13.677334
0.588162 13.576771
0.638162 13.476158
0.688162 13.375495
0.738162 13.274782
0.788162 13.174019
0.838162 13.073205
0.888162 12.972342
0.938162 12.871429
0.988162 12.770466
1.038162 12.669453
1.088162 12.568390
1.138162 12.467277
1.188162 12.366113
1.238162 12.264900
1.288162 12.163637
1.338162 12.062324
1.388162 11.960961
1.438162 11.859548
1.488162 11.758084
1.538162 11.656571
1.588162 11.555008
1.638162 11.453395
1.688162 11.351732
1.738162 11.250019
1.788162 11.148255
1.838162 11.046442
1.888162 10.944579
1.938162 10.842666
1.988162 10.740703
2.038162 10.638690
2.088162 10.536626
2.138162 10.434513
2.188162 10.332350
2.238162 10.230137
2.288162 10.127874
2.338162 10.025561
2.388162 9.923197
2.438162 9.820784
2.488162 9.718321
2.538162 9.615808
2.588162 9.513245
2.638162 9.410632
2.688162 9.307968
2.738162 9.205255
2.788162 9.102492
2.838162 8.999679
2.888162 8.896816
2.938162 8.793903
2.988162 8.690940
3.038162 8.587926
3.088162 8.484863
3.138162 8.381750
3.188162 8.278587
3.238162 8.175374
3.288162 8.072111
3.338162 7.968797
3.388162 7.865434
3.438162 7.762021
3.488162 7.658558
3.538162 7.555045
3.588162 7.451482
3.638162 7.347868
3.688162 7.244205
3.738162 7.140492
3.788162 7.036729
3.838162 6.932916
3.888162 6.829053
3.938162 6.725139
3.988162 6.621176
4.038162 6.517163
4.088162 6.413100
4.138162 6.308987
4.188162 6.204824
4.238162 6.100610
4.288162 5.996347
4.338162 5.892034
4.388162 5.787671
4.438162 5.683258
4.488162 5.578795
4.538162 5.474281
4.588162 5.369718
4.638162 5.265105
4.688162 5.160442
4.738162 5.055729
4.788162 4.950966
4.838162 4.846153
4.888162 4.741289
4.938162 4.636376
4.988162 4.531413
5.038162 4.426400
5.088162 4.321337
5.138162 4.216224
5.188162 4.111060
5.238162 4.005847
5.288162 3.900584
5.338162 3.795271
5.388162 3.689908
5.438162 3.584495
5.488162 3.479031
5.538162 3.373518
5.588162 3.267955
5.638162 3.162342
5.688162 3.056679
5.738162 2.950966
5.788162 2.845202
5.838162 2.739389
5.888162 2.633526
5.938162 2.527613
5.988162 2.421650
6.038162 2.315637
6.088162 2.209573
6.138162 2.103460
6.188162 1.997297
6.238162 1.891084
6.288162 1.784821
6.338162 1.678508
6.388162 1.572144
6.438162 1.465731
6.488162 1.359268
6.538162 1.252755
6.588162 1.146192
6.638162 1.039579
6.688162 0.932915
6.738162 0.826202
6.788162 0.719439
6.838162 0.612626
6.888162 0.505763
6.938162 0.398850
6.988162 0.291887
7.038162 0.184873
7.088162 0.077810
7.105389 -0.019568
7.035389 -0.090272
6.965389 -0.160276
6.895389 -0.229580
6.825389 -0.298184
6.755389 -0.366088
6.685389 -0.433292
6.615389 -0.499795
6.545389 -0.565599
6.475389 -0.630703
6.405389 -0.695107
6.335389 -0.758811
6.265389 -0.821815
6.195389 -0.884119
6.125389 -0.945723
6.055389 -1.006627
5.985389 -1.066831
5.915389 -1.126334
5.845389 -1.185138
5.775389 -1.243242
5.705389 -1.300646
5.635389 -1.357350
5.565389 -1.413354
5.495389 -1.468658
5.425389 -1.523262
5.355389 -1.577166
5.285389 -1.630369
5.215389 -1.682873
5.145389 -1.734677
5.075389 -1.785781
5.005389 -1.836185
4.935389 -1.885889
4.865389 -1.934893
4.795389 -1.983197
4.725389 -2.030801
4.655389 -2.077705
4.585389 -2.123908
4.515389 -2.169412
4.445389 -2.214216
4.375389 -2.258320
4.305389 -2.301724
4.235389 -2.344428
4.165389 -2.386432
4.095389 -2.427736
4.025389 -2.468340
3.955389 -2.508243
3.885389 -2.547447
3.815389 -2.585951
3.745389 -2.623755
3.675389 -2.660859
3.605389 -2.697263
3.535389 -2.732967
3.465389 -2.767971
3.395389 -2.802275
3.325389 -2.835879
3.255389 -2.868782
3.185389 -2.900986
3.115389 -2.932490
3.045389 -2.963294
2.975389 -2.993398
2.905389 -3.022802
2.835389 -3.051506
2.765389 -3.079510
2.695389 -3.106814
2.625389 -3.133417
2.555389 -3.159321
2.485389 -3.184525
2.415389 -3.209029
2.345389 -3.232833
2.275389 -3.255937
2.205389 -3.278341
2.135389 -3.300045
2.065389 -3.321049
1.995389 -3.341353
1.925389 -3.360956
1.855389 -3.379860
1.785389 -3.398064
1.715389 -3.415568
1.645389 -3.432372
1.575389 -3.448476
1.505389 -3.463880
1.435389 -3.478584
1.365389 -3.492588
1.295389 -3.505891
1.225389 -3.518495
1.155389 -3.530399
1.085389 -3.541603
1.015389 -3.552107
0.945389 -3.561911
0.875389 -3.571015
0.805389 -3.579419
0.735389 -3.587123
0.665389 -3.594127
0.595389 -3.600430
0.525389 -3.606034
0.455389 -3.610938
0.385389 -3.615142
0.315389 -3.618646
0.245389 -3.621450
0.175389 -3.623554
0.105389 -3.624958
0.035389 -3.625662
-0.034681 -3.625665
-0.104681 -3.624968
-0.174681 -3.623572
-0.244681 -3.621475
-0.314681 -3.618678
-0.384681 -3.615181
-0.454681 -3.610984
-0.524681 -3.606087
-0.594681 -3.600491
-0.664681 -3.594194
-0.734681 -3.587197
-0.804681 -3.579500
-0.874681 -3.571103
-0.944681 -3.562007
-1.014681 -3.552210
-1.084681 -3.541713
-1.154681 -3.530516
-1.224681 -3.518619
-1.294681 -3.506023
-1.364681 -3.492726
-1.434681 -3.478729
-1.504681 -3.464032
-1.574681 -3.448635
-1.644681 -3.432539
-1.714681 -3.415742
-1.784681 -3.398245
-1.854681 -3.380048
-1.924681 -3.361151
-1.994681 -3.341555
-2.064681 -3.321258
-2.134681 -3.300261
-2.204681 -3.278564
-2.274681 -3.256167
-2.344681 -3.233071
-2.414681 -3.209274
-2.484681 -3.184777
-2.554681 -3.159580
-2.624681 -3.133683
-2.694681 -3.107087
-2.764681 -3.079790
-2.834681 -3.051793
-2.904681 -3.023096
-2.974681 -2.993699
-3.044681 -2.963602
-3.114681 -2.932806
-3.184681 -2.901309
-3.254681 -2.869112
-3.324681 -2.836215
-3.394681 -2.802618
-3.464681 -2.768322
-3.534681 -2.733325
-3.604681 -2.697628
-3.674681 -2.661231
-3.744681 -2.624134
-3.814681 -2.586338
-3.884681 -2.547841
-3.954681 -2.508644
-4.024681 -2.468747
-4.094681 -2.428150
-4.164681 -2.386854
-4.234681 -2.344857
-4.304681 -2.302160
-4.374681 -2.258763
-4.444681 -2.214666
-4.514681 -2.169870
-4.584681 -2.124373
-4.654681 -2.078176
-4.724681 -2.031279
-4.794681 -1.983682
-4.864681 -1.935386
-4.934681 -1.886389
-5.004681 -1.836692
-5.074681 -1.786295
-5.144681 -1.735198
-5.214681 -1.683401
-5.284681 -1.630905
-5.354681 -1.577708
-5.424681 -1.523811
-5.494681 -1.469214
-5.564681 -1.413917
-5.634681 -1.357921
-5.704681 -1.301224
-5.774681 -1.243827
-5.844681 -1.185730
-5.914681 -1.126933
-5.984681 -1.067437
-6.054681 -1.007240
-6.124681 -0.946343
-6.194681 -0.884746
-6.264681 -0.822449
-6.334681 -0.759453
-6.404681 -0.695756
-6.474681 -0.631359
-6.544681 -0.566262
-6.614681 -0.500465
-6.684681 -0.433969
-6.754681 -0.366772
-6.824681 -0.298875
-6.894681 -0.230278
-6.964681 -0.160981
-7.034681 -0.090985
-7.104681 -0.020288
-6.946947 0.474136
-6.709871 1.118595
-6.485119 1.742282
-6.271512 2.346251
-6.068013 2.931457
3.000000 1.000000
3.050000 0.896975
3.100000 0.793900
3.150000 0.690775
3.200000 0.587600
3.250000 0.484375
3.300000 0.381100
3.350000 0.277775
3.400000 0.174400
3.450000 0.070975
3.462366 -0.011011
3.392366 -0.045285
3.322366 -0.078858
3.252366 -0.111732
3.182366 -0.143906
3.112366 -0.175379
3.042366 -0.206153
2.972366 -0.236227
2.902366 -0.265600
2.832366 -0.294274
2.762366 -0.322248
2.692366 -0.349521
2.622366 -0.376095
2.552366 -0.401969
2.482366 -0.427142
2.412366 -0.451616
2.342366 -0.475390
2.272366 -0.498463
2.202366 -0.520837
2.132366 -0.542511
2.062366 -0.563484
1.992366 -0.583758
1.922366 -0.603332
1.852366 -0.622205
1.782366 -0.640379
1.712366 -0.657852
1.642366 -0.674626
1.572366 -0.690700
1.502366 -0.706073
1.432366 -0.720747
1.362366 -0.734721
1.292366 -0.747994
1.222366 -0.760568
1.152366 -0.772442
1.082366 -0.783615
1.012366 -0.794089
0.942366 -0.803863
0.872366 -0.812936
0.802366 -0.821310
0.732366 -0.828984
0.662366 -0.835957
0.592366 -0.842231
0.522366 -0.847805
0.452366 -0.852678
0.382366 -0.856852
0.312366 -0.860326
0.242366 -0.863099
0.172366 -0.865173
0.102366 -0.866547
0.032366 -0.867220
-0.037704 -0.867194
-0.107704 -0.866467
-0.177704 -0.865040
-0.247704 -0.862912
-0.317704 -0.860085
-0.387704 -0.856558
-0.457704 -0.852331
-0.527704 -0.847404
-0.597704 -0.841777
-0.667704 -0.835450
-0.737704 -0.828423
-0.807704 -0.820696
-0.877704 -0.812269
-0.947704 -0.803142
-1.017704 -0.793315
-1.087704 -0.782788
-1.157704 -0.771561
-1.227704 -0.759634
-1.297704 -0.747007
-1.367704 -0.733680
-1.437704 -0.719653
-1.507704 -0.704926
-1.577704 -0.689499
-1.647704 -0.673372
-1.717704 -0.656545
-1.787704 -0.639018
-1.857704 -0.620791
-1.927704 -0.601864
-1.997704 -0.582236
-2.067704 -0.561909
-2.137704 -0.540882
-2.207704 -0.519155
-2.277704 -0.496728
-2.347704 -0.473601
-2.417704 -0.449774
-2.487704 -0.425247
-2.557704 -0.400020
-2.627704 -0.374093
-2.697704 -0.347466
-2.767704 -0.320139
-2.837704 -0.292112
-2.907704 -0.263385
-2.977704 -0.233958
-3.047704 -0.203831
-3.117704 -0.173004
-3.187704 -0.141477
-3.257704 -0.109250
-3.327704 -0.076323
-3.397704 -0.042696
-3.467704 -0.008369
-3.438642 0.259355
-3.378411 0.596119
-3.318537 0.927479
-3.259002 1.253466
-3.199786 1.574109
-3.140869 1.889437
-3.082235 2.199474
-3.023867 2.504247
-2.965750 2.803778
-2.907868 3.098089
-2.850207 3.387201
-2.792755 3.671132
-2.735497 3.949902
-2.678422 4.223527
-2.621518 4.492023
-2.564775 4.755405
-2.508180 5.013687
-2.451725 5.266882
-2.395399 5.515002
-2.339192 5.758057
-2.283097 5.996060
-2.227104 6.229018
-2.171204 6.456941
-2.115390 6.679837
-2.059654 6.897714
-2.003989 7.110577
-1.948387 7.318434
-1.892840 7.521288
-1.837343 7.719146
-1.781888 7.912011
-1.726469 8.099887
-1.671080 8.282777
-1.615715 8.460682
-1.560366 8.633606
-1.505029 8.801549
-1.449698 8.964511
-1.394366 9.122494
-1.339028 9.275497
-1.283679 9.423519
-1.228313 9.566559
-1.172924 9.704614
-1.117507 9.837684
-1.062057 9.965765
-1.006568 10.088853
-0.951035 10.206946
-0.895452 10.320038
-0.839815 10.428126
-0.784116 10.531203
-0.728352 10.629265
-0.672517 10.722304
-0.616605 10.810315
-0.560610 10.893291
-0.504527 10.971222
-0.448350 11.044103
-0.392074 11.111922
-0.335692 11.174673
-0.279198 11.232344
-0.222587 11.284925
-0.165851 11.332406
-0.108986 11.374774
-0.051983 11.412019
0.004570 11.432444
0.054570 11.332415
0.104570 11.232335
0.154570 11.132205
0.204570 11.032026
0.254570 10.931796
0.304570 10.831517
0.354570 10.731187
0.404570 10.630808
0.454570 10.530378
0.504570 10.429898
0.554570 10.329369
0.604570 10.228789
0.654570 10.128160
0.704570 10.027480
0.754570 9.926751
0.804570 9.825971
0.854570 9.725141
0.904570 9.624262
0.954570 9.523332
1.004570 9.422353
1.054570 9.321323
1.104570 9.220244
1.154570 9.119114
1.204570 9.017934
1.254570 8.916705
1.304570 8.815425
1.354570 8.714096
1.404570 8.612716
1.454570 8.511287
1.504570 8.409807
1.554570 8.308277
1.604570 8.206698
1.654570 8.105068
1.704570 8.003389
1.754570 7.901659
1.804570 7.799880
1.854570 7.698050
1.904570 7.596170
1.954570 7.494241
2.004570 7.392261
2.054570 7.290232
2.104570 7.188152
2.154570 7.086023
2.204570 6.983843
2.254570 6.881613
2.304570 6.779334
2.354570 6.677004
2.404570 6.574625
2.454570 6.472195
2.504570 6.369716
2.554570 6.267186
2.604570 6.164606
2.654570 6.061977
2.704570 5.959297
2.754570 5.856568
2.804570 5.753788
2.854570 5.650959
2.904570 5.548079
2.954570 5.445150
3.004570 5.342170
3.054570 5.239140
3.104570 5.136061
3.154570 5.032931
3.204570 4.929752
3.254570 4.826522
3.304570 4.723243
3.354570 4.619913
3.404570 4.516533
3.454570 4.413104
3.504570 4.309624
3.554570 4.206095
3.604570 4.102515
3.654570 3.998886
3.704570 3.895206
3.754570 3.791476
3.804570 3.687697
3.854570 3.583867
3.904570 3.479988
3.954570 3.376058
4.004570 3.272079
4.054570 3.168049
4.104570 3.063969
4.154570 2.959840
4.204570 2.855660
4.254570 2.751431
4.304570 2.647151
4.354570 2.542822
4.404570 2.438442
4.454570 2.334012
4.504570 2.229533
4.554570 2.125003
4.604570 2.020424
4.654570 1.915794
4.704570 1.811115
4.754570 1.706385
4.804570 1.601605
4.854570 1.496776
4.904570 1.391896
4.954570 1.286967
5.004570 1.181987
5.054570 1.076958
5.104570 0.971878
5.154570 0.866748
5.204570 0.761569
5.254570 0.656339
5.304570 0.551060
5.354570 0.445730
5.404570 0.340351
5.454570 0.234921
5.504570 0.129441
5.554570 0.023912
5.511803 -0.042947
5.441803 -0.097715
5.371803 -0.151784
5.301803 -0.205152
5.231803 -0.257820
5.161803 -0.309788
5.091803 -0.361056
5.021803 -0.411624
4.951803 -0.461492
4.881803 -0.510660
4.811803 -0.559128
4.741803 -0.606896
4.671803 -0.653964
4.601803 -0.700332
4.531803 -0.746000
4.461803 -0.790968
4.391803 -0.835236
4.321803 -0.878804
4.251803 -0.921672
4.181803 -0.963840
4.111803 -1.005308
4.041803 -1.046076
3.971803 -1.086144
3.901803 -1.125512
3.831803 -1.164180
3.761803 -1.202148
3.691803 -1.239416
3.621803 -1.275984
3.551803 -1.311852
3.481803 -1.347020
3.411803 -1.381488
3.341803 -1.415256
3.271803 -1.448324
3.201803 -1.480692
3.131803 -1.512360
3.061803 -1.543328
2.991803 -1.573596
2.921803 -1.603165
2.851803 -1.632033
2.781803 -1.660201
2.711803 -1.687669
2.641803 -1.714437
2.571803 -1.740505
2.501803 -1.765873
2.431803 -1.790541
2.361803 -1.814509
2.291803 -1.837777
2.221803 -1.860345
2.151803 -1.882213
2.081803 -1.903381
2.011803 -1.923849
1.941803 -1.943617
1.871803 -1.962685
1.801803 -1.981053
1.731803 -1.998721
1.661803 -2.015689
1.591803 -2.031957
1.521803 -2.047525
1.451803 -2.062393
1.381803 -2.076561
1.311803 -2.090029
1.241803 -2.102797
1.171803 -2.114865
1.101803 -2.126233
1.031803 -2.136901
0.961803 -2.146869
0.891803 -2.156137
0.821803 -2.164705
0.751803 -2.172573
0.681803 -2.179741
0.611803 -2.186209
0.541803 -2.191977
0.471803 -2.197046
0.401803 -2.201414
0.331803 -2.205082
0.261803 -2.208050
0.191803 -2.210318
0.121803 -2.211886
0.051803 -2.212754
-0.018267 -2.212922
-0.088267 -2.212389
-0.158267 -2.211156
-0.228267 -2.209224
-0.298267 -2.206591
-0.368267 -2.203258
-0.438267 -2.199226
-0.508267 -2.194493
-0.578267 -2.189060
-0.648267 -2.182927
-0.718267 -2.176095
-0.788267 -2.168562
-0.858267 -2.160329
-0.928267 -2.151397
-0.998267 -2.141764
-1.068267 -2.131431
-1.138267 -2.120399
-1.208267 -2.108666
-1.278267 -2.096233
-1.348267 -2.083101
-1.418267 -2.069268
-1.488267 -2.054735
-1.558267 -2.039503
-1.628267 -2.023570
-1.698267 -2.006937
-1.768267 -1.989605
-1.838267 -1.971572
-1.908267 -1.952839
-1.978267 -1.933407
-2.048267 -1.913274
-2.118267 -1.892441
-2.188267 -1.870909
-2.258267 -1.848676
-2.328267 -1.825743
-2.398267 -1.802111
-2.468267 -1.777778
-2.538267 -1.752745
-2.608267 -1.727013
-2.678267 -1.700580
-2.748267 -1.673447
-2.818267 -1.645615
-2.888267 -1.617082
-2.958267 -1.587849
-3.028267 -1.557917
-3.098267 -1.527284
-3.168267 -1.495951
-3.238267 -1.463919
-3.308267 -1.431186
-3.378267 -1.397753
-3.448267 -1.363621
-3.518267 -1.328788
-3.588267 -1.293255
-3.658267 -1.257023
-3.728267 -1.220090
-3.798267 -1.182457
-3.868267 -1.144125
-3.938267 -1.105092
-4.008267 -1.065359
-4.078267 -1.024927
-4.148267 -0.983794
-4.218267 -0.941961
-4.288267 -0.899429
-4.358267 -0.856196
-4.428267 -0.812263
-4.498267 -0.767631
-4.568267 -0.722298
-4.638267 -0.676265
-4.708267 -0.629533
-4.778267 -0.582100
-4.848267 -0.533967
-4.918267 -0.485135
-4.988267 -0.435602
-5.058267 -0.385369
-5.128267 -0.334437
-5.198267 -0.282804
-5.268267 -0.230471
-5.338267 -0.177439
-5.408267 -0.123706
-5.478267 -0.069273
-5.548267 -0.014140
-5.452281 0.392067
-5.304412 0.906078
-5.161712 1.407016
-5.023782 1.895329
-4.890260 2.371429
-4.760817 2.835698
-4.635154 3.288490
-4.512999 3.730131
-4.394102 4.160927
-4.278236 4.581161
-4.165191 4.991095
-4.054775 5.390974
-3.946813 5.781028
-3.841140 6.161469
-3.737606 6.532497
-3.636073 6.894298
-3.536412 7.247046
-3.438502 7.590905
-3.342234 7.926026
-3.247503 8.252553
-3.154215 8.570620
-3.062278 8.880352
-2.971609 9.181868
-2.882129 9.475277
-2.793765 9.760684
-2.706449 10.038186
-2.620114 10.307875
-2.534700 10.569835
-2.450150 10.824147
-2.366409 11.070886
-2.283426 11.310123
-2.201151 11.541924
-2.119541 11.766350
-2.038549 11.983460
-1.958136 12.193306
-1.878260 12.395940
-1.798885 12.591408
-1.719975 12.779753
-1.641493 12.961016
-1.563409 13.135234
-1.485688 13.302441
-1.408301 13.462668
-1.331219 13.615944
-1.254411 13.762296
-1.177851 13.901746
-1.101511 14.034315
-1.025366 14.160024
-0.949389 14.278886
-0.873555 14.390918
-0.797841 14.496130
-0.722221 14.594532
-0.646671 14.686132
-0.571170 14.770934
-0.495692 14.848943
-0.420216 14.920159
-0.344717 14.984581
-0.269174 15.042207
-0.193563 15.093030
-0.117861 15.137045
-0.042046 15.174242
0.022385 15.147312
0.072385 15.047264
0.122385 14.947167
0.172385 14.847020
0.222385 14.746822
0.272385 14.646575
0.322385 14.546278
0.372385 14.445930
0.422385 14.345533
0.472385 14.245085
0.522385 14.144588
0.572385 14.044041
0.622385 13.943443
0.672385 13.842796
0.722385 13.742098
0.772385 13.641351
0.822385 13.540554
0.872385 13.439706
0.922385 13.338809
0.972385 13.237862
1.022385 13.136864
1.072385 13.035817
1.122385 12.934719
1.172385 12.833572
1.222385 12.732375
1.272385 12.631127
1.322385 12.529830
1.372385 12.428482
1.422385 12.327085
1.472385 12.225638
1.522385 12.124140
1.572385 12.022593
1.622385 11.920996
1.672385 11.819348
1.722385 11.717651
1.772385 11.615903
1.822385 11.514106
1.872385 11.412259
1.922385 11.310361
1.972385 11.208414
2.022385 11.106416
2.072385 11.004369
2.122385 10.902272
2.172385 10.800124
2.222385 10.697927
2.272385 10.595680
2.322385 10.493382
2.372385 10.391035
2.422385 10.288637
2.472385 10.186190
2.522385 10.083693
2.572385 9.981145
2.622385 9.878548
2.672385 9.775900
2.722385 9.673203
2.772385 9.570456
2.822385 9.467658
2.872385 9.364811
2.922385 9.261914
2.972385 9.158966
3.022385 9.055969
3.072385 8.952921
3.122385 8.849824
3.172385 8.746677
3.222385 8.643479
3.272385 8.540232
3.322385 8.436934
3.372385 8.333587
3.422385 8.230190
3.472385 8.126742
3.522385 8.023245
3.572385 7.919698
3.622385 7.816100
3.672385 7.712453
3.722385 7.608755
3.772385 7.505008
3.822385 7.401211
3.872385 7.297363
3.922385 7.193466
3.972385 7.089518
4.022385 6.985521
4.072385 6.881474
4.122385 6.777376
4.172385 6.673229
4.222385 6.569032
4.272385 6.464784
4.322385 6.360487
4.372385 6.256139
4.422385 6.151742
4.472385 6.047295
4.522385 5.942797
4.572385 5.838250
4.622385 5.733652
4.672385 5.629005
4.722385 5.524308
4.772385 5.419560
4.822385 5.314763
4.872385 5.209916
4.922385 5.105018
4.972385 5.000071
5.022385 4.895073
5.072385 4.790026
5.122385 4.684929
5.172385 4.579781
5.222385 4.474584
5.272385 4.369336
5.322385 4.264039
5.372385 4.158692
5.422385 4.053294
5.472385 3.947847
5.522385 3.842350
5.572385 3.736802
5.622385 3.631205
5.672385 3.525557
5.722385 3.419860
5.772385 3.314113
5.822385 3.208315
5.872385 3.102468
5.922385 2.996570
5.972385 2.890623
6.022385 2.784626
6.072385 2.678578
6.122385 2.572481
6.172385 2.466334
6.222385 2.360136
6.272385 2.253889
6.322385 2.147591
6.372385 2.041244
6.422385 1.934847
6.472385 1.828399
6.522385 1.721902
6.572385 1.615354
6.622385 1.508757
6.672385 1.402110
6.722385 1.295412
6.772385 1.188665
6.822385 1.081868
6.872385 0.975020
6.922385 0.868123
6.972385 0.761175
7.022385 0.654178
7.072385 0.547131
7.122385 0.440033
7.172385 0.332886
7.222385 0.225688
7.272385 0.118441
7.322385 0.011144
7.264895 -0.065494
7.194895 -0.137793
7.124895 -0.209392
7.054895 -0.280291
6.984895 -0.350490
6.914895 -0.419989
6.844895 -0.488788
6.774895 -0.556887
6.704895 -0.624286
6.634895 -0.690985
6.564895 -0.756984
6.494895 -0.822283
6.424895 -0.886882
6.354895 -0.950780
6.284895 -1.013979
6.214895 -1.076478
6.144895 -1.138277
6.074895 -1.199376
6.004895 -1.259775
5.934895 -1.319474
5.864895 -1.378473
5.794895 -1.436772
5.724895 -1.494371
5.654895 -1.551270
5.584895 -1.607469
5.514895 -1.662968
5.444895 -1.717767
5.374895 -1.771866
5.304895 -1.825265
5.234895 -1.877964
5.164895 -1.929963
5.094895 -1.981261
5.024895 -2.031860
4.954895 -2.081759
4.884895 -2.130958
4.814895 -2.179457
4.744895 -2.227256
4.674895 -2.274355
4.604895 -2.320754
4.534895 -2.366453
4.464895 -2.411452
4.394895 -2.455751
4.324895 -2.499350
4.254895 -2.542249
4.184895 -2.584448
4.114895 -2.625947
4.044895 -2.666746
3.974895 -2.706845
3.904895 -2.746244
3.834895 -2.784943
3.764895 -2.822941
3.694895 -2.860240
3.624895 -2.896839
3.554895 -2.932738
3.484895 -2.967937
3.414895 -3.002436
3.344895 -3.036235
3.274895 -3.069334
3.204895 -3.101733
3.134895 -3.133432
3.064895 -3.164431
2.994895 -3.194730
2.924895 -3.224329
2.854895 -3.253228
2.784895 -3.281427
2.714895 -3.308926
2.644895 -3.335725
2.574895 -3.361824
2.504895 -3.387222
2.434895 -3.411921
2.364895 -3.435920
2.294895 -3.459219
2.224895 -3.481818
2.154895 -3.503717
2.084895 -3.524916
2.014895 -3.545415
1.944895 -3.565214
1.874895 -3.584313
1.804895 -3.602712
1.734895 -3.620411
1.664895 -3.637410
1.594895 -3.653709
1.524895 -3.669308
1.454895 -3.684207
1.384895 -3.698406
1.314895 -3.711905
1.244895 -3.724703
1.174895 -3.736802
1.104895 -3.748201
1.034895 -3.758900
0.964895 -3.768899
0.894895 -3.778198
0.824895 -3.786797
0.754895 -3.794696
0.684895 -3.801895
0.614895 -3.808394
0.544895 -3.814193
0.474895 -3.819292
0.404895 -3.823691
0.334895 -3.827390
0.264895 -3.830389
0.194895 -3.832688
0.124895 -3.834287
0.054895 -3.835186
-0.015175 -3.835384
-0.085175 -3.834883
-0.155175 -3.833681
-0.225175 -3.831779
-0.295175 -3.829177
-0.365175 -3.825876
-0.435175 -3.821874
-0.505175 -3.817172
-0.575175 -3.811770
-0.645175 -3.805669
-0.715175 -3.798867
-0.785175 -3.791365
-0.855175 -3.783163
-0.925175 -3.774262
-0.995175 -3.764660
-1.065175 -3.754358
-1.135175 -3.743356
-1.205175 -3.731655
-1.275175 -3.719253
-1.345175 -3.706151
-1.415175 -3.692349
-1.485175 -3.677848
-1.555175 -3.662646
-1.625175 -3.646744
-1.695175 -3.630142
-1.765175 -3.612841
-1.835175 -3.594839
-1.905175 -3.576137
-1.975175 -3.556735
-2.045175 -3.536634
-2.115175 -3.515832
-2.185175 -3.494330
-2.255175 -3.472128
-2.325175 -3.449226
-2.395175 -3.425625
-2.465175 -3.401323
-2.535175 -3.376321
-2.605175 -3.350619
-2.675175 -3.324218
-2.745175 -3.297116
-2.815175 -3.269314
-2.885175 -3.240812
-2.955175 -3.211611
-3.025175 -3.181709
-3.095175 -3.151107
-3.165175 -3.119805
-3.235175 -3.087804
-3.305175 -3.055102
-3.375175 -3.021700
-3.445175 -2.987598
-3.515175 -2.952797
-3.585175 -2.917295
-3.655175 -2.881093
-3.725175 -2.844191
-3.795175 -2.806590
-3.865175 -2.768288
-3.935175 -2.729286
-4.005175 -2.689584
-4.075175 -2.649183
-4.145175 -2.608081
-4.215175 -2.566279
-4.285175 -2.523777
-4.355175 -2.480576
-4.425175 -2.436674
-4.495175 -2.392072
-4.565175 -2.346770
-4.635175 -2.300769
-4.705175 -2.254067
-4.775175 -2.206665
-4.845175 -2.158563
-4.915175 -2.109762
-4.985175 -2.060260
-5.055175 -2.010058
-5.125175 -1.959156
-5.195175 -1.907555
-5.265175 -1.855253
-5.335175 -1.802251
-5.405175 -1.748549
-5.475175 -1.694148
-5.545175 -1.639046
-5.615175 -1.583244
-5.685175 -1.526742
-5.755175 -1.469541
-5.825175 -1.411639
-5.895175 -1.353037
-5.965175 -1.293735
-6.035175 -1.233734
-6.105175 -1.173032
-6.175175 -1.111630
-6.245175 -1.049528
-6.315175 -0.986727
-6.385175 -0.923225
-6.455175 -0.859023
-6.525175 -0.794121
-6.595175 -0.728519
-6.665175 -0.662218
-6.735175 -0.595216
-6.805175 -0.527514
-6.875175 -0.459112
-6.945175 -0.390011
-7.015175 -0.320209
-7.085175 -0.249707
-7.155175 -0.178505
-7.225175 -0.106604
-7.295175 -0.034002
-7.186451 0.365501
-6.933783 1.030803
-6.694887 1.673995
-6.468406 2.296255
-6.253150 2.898645
-6.048072 3.482127
-5.852247 4.047575
-5.664851 4.595784
-5.485153 5.127479
-5.312501 5.643323
-5.146309 6.143923
-4.986051 6.629837
-4.831254 7.101576
-4.681490 7.559613
-4.536371 8.004384
-4.395547 8.436289
-4.258698 8.855701
-4.125533 9.262965
-3.995784 9.658400
-3.869208 10.042301
-3.745582 10.414946
-3.624699 10.776588
-3.506371 11.127468
-3.390422 11.467806
-3.276691 11.797810
-3.165029 12.117673
-3.055296 12.427574
-2.947363 12.727680
-2.841111 13.018149
-2.736426 13.299127
-2.633205 13.570750
-2.531350 13.833145
-2.430767 14.086431
-2.331371 14.330719
-2.233081 14.566111
-2.135819 14.792704
-2.039513 15.010587
-1.944094 15.219843
-1.849498 15.420549
-1.755662 15.612775
-1.662528 15.796589
-1.570038 15.972050
-1.478139 16.139214
-1.386780 16.298131
-1.295910 16.448849
-1.205482 16.591408
-1.115449 16.725847
-1.025767 16.852200
-0.936391 16.970494
-0.847279 17.080758
-0.758391 17.183011
-0.669684 17.277274
-0.581120 17.363559
-0.492659 17.441878
-0.404261 17.512239
-0.315889 17.574646
-0.227504 17.629099
-0.139068 17.675595
-0.050542 17.714128
0.021573 17.689591
0.071573 17.589545
0.121573 17.489448
0.171573 17.389302
0.221573 17.289105
0.271573 17.188859
0.321573 17.088562
0.371573 16.988215
0.421573 16.887819
0.471573 16.787372
0.521573 16.686876
0.571573 16.586329
0.621573 16.485733
0.671573 16.385086
0.721573 16.284389
0.771573 16.183643
0.821573 16.082846
0.871573 15.982000
0.921573 15.881103
0.971573 15.780156
1.021573 15.679160
1.071573 15.578113
1.121573 15.477017
1.171573 15.375870
1.221573 15.274674
1.271573 15.173427
1.321573 15.072130
1.371573 14.970784
1.421573 14.869387
1.471573 14.767941
1.521573 14.666444
1.571573 14.564898
1.621573 14.463301
1.671573 14.361654
1.721573 14.259958
1.771573 14.158211
1.821573 14.056415
1.871573 13.954568
1.921573 13.852672
1.971573 13.750725
2.021573 13.648728
2.071573 13.546682
2.121573 13.444585
2.171573 13.342439
2.221573 13.240242
2.271573 13.137996
2.321573 13.035699
2.371573 12.933352
2.421573 12.830956
2.471573 12.728509
2.521573 12.626013
2.571573 12.523466
2.621573 12.420870
2.671573 12.318223
2.721573 12.215526
2.771573 12.112780
2.821573 12.009983
2.871573 11.907137
2.921573 11.804240
2.971573 11.701294
3.021573 11.598297
3.071573 11.495250
3.121573 11.392154
3.171573 11.289007
3.221573 11.185811
3.271573 11.082564
3.321573 10.979268
3.371573 10.875921
3.421573 10.772524
3.471573 10.669078
3.521573 10.565581
3.571573 10.462035
3.621573 10.358438
3.671573 10.254792
3.721573 10.151095
3.771573 10.047348
3.821573 9.943552
3.871573 9.839705
3.921573 9.735809
3.971573 9.631862
4.021573 9.527866
4.071573 9.423819
4.121573 9.319722
4.171573 9.215576
