0.000000 2.000000
0.015998 1.999640
0.031980 1.998560
0.047934 1.996762
0.063843 1.994247
0.079694 1.991017
0.095473 1.987076
0.111165 1.982426
0.126756 1.977072
0.142233 1.971020
0.157583 1.964273
0.172793 1.956839
0.187850 1.948724
0.202743 1.939935
0.217460 1.930480
0.231990 1.920367
0.246322 1.909604
0.260447 1.898201
0.274356 1.886167
0.288038 1.873512
0.301487 1.860247
0.314695 1.846382
0.327654 1.831928
0.340358 1.816897
0.352801 1.801300
0.364979 1.785149
0.376887 1.768456
0.388522 1.751233
0.399879 1.733493
0.410956 1.715248
0.421753 1.696511
0.432266 1.677295
0.442496 1.657611
0.452443 1.637474
0.462106 1.616896
0.471487 1.595889
0.480587 1.574466
0.489409 1.552640
0.497955 1.530424
0.506228 1.507828
0.514232 1.484867
0.521970 1.461551
0.529446 1.437894
0.536666 1.413905
0.543634 1.389598
0.550356 1.364982
0.556838 1.340069
0.563085 1.314870
0.569104 1.289395
0.574901 1.263654
0.580482 1.237657
0.585856 1.211414
0.591028 1.184933
0.596006 1.158224
0.600798 1.131295
0.605410 1.104155
0.609850 1.076811
0.614126 1.049271
0.618245 1.021542
0.622215 0.993631
0.626043 0.965545
0.629737 0.937289
0.633305 0.908870
0.636753 0.880294
0.640090 0.851564
0.643323 0.822687
0.646459 0.793667
0.649504 0.764507
0.652467 0.735212
0.655353 0.705786
0.658170 0.676232
0.660924 0.646552
0.663622 0.616749
0.666269 0.586827
0.668871 0.556786
0.671435 0.526629
0.673965 0.496357
0.676468 0.465972
0.678948 0.435475
0.681410 0.404867
0.683858 0.374149
0.686297 0.343320
0.688731 0.312382
0.691164 0.281334
0.693598 0.250177
0.696038 0.218911
0.698486 0.187534
0.700944 0.156047
0.703415 0.124449
0.704842 0.094216
0.702369 0.069590
0.699911 0.045050
0.697470 0.020596
0.695047 -0.003773
0.692640 -0.028058
0.690249 -0.052258
0.687874 -0.076375
0.685514 -0.100410
0.683168 -0.124362
0.680835 -0.148232
0.678513 -0.172020
0.676200 -0.195728
0.673895 -0.219354
0.671595 -0.242900
0.669297 -0.266366
0.667001 -0.289751
0.664702 -0.313056
0.662397 -0.336280
0.660085 -0.359424
0.657761 -0.382486
0.655421 -0.405467
0.653064 -0.428365
0.650684 -0.451181
0.648277 -0.473913
0.645841 -0.496560
0.643370 -0.519121
0.640861 -0.541595
0.638308 -0.563981
0.635709 -0.586276
0.633057 -0.608480
0.630348 -0.630590
0.627577 -0.652604
0.624740 -0.674519
0.621831 -0.696335
0.618846 -0.718047
0.615778 -0.739653
0.612624 -0.761150
0.609378 -0.782535
0.606034 -0.803805
0.602587 -0.824957
0.599032 -0.845985
0.595364 -0.866888
0.591577 -0.887659
0.587666 -0.908296
0.583626 -0.928794
0.579451 -0.949149
0.575136 -0.969354
0.570676 -0.989407
0.566066 -1.009300
0.561301 -1.029029
0.556376 -1.048589
0.551286 -1.067974
0.546027 -1.087177
0.540593 -1.106194
0.534981 -1.125017
0.529187 -1.143640
0.523205 -1.162058
0.517033 -1.180262
0.510666 -1.198248
0.504101 -1.216007
0.497335 -1.233532
0.490365 -1.250818
0.483188 -1.267855
0.475801 -1.284638
0.468203 -1.301159
0.460391 -1.317410
0.452364 -1.333384
0.444121 -1.349073
0.435660 -1.364470
0.426981 -1.379567
0.418083 -1.394356
0.408967 -1.408830
0.399633 -1.422981
0.390082 -1.436802
0.380315 -1.450284
0.370334 -1.463421
0.360140 -1.476205
0.349736 -1.488629
0.339125 -1.500684
0.328309 -1.512365
0.317293 -1.523664
0.306081 -1.534573
0.294675 -1.545087
0.283082 -1.555198
0.271307 -1.564901
0.259354 -1.574188
0.247231 -1.583054
0.234942 -1.591492
0.222495 -1.599498
0.209896 -1.607065
0.197154 -1.614189
0.184275 -1.620864
0.171267 -1.627086
0.158139 -1.632851
0.144899 -1.638155
0.131555 -1.642993
0.118118 -1.647363
0.104595 -1.651260
0.090997 -1.654683
0.077333 -1.657629
0.063612 -1.660096
0.049845 -1.662082
0.036041 -1.663585
0.022211 -1.664604
0.008365 -1.665139
-0.005487 -1.665190
-0.019336 -1.664755
-0.033170 -1.663836
-0.046980 -1.662434
-0.060755 -1.660548
-0.074487 -1.658181
0.000000 3.000000
0.053983 2.998785
0.107864 2.995143
0.161542 2.989080
0.214917 2.980609
0.267891 2.969744
0.320369 2.956506
0.372258 2.940920
0.423470 2.923013
0.473921 2.902819
0.523531 2.880373
0.572226 2.855715
0.619938 2.828887
0.666603 2.799936
0.712166 2.768909
0.756575 2.735858
0.799787 2.700836
0.841765 2.663896
0.882479 2.625096
0.921906 2.584492
0.960027 2.542144
0.996834 2.498110
1.032322 2.452449
1.066494 2.405220
1.099358 2.356484
1.130928 2.306297
1.161224 2.254719
1.190271 2.201806
1.218099 2.147613
1.244742 2.092195
1.270239 2.035604
1.294632 1.977890
1.317966 1.919103
1.340291 1.859288
1.361657 1.798491
1.382119 1.736753
1.401733 1.674113
1.420555 1.610608
1.438644 1.546274
1.456060 1.481141
1.472863 1.415238
1.489112 1.348591
1.504868 1.281225
1.520191 1.213160
1.535139 1.144413
1.549772 1.075002
1.564145 1.004938
1.578315 0.934232
1.592335 0.862892
1.606257 0.790923
1.620131 0.718329
1.634003 0.645111
1.647919 0.571268
1.643927 0.507918
1.630853 0.450609
1.617887 0.393757
1.605051 0.337356
1.592361 0.281401
1.579832 0.225888
1.567474 0.170811
1.555294 0.116163
1.543295 0.061938
1.531477 0.008130
1.519839 -0.045267
1.508376 -0.098260
1.497079 -0.150855
1.485939 -0.203058
1.474944 -0.254873
1.464080 -0.306305
1.453331 -0.357360
1.442678 -0.408040
1.432103 -0.458348
1.421584 -0.508287
1.411098 -0.557859
1.400622 -0.607064
1.390130 -0.655903
1.379595 -0.704373
1.368991 -0.752474
1.358288 -0.800201
1.347457 -0.847552
1.336468 -0.894521
1.325291 -0.941103
1.313893 -0.987289
1.302243 -1.033072
1.290309 -1.078443
1.278057 -1.123390
1.265457 -1.167903
1.252475 -1.211968
1.239078 -1.255571
1.225235 -1.298698
1.210913 -1.341332
1.196082 -1.383456
1.180710 -1.425052
1.164767 -1.466099
1.148225 -1.506578
1.131056 -1.546468
1.113233 -1.585745
1.094730 -1.624386
1.075524 -1.662367
1.055592 -1.699664
1.034914 -1.736250
1.013472 -1.772099
0.991248 -1.807184
0.968229 -1.841477
0.944403 -1.874951
0.919760 -1.907576
0.894293 -1.939324
0.867998 -1.970167
0.840875 -2.000074
0.812923 -2.029018
0.784149 -2.056970
0.754558 -2.083899
0.724161 -2.109779
0.692973 -2.134581
0.661009 -2.158278
0.628289 -2.180843
0.594836 -2.202250
0.560675 -2.222473
0.525836 -2.241489
0.490350 -2.259274
0.454251 -2.275807
0.417577 -2.291065
0.380367 -2.305031
0.342663 -2.317685
0.304509 -2.329012
0.265952 -2.338996
0.227039 -2.347624
0.187822 -2.354885
0.148350 -2.360769
0.108677 -2.365267
0.068855 -2.368375
0.028939 -2.370086
-0.011016 -2.370400
-0.050956 -2.369315
-0.090827 -2.366834
-0.130574 -2.362959
-0.170142 -2.357696
-0.209480 -2.351051
-0.248536 -2.343035
-0.287258 -2.333658
-0.325599 -2.322932
-0.363511 -2.310871
-0.400948 -2.297491
-0.437868 -2.282811
-0.474229 -2.266847
-0.509995 -2.249622
-0.545128 -2.231155
-0.579597 -2.211470
-0.613370 -2.190591
-0.646422 -2.168543
-0.678728 -2.145350
-0.710267 -2.121041
-0.741020 -2.095641
-0.770974 -2.069179
-0.800116 -2.041682
-0.828437 -2.013180
-0.855933 -1.983701
-0.882599 -1.953275
-0.908437 -1.921929
-0.933449 -1.889694
-0.957640 -1.856597
-0.981020 -1.822668
-1.003599 -1.787935
-1.025390 -1.752425
-1.046409 -1.716167
-1.066673 -1.679186
-1.086202 -1.641508
-1.105018 -1.603160
-1.123143 -1.564165
-1.140602 -1.524548
-1.157422 -1.484330
-1.173630 -1.443535
-1.189254 -1.402183
-1.204324 -1.360294
-1.218871 -1.317886
-1.232925 -1.274979
-1.246518 -1.231587
-1.259682 -1.187727
-1.272450 -1.143414
-1.284854 -1.098660
-1.296926 -1.053478
-1.308700 -1.007879
-1.320207 -0.961872
-1.331479 -0.915467
-1.342549 -0.868671
-1.353447 -0.821491
-1.364203 -0.773931
-1.374848 -0.725998
-1.385411 -0.677693
-1.395919 -0.629020
-1.406399 -0.579979
-1.416877 -0.530572
-1.427378 -0.480797
-1.437926 -0.430655
-1.448541 -0.380142
-1.459245 -0.329256
-1.470055 -0.277993
-1.480989 -0.226350
-1.492063 -0.174323
-1.503288 -0.121904
-1.514675 -0.069090
0.000000 4.000000
0.127935 3.997121
0.255482 3.988492
0.382258 3.974139
0.507887 3.954106
0.632008 3.928452
0.754277 3.897253
0.874369 3.860599
0.991983 3.818597
1.106849 3.771362
1.218722 3.719025
1.327390 3.661725
1.432677 3.599611
1.534437 3.532837
1.632564 3.461566
1.726984 3.385962
1.817659 3.306194
1.904586 3.222429
1.987796 3.134837
2.067352 3.043582
2.143347 2.948828
2.215904 2.850733
2.285172 2.749446
2.351323 2.645114
2.414555 2.537871
2.475083 2.427845
2.533139 2.315151
2.588971 2.199895
2.642841 2.082173
2.695018 1.962065
2.745779 1.839642
2.795409 1.714962
2.831794 1.592606
2.803137 1.493991
2.773327 1.396400
2.742651 1.299868
2.711363 1.204421
2.679689 1.110077
2.647824 1.016845
2.615940 0.924730
2.584182 0.833728
2.552675 0.743834
2.521521 0.655037
2.490806 0.567322
2.460596 0.480674
2.430942 0.395074
2.401881 0.310502
2.373437 0.226935
2.345621 0.144354
2.318434 0.062735
2.291866 -0.017944
2.265900 -0.097703
2.240507 -0.176564
2.215655 -0.254545
2.191302 -0.331665
2.167402 -0.407941
2.143900 -0.483388
2.120741 -0.558018
2.097861 -0.631843
2.075195 -0.704871
2.052672 -0.777108
2.030219 -0.848559
2.007762 -0.919224
1.985222 -0.989101
1.962518 -1.058187
1.939570 -1.126475
1.916294 -1.193953
1.892608 -1.260611
1.868427 -1.326430
1.843668 -1.391394
1.818246 -1.455479
1.792080 -1.518662
1.765088 -1.580915
1.737192 -1.642208
1.708312 -1.702507
1.678375 -1.761777
1.647309 -1.819980
1.615047 -1.877075
1.581523 -1.933019
1.546678 -1.987766
1.510459 -2.041270
1.472815 -2.093482
1.433703 -2.144350
1.393087 -2.193823
1.350936 -2.241848
1.307227 -2.288371
1.261943 -2.333336
1.215078 -2.376688
1.166630 -2.418373
1.116608 -2.458334
1.065029 -2.496517
1.011916 -2.532868
0.957305 -2.567334
0.901237 -2.599863
0.843762 -2.630404
0.784939 -2.658910
0.724836 -2.685335
0.663528 -2.709635
0.601095 -2.731769
0.537629 -2.751699
0.473225 -2.769392
0.407985 -2.784815
0.342017 -2.797942
0.275432 -2.808749
0.208347 -2.817217
0.140882 -2.823329
0.073158 -2.827075
0.005300 -2.828449
-0.062568 -2.827446
-0.130321 -2.824070
-0.197835 -2.818326
-0.264987 -2.810226
-0.331658 -2.799783
-0.397731 -2.787017
-0.463091 -2.771950
-0.527633 -2.754610
-0.591252 -2.735027
-0.653852 -2.713234
-0.715341 -2.689270
-0.775638 -2.663174
-0.834665 -2.634990
-0.892354 -2.604763
-0.948646 -2.572542
-1.003487 -2.538375
-1.056836 -2.502315
-1.108657 -2.464414
-1.158923 -2.424727
-1.207618 -2.383308
-1.254730 -2.340212
-1.300260 -2.295495
-1.344215 -2.249212
-1.386608 -2.201419
-1.427462 -2.152168
-1.466806 -2.101514
-1.504676 -2.049509
-1.541115 -1.996203
-1.576171 -1.941647
-1.609897 -1.885887
-1.642353 -1.828969
-1.673601 -1.770936
-1.703709 -1.711830
-1.732749 -1.651689
-1.760794 -1.590549
-1.787922 -1.528444
-1.814212 -1.465404
-1.839744 -1.401458
-1.864601 -1.336630
-1.888867 -1.270943
-1.912625 -1.204415
-1.935959 -1.137064
-1.958953 -1.068902
-1.981690 -0.999940
-2.004250 -0.930186
-2.026715 -0.859644
-2.049163 -0.788316
-2.071670 -0.716202
-2.094310 -0.643298
-2.117152 -0.569598
-2.140263 -0.495094
-2.163707 -0.419775
-2.187542 -0.343630
-2.211821 -0.266642
-2.236593 -0.188797
-2.261898 -0.110075
-2.287773 -0.030457
-2.314245 0.050076
-2.341335 0.131547
-2.369052 0.213977
-2.397399 0.297388
-2.426364 0.381802
-2.455928 0.467241
-2.486054 0.553724
-2.516695 0.641271
-2.547785 0.729898
-2.579244 0.819620
-2.610970 0.910448
-2.642844 1.002389
-2.674722 1.095447
-2.706438 1.189618
-2.737800 1.284894
-2.768587 1.381257
-2.798551 1.478685
-2.827408 1.577143
-2.803352 1.695198
-2.753867 1.820239
-2.703295 1.943030
-2.651353 2.063515
-2.597760 2.181627
-2.542246 2.297285
-2.484549 2.410396
-2.424417 2.520858
-2.361617 2.628554
-2.295930 2.733360
-2.227155 2.835141
-2.155116 2.933755
-2.079661 3.029050
-2.000661 3.120871
-1.918019 3.209055
-1.831668 3.293437
-1.741571 3.373849
-1.647726 3.450122
0.000000 1.000000
0.002000 0.999955
0.003999 0.999820
0.005998 0.999595
0.007995 0.999280
0.009990 0.998876
0.011982 0.998381
0.013971 0.997797
0.015957 0.997124
0.017939 0.996361
0.019917 0.995509
0.021890 0.994569
0.023857 0.993539
0.025818 0.992422
0.027773 0.991216
0.029721 0.989922
0.031662 0.988541
0.033595 0.987073
0.035520 0.985518
0.037436 0.983876
0.039344 0.982148
0.041241 0.980335
0.043129 0.978437
0.045006 0.976454
0.046873 0.974386
0.048729 0.972235
0.050573 0.970001
0.052405 0.967684
0.054225 0.965285
0.056032 0.962804
0.057826 0.960242
0.059607 0.957600
0.061374 0.954878
0.063127 0.952076
0.064866 0.949197
0.066590 0.946239
0.068299 0.943204
0.069993 0.940092
0.071671 0.936905
0.073334 0.933642
0.074980 0.930305
0.076610 0.926894
0.078224 0.923410
0.079821 0.919854
0.081401 0.916226
0.082964 0.912528
0.084509 0.908760
0.086037 0.904923
0.087547 0.901017
0.089040 0.897044
0.090514 0.893004
0.091970 0.888898
0.093408 0.884727
0.094827 0.880491
0.096228 0.876192
0.097611 0.871831
0.098974 0.867408
0.100319 0.862924
0.101645 0.858379
0.102952 0.853776
0.104240 0.849114
0.105510 0.844394
0.106760 0.839618
0.107991 0.834786
0.109203 0.829899
0.110397 0.824958
0.111571 0.819964
0.112726 0.814917
0.113863 0.809819
0.114980 0.804670
0.116079 0.799471
0.117159 0.794223
0.118220 0.788927
0.119263 0.783583
0.120287 0.778193
0.121293 0.772758
0.122280 0.767277
0.123249 0.761753
0.124200 0.756185
0.125133 0.750575
0.126048 0.744923
0.126946 0.739231
0.127825 0.733499
0.128688 0.727727
0.129532 0.721917
0.130360 0.716069
0.131171 0.710185
0.131965 0.704264
0.132743 0.698308
0.133504 0.692318
0.134248 0.686293
0.134977 0.680236
0.135689 0.674146
0.136386 0.668024
0.137068 0.661871
0.137734 0.655688
0.138385 0.649475
0.139022 0.643233
0.139643 0.636963
0.140250 0.630666
0.140843 0.624341
0.141422 0.617990
0.141988 0.611613
0.142539 0.605211
0.143077 0.598785
0.143603 0.592335
0.144115 0.585861
0.144615 0.579364
0.145102 0.572846
0.145577 0.566305
0.146041 0.559744
0.146492 0.553162
0.146932 0.546560
0.147361 0.539938
0.147779 0.533297
0.148186 0.526638
0.148583 0.519961
0.148970 0.513266
0.149346 0.506554
0.149713 0.499825
0.150070 0.493080
0.150417 0.486319
0.150756 0.479542
0.151086 0.472751
0.151407 0.465945
0.151720 0.459124
0.152024 0.452290
0.152321 0.445442
0.152610 0.438581
0.152892 0.431707
0.153166 0.424821
0.153433 0.417923
0.153693 0.411012
0.153947 0.404090
0.154194 0.397157
0.154435 0.390213
0.154670 0.383258
0.154900 0.376293
0.155124 0.369317
0.155342 0.362332
0.155555 0.355336
0.155764 0.348332
0.155967 0.341318
0.156166 0.334295
0.156360 0.327263
0.156551 0.320222
0.156737 0.313173
0.156919 0.306116
0.157098 0.299051
0.157273 0.291977
0.157445 0.284896
0.157614 0.277807
0.157779 0.270711
0.157942 0.263607
0.158102 0.256496
0.158259 0.249378
0.158414 0.242253
0.158567 0.235121
0.158718 0.227982
0.158867 0.220836
0.159013 0.213684
0.159159 0.206525
0.159302 0.199360
0.159444 0.192188
0.159585 0.185010
0.159724 0.177825
0.159862 0.170635
0.160000 0.163438
0.160136 0.156235
0.160271 0.149026
0.160406 0.141810
0.160540 0.134589
0.160673 0.127362
0.160806 0.120128
0.160939 0.112889
0.161071 0.105644
0.161203 0.098393
0.161335 0.091136
0.161467 0.083873
0.161598 0.076604
0.161729 0.069329
0.161861 0.062048
0.161992 0.054761
0.162124 0.047469
0.162256 0.040170
0.162388 0.032866
0.162520 0.025555
0.162652 0.018239
0.162784 0.010917
0.162855 0.003963
0.162722 -0.001735
0.162590 -0.007428
0.162458 -0.013116
0.162326 -0.018800
0.162194 -0.024479
0.162063 -0.030153
0.161931 -0.035823
0.161800 -0.041488
0.161669 -0.047149
0.161538 -0.052805
0.161407 -0.058457
0.000000 5.000000
0.249823 4.994377
0.498588 4.977532
0.745258 4.949535
0.988830 4.910505
1.228361 4.860601
1.462977 4.800026
1.691893 4.729019
1.914423 4.647852
2.129992 4.556825
2.338144 4.456264
2.538547 4.346509
2.731000 4.227914
2.915429 4.100839
3.091890 3.965645
3.260568 3.822686
3.421768 3.672306
3.575909 3.514833
3.723523 3.350572
3.865240 3.179804
3.937337 3.023351
3.937198 2.885515
3.926940 2.747865
3.907917 2.610731
3.881394 2.474398
3.848536 2.339108
3.810410 2.205062
3.767979 2.072429
3.722112 1.941344
3.673579 1.811913
3.623064 1.684216
3.571164 1.558314
3.518397 1.434245
3.465212 1.312031
3.411988 1.191681
3.359047 1.073189
3.306653 0.956541
3.255023 0.841714
3.204329 0.728678
3.154705 0.617399
3.106247 0.507835
3.059020 0.399947
3.013063 0.293689
2.968387 0.189018
2.924983 0.085887
2.882823 -0.015746
2.841858 -0.115924
2.802029 -0.214689
2.763258 -0.312079
2.725459 -0.408129
2.688535 -0.502871
2.652377 -0.596335
2.616872 -0.688545
2.581897 -0.779522
2.547324 -0.869283
2.513022 -0.957838
2.478853 -1.045196
2.444677 -1.131358
2.410352 -1.216321
2.375734 -1.300079
2.340678 -1.382618
2.305040 -1.463920
2.268675 -1.543962
2.231441 -1.622717
2.193197 -1.700151
2.153809 -1.776227
2.113141 -1.850903
2.071068 -1.924131
2.027467 -1.995860
1.982222 -2.066034
1.935227 -2.134595
1.886382 -2.201478
1.835597 -2.266619
1.782794 -2.329947
1.727902 -2.391390
1.670866 -2.450875
1.611640 -2.508325
1.550194 -2.563664
1.486509 -2.616812
1.420583 -2.667693
1.352426 -2.716227
1.282063 -2.762337
1.209537 -2.805946
1.134902 -2.846980
1.058229 -2.885366
0.979604 -2.921033
0.899127 -2.953916
0.816912 -2.983952
0.733084 -3.011081
0.647784 -3.035251
0.561162 -3.056411
0.473379 -3.074519
0.384605 -3.089536
0.295018 -3.101431
0.204803 -3.110180
0.114150 -3.115762
0.023251 -3.118167
-0.067697 -3.117389
-0.158500 -3.113430
-0.248963 -3.106298
-0.338895 -3.096009
-0.428107 -3.082584
-0.516418 -3.066052
-0.603655 -3.046447
-0.689650 -3.023811
-0.774249 -2.998188
-0.857305 -2.969631
-0.938686 -2.938197
-1.018271 -2.903944
-1.095953 -2.866940
-1.171640 -2.827251
-1.245252 -2.784949
-1.316727 -2.740108
-1.386016 -2.692804
-1.453085 -2.643113
-1.517916 -2.591114
-1.580505 -2.536885
-1.640863 -2.480505
-1.699014 -2.422050
-1.754995 -2.361599
-1.808859 -2.299225
-1.860666 -2.235003
-1.910492 -2.169002
-1.958421 -2.101291
-2.004548 -2.031933
-2.048975 -1.960992
-2.091815 -1.888524
-2.133186 -1.814582
-2.173212 -1.739216
-2.212024 -1.662471
-2.249756 -1.584387
-2.286548 -1.504999
-2.322540 -1.424338
-2.357876 -1.342429
-2.392699 -1.259293
-2.427156 -1.174945
-2.461390 -1.089395
-2.495545 -1.002648
-2.529762 -0.914706
-2.564180 -0.825563
-2.598933 -0.735209
-2.634151 -0.643632
-2.669961 -0.550812
-2.706479 -0.456726
-2.743818 -0.361349
-2.782081 -0.264648
-2.821359 -0.166591
-2.861734 -0.067140
-2.903276 0.033744
-2.946040 0.136103
-2.990063 0.239981
-3.035365 0.345423
-3.081946 0.452472
-3.129781 0.561173
-3.178819 0.671571
-3.228980 0.783704
-3.280150 0.897611
-3.332177 1.013324
-3.384869 1.130871
-3.437985 1.250270
-3.491234 1.371532
-3.544266 1.494654
-3.596669 1.619623
-3.647962 1.746408
-3.697588 1.874961
-3.744909 2.005212
-3.789198 2.137069
-3.829640 2.270411
-3.865318 2.405088
-3.895219 2.540916
-3.918228 2.677673
-3.933130 2.815098
-3.938617 2.952883
-3.933293 3.090675
-3.797099 3.263946
-3.652576 3.431586
-3.501836 3.592584
-3.344297 3.746649
-3.179479 3.893462
-3.007019 4.032687
-2.826669 4.163975
-2.638307 4.286967
-2.441941 4.401303
-2.237705 4.506624
-2.025865 4.602582
-1.806815 4.688843
-1.581069 4.765095
-1.349258 4.831049
-1.112118 4.886448
-0.870479 4.931072
-0.625251 4.964737
-0.377408 4.987305
-0.127972 4.998680
0.122007 4.998814
0.371468 4.987707
0.619361 4.965406
0.864664 4.932004
1.106399 4.887640
1.343657 4.832495
1.575604 4.766790
1.801502 4.690781
