-1.000000 1.000000
-0.989751 1.119543
-0.979011 1.238141
-0.967788 1.355750
-0.956090 1.472328
-0.943927 1.587832
-0.931305 1.702221
-0.918234 1.815454
-0.904722 1.927490
-0.890777 2.038291
-0.876407 2.147817
-0.861620 2.256031
-0.846425 2.362896
-0.830829 2.468376
-0.814841 2.572434
-0.798468 2.675036
-0.781718 2.776147
-0.764598 2.875734
-0.747117 2.973764
-0.729281 3.070204
-0.711099 3.165024
-0.692577 3.258192
-0.673723 3.349678
-0.654544 3.439452
-0.635046 3.527486
-0.615238 3.613751
-0.595126 3.698220
-0.574716 3.780865
-0.554016 3.861660
-0.533033 3.940580
-0.511772 4.017598
-0.490240 4.092690
-0.468443 4.165833
-0.446389 4.237002
-0.424083 4.306175
-0.401531 4.373330
-0.378739 4.438444
-0.355714 4.501496
-0.332461 4.562466
-0.308986 4.621332
-0.285295 4.678077
-0.261393 4.732679
-0.237287 4.785121
-0.212981 4.835385
-0.188481 4.883452
-0.163793 4.929306
-0.138921 4.972929
-0.113872 5.014306
-0.088650 5.053421
-0.063261 5.090258
-0.037710 5.124803
-0.012001 5.157041
0.026788 5.117734
0.076788 5.017682
0.126788 4.917580
0.176788 4.817428
0.226788 4.717227
0.276788 4.616975
0.326788 4.516673
0.376788 4.416321
0.426788 4.315919
0.476788 4.215468
0.526788 4.114966
0.576788 4.014414
0.626788 3.913812
0.676788 3.813161
0.726788 3.712459
0.776788 3.611707
0.826788 3.510905
0.876788 3.410053
0.926788 3.309152
0.976788 3.208200
1.026788 3.107198
1.076788 3.006146
1.126788 2.905044
1.176788 2.803893
1.226788 2.702691
1.276788 2.601439
1.326788 2.500137
1.376788 2.398786
1.426788 2.297384
1.476788 2.195932
1.526788 2.094430
1.576788 1.992878
1.626788 1.891277
1.676788 1.789625
1.726788 1.687923
1.776788 1.586171
1.826788 1.484369
1.876788 1.382518
1.926788 1.280616
1.976788 1.178664
2.026788 1.076662
2.076788 0.974610
2.126788 0.872509
2.176788 0.770357
2.226788 0.668155
2.276788 0.565903
2.326788 0.463602
2.376788 0.361250
2.426788 0.258848
2.476788 0.156396
2.526788 0.053894
2.519909 -0.012136
2.449909 -0.036985
2.379909 -0.061134
2.309909 -0.084583
2.239909 -0.107332
2.169909 -0.129381
2.099909 -0.150730
2.029909 -0.171380
1.959909 -0.191329
1.889909 -0.210578
1.819909 -0.229127
1.749909 -0.246976
1.679909 -0.264125
1.609909 -0.280574
1.539909 -0.296323
1.469909 -0.311372
1.399909 -0.325721
1.329909 -0.339370
1.259909 -0.352320
1.189909 -0.364569
1.119909 -0.376118
1.049909 -0.386967
0.979909 -0.397116
0.909909 -0.406565
0.839909 -0.415314
0.769909 -0.423363
0.699909 -0.430712
0.629909 -0.437361
0.559909 -0.443310
0.489909 -0.448560
0.419909 -0.453109
0.349909 -0.456958
0.279909 -0.460107
0.209909 -0.462556
0.139909 -0.464305
0.069909 -0.465354
-0.000161 -0.465703
-0.070161 -0.465352
-0.140161 -0.464300
-0.210161 -0.462548
-0.280161 -0.460097
-0.350161 -0.456945
-0.420161 -0.453094
-0.490161 -0.448542
-0.560161 -0.443290
-0.630161 -0.437339
-0.700161 -0.430687
-0.770161 -0.423336
-0.840161 -0.415284
-0.910161 -0.406532
-0.980161 -0.397081
-1.050161 -0.386929
-1.120161 -0.376078
-1.190161 -0.364526
-1.260161 -0.352274
-1.330161 -0.339323
-1.400161 -0.325671
-1.470161 -0.311319
-1.540161 -0.296268
-1.610161 -0.280516
-1.680161 -0.264065
-1.750161 -0.246913
-1.820161 -0.229061
-1.890161 -0.210510
-1.960161 -0.191258
-2.030161 -0.171307
-2.100161 -0.150655
-2.170161 -0.129303
-2.240161 -0.107252
-2.310161 -0.084500
-2.380161 -0.061049
-2.450161 -0.036897
-2.520161 -0.012045
-2.536284 0.136066
-2.503213 0.392847
-2.469699 0.646631
-2.435757 0.897380
-2.401401 1.145055
-2.366644 1.389620
-2.331499 1.631039
-2.295979 1.869278
-2.260095 2.104304
-2.223859 2.336085
-2.187282 2.564589
-2.150375 2.789786
-2.113147 3.011647
-2.075607 3.230143
-2.037767 3.445247
-1.999633 3.656932
-1.961215 3.865172
-1.922520 4.069942
-1.883557 4.271218
-1.844333 4.468975
-1.804854 4.663190
-1.765128 4.853841
-1.725161 5.040906
-1.684959 5.224363
-1.644528 5.404192
-1.603874 5.580371
-1.563002 5.752882
-1.521917 5.921705
-1.480624 6.086821
-1.439128 6.248212
-1.397433 6.405858
-1.355543 6.559744
-1.313462 6.709850
-1.271194 6.856161
-1.228742 6.998660
-1.186110 7.137329
-1.143301 7.272154
-1.100318 7.403118
-1.057164 7.530206
-1.013841 7.653403
-0.970352 7.772693
-0.926699 7.888061
-0.882884 7.999494
-0.838910 8.106976
-0.794777 8.210493
-0.750489 8.310031
-0.706045 8.405576
-0.661448 8.497114
-0.616699 8.584632
-0.571799 8.668116
-0.526749 8.747551
-0.481549 8.822926
-0.436201 8.894226
-0.390704 8.961438
-0.345060 9.024548
-0.299268 9.083544
-0.253329 9.138412
-0.207242 9.189139
-0.161008 9.235711
-0.114626 9.278116
-0.068095 9.316339
-0.021416 9.350369
0.027161 9.310336
0.077161 9.210284
0.127161 9.110182
0.177161 9.010029
0.227161 8.909827
0.277161 8.809575
0.327161 8.709273
0.377161 8.608921
0.427161 8.508519
0.477161 8.408066
0.527161 8.307564
0.577161 8.207012
0.627161 8.106410
0.677161 8.005758
0.727161 7.905056
0.777161 7.804303
0.827161 7.703501
0.877161 7.602649
0.927161 7.501747
0.977161 7.400795
1.027161 7.299793
1.077161 7.198741
1.127161 7.097638
1.177161 6.996486
1.227161 6.895284
1.277161 6.794032
1.327161 6.692730
1.377161 6.591378
1.427161 6.489975
1.477161 6.388523
1.527161 6.287021
1.577161 6.185469
1.627161 6.083867
1.677161 5.982215
1.727161 5.880512
1.777161 5.778760
1.827161 5.676958
1.877161 5.575106
1.927161 5.473204
1.977161 5.371252
2.027161 5.269249
2.077161 5.167197
2.127161 5.065095
2.177161 4.962943
2.227161 4.860741
2.277161 4.758489
2.327161 4.656186
2.377161 4.553834
2.427161 4.451432
2.477161 4.348980
2.527161 4.246478
2.577161 4.143926
2.627161 4.041324
2.677161 3.938671
2.727161 3.835969
2.777161 3.733217
2.827161 3.630415
2.877161 3.527563
2.927161 3.424661
2.977161 3.321708
3.027161 3.218706
3.077161 3.115654
3.127161 3.012552
3.177161 2.909400
3.227161 2.806198
3.277161 2.702945
3.327161 2.599643
3.377161 2.496291
3.427161 2.392889
3.477161 2.289437
3.527161 2.185935
3.577161 2.082382
3.627161 1.978780
3.677161 1.875128
3.727161 1.771426
3.777161 1.667674
3.827161 1.563872
3.877161 1.460019
3.927161 1.356117
3.977161 1.252165
4.027161 1.148163
4.077161 1.044111
4.127161 0.940009
4.177161 0.835857
4.227161 0.731654
4.277161 0.627402
4.327161 0.523100
4.377161 0.418748
4.427161 0.314346
4.477161 0.209894
4.527161 0.105391
4.577161 0.000839
4.508174 -0.045169
4.438174 -0.089901
4.368174 -0.133932
4.298174 -0.177264
4.228174 -0.219896
4.158174 -0.261828
4.088174 -0.303059
4.018174 -0.343591
3.948174 -0.383423
3.878174 -0.422555
3.808174 -0.460986
3.738174 -0.498718
3.668174 -0.535750
3.598174 -0.572082
3.528174 -0.607713
3.458174 -0.642645
3.388174 -0.676877
3.318174 -0.710408
3.248174 -0.743240
3.178174 -0.775372
3.108174 -0.806804
3.038174 -0.837535
2.968174 -0.867567
2.898174 -0.896899
2.828174 -0.925531
2.758174 -0.953462
2.688174 -0.980694
2.618174 -1.007226
2.548174 -1.033058
2.478174 -1.058189
2.408174 -1.082621
2.338174 -1.106353
2.268174 -1.129385
2.198174 -1.151716
2.128174 -1.173348
2.058174 -1.194280
1.988174 -1.214512
1.918174 -1.234043
1.848174 -1.252875
1.778174 -1.271007
1.708174 -1.288438
1.638174 -1.305170
1.568174 -1.321202
1.498174 -1.336534
1.428174 -1.351165
1.358174 -1.365097
1.288174 -1.378329
1.218174 -1.390861
1.148174 -1.402692
1.078174 -1.413824
1.008174 -1.424256
0.938174 -1.433988
0.868174 -1.443019
0.798174 -1.451351
0.728174 -1.458983
0.658174 -1.465915
0.588174 -1.472146
0.518174 -1.477678
0.448174 -1.482510
0.378174 -1.486642
0.308174 -1.490073
0.238174 -1.492805
0.168174 -1.494837
0.098174 -1.496168
0.028174 -1.496800
-0.041896 -1.496732
-0.111896 -1.495963
-0.181896 -1.494494
-0.251896 -1.492325
-0.321896 -1.489456
-0.391896 -1.485887
-0.461896 -1.481618
-0.531896 -1.476649
-0.601896 -1.470980
-0.671896 -1.464611
-0.741896 -1.457542
-0.811896 -1.449773
-0.881896 -1.441304
-0.951896 -1.432135
-1.021896 -1.422266
-1.091896 -1.411697
-1.161896 -1.400428
-1.231896 -1.388459
-1.301896 -1.375790
-1.371896 -1.362421
-1.441896 -1.348352
-1.511896 -1.333583
-1.581896 -1.318114
-1.651896 -1.301945
-1.721896 -1.285076
-1.791896 -1.267508
-1.861896 -1.249239
-1.931896 -1.230270
-2.001896 -1.210601
-2.071896 -1.190232
-2.141896 -1.169163
-2.211896 -1.147394
-2.281896 -1.124925
-2.351896 -1.101756
-2.421896 -1.077887
-2.491896 -1.053318
-2.561896 -1.028049
-2.631896 -1.002080
-2.701896 -0.975411
-2.771896 -0.948042
-2.841896 -0.919973
-2.911896 -0.891204
-2.981896 -0.861735
-3.051896 -0.831566
-3.121896 -0.800697
-3.191896 -0.769128
-3.261896 -0.736859
-3.331896 -0.703890
-3.401896 -0.670221
-3.471896 -0.635852
-3.541896 -0.600783
-3.611896 -0.565015
-3.681896 -0.528546
-3.751896 -0.491377
-3.821896 -0.453508
-3.891896 -0.414939
-3.961896 -0.375670
-4.031896 -0.335701
-4.101896 -0.295032
-4.171896 -0.253663
-4.241896 -0.211594
-4.311896 -0.168825
-4.381896 -0.125356
-4.451896 -0.081187
-4.521896 -0.036318
-4.556752 0.089039
-4.453733 0.524492
-4.353095 0.950782
-4.254681 1.368116
-4.158344 1.776687
-4.063952 2.176676
-3.971381 2.568253
-3.880514 2.951576
-3.791247 3.326794
-3.703479 3.694045
-3.617119 4.053462
-3.532081 4.405166
-3.448286 4.749274
-3.365658 5.085893
-3.284128 5.415125
-3.203631 5.737067
-3.124105 6.051808
-3.045494 6.359433
-2.967743 6.660023
-2.890802 6.953651
-2.814624 7.240390
-2.739163 7.520305
-2.664377 7.793460
-2.590226 8.059912
-2.516673 8.319718
-2.443681 8.572930
-2.371217 8.819597
-2.299248 9.059764
-2.227744 9.293475
-2.156675 9.520771
-2.086014 9.741689
-2.015735 9.956265
-1.945812 10.164532
-1.876220 10.366521
-1.806937 10.562261
-1.737940 10.751778
-1.669208 10.935098
-1.600720 11.112243
-1.532456 11.283234
-1.464397 11.448091
-1.396524 11.606831
1.000000 4.000000
1.050000 3.898975
1.100000 3.797900
1.150000 3.696775
1.200000 3.595600
1.250000 3.494375
1.300000 3.393100
1.350000 3.291775
1.400000 3.190400
1.450000 3.088975
1.500000 2.987500
1.550000 2.885975
1.600000 2.784400
1.650000 2.682775
1.700000 2.581100
1.750000 2.479375
1.800000 2.377600
1.850000 2.275775
1.900000 2.173900
1.950000 2.071975
2.000000 1.970000
2.050000 1.867975
2.100000 1.765900
2.150000 1.663775
2.200000 1.561600
2.250000 1.459375
2.300000 1.357100
2.350000 1.254775
2.400000 1.152400
2.450000 1.049975
2.500000 0.947500
2.550000 0.844975
2.600000 0.742400
2.650000 0.639775
2.700000 0.537100
2.750000 0.434375
2.800000 0.331600
2.850000 0.228775
2.900000 0.125900
2.950000 0.022975
2.906829 -0.022896
2.836829 -0.051614
2.766829 -0.079632
2.696829 -0.106951
2.626829 -0.133569
2.556829 -0.159487
2.486829 -0.184705
2.416829 -0.209224
2.346829 -0.233042
2.276829 -0.256160
2.206829 -0.278579
2.136829 -0.300297
2.066829 -0.321315
1.996829 -0.341633
1.926829 -0.361252
1.856829 -0.380170
1.786829 -0.398388
1.716829 -0.415907
1.646829 -0.432725
1.576829 -0.448843
1.506829 -0.464261
1.436829 -0.478980
1.366829 -0.492998
1.296829 -0.506316
1.226829 -0.518935
1.156829 -0.530853
1.086829 -0.542071
1.016829 -0.552589
0.946829 -0.562408
0.876829 -0.571526
0.806829 -0.579944
0.736829 -0.587663
0.666829 -0.594681
0.596829 -0.600999
0.526829 -0.606617
0.456829 -0.611536
0.386829 -0.615754
0.316829 -0.619272
0.246829 -0.622091
0.176829 -0.624209
0.106829 -0.625627
0.036829 -0.626345
-0.033241 -0.626363
-0.103241 -0.625681
-0.173241 -0.624299
-0.243241 -0.622216
-0.313241 -0.619434
-0.383241 -0.615951
-0.453241 -0.611769
-0.523241 -0.606887
-0.593241 -0.601304
-0.663241 -0.595022
-0.733241 -0.588039
-0.803241 -0.580357
-0.873241 -0.571974
-0.943241 -0.562892
-1.013241 -0.553110
-1.083241 -0.542627
-1.153241 -0.531445
-1.223241 -0.519562
-1.293241 -0.506980
-1.363241 -0.493698
-1.433241 -0.479715
-1.503241 -0.465033
-1.573241 -0.449650
-1.643241 -0.433568
-1.713241 -0.416785
-1.783241 -0.399303
-1.853241 -0.381121
-1.923241 -0.362238
-1.993241 -0.342656
-2.063241 -0.322373
-2.133241 -0.301391
-2.203241 -0.279709
-2.273241 -0.257326
-2.343241 -0.234244
-2.413241 -0.210461
-2.483241 -0.185979
-2.553241 -0.160796
-2.623241 -0.134914
-2.693241 -0.108332
-2.763241 -0.081049
-2.833241 -0.053067
-2.903241 -0.024384
-2.954132 0.049920
-2.910158 0.343815
-2.866006 0.633743
-2.821682 0.919691
-2.777192 1.201641
-2.732539 1.479580
-2.687730 1.753494
-2.642767 2.023367
-2.597655 2.289187
-2.552398 2.550941
-2.506999 2.808614
-2.461462 3.062196
-2.415790 3.311674
-2.369986 3.557035
-2.324053 3.798267
-2.277992 4.035360
-2.231807 4.268302
-2.185500 4.497082
-2.139073 4.721689
-2.092528 4.942112
-2.045866 5.158340
-1.999089 5.370364
-1.952199 5.578173
-1.905197 5.781756
-1.858084 5.981105
-1.810862 6.176208
-1.763530 6.367057
-1.716091 6.553640
-1.668544 6.735950
-1.620891 6.913975
-1.573132 7.087707
-1.525267 7.257136
-1.477296 7.422252
-1.429220 7.583046
-1.381039 7.739508
-1.332752 7.891630
-1.284360 8.039401
-1.235862 8.182811
-1.187258 8.321853
-1.138548 8.456515
-1.089730 8.586788
-1.040805 8.712663
-0.991771 8.834130
-0.942627 8.951178
-0.893373 9.063799
-0.844007 9.171982
-0.794529 9.275717
-0.744937 9.374994
-0.695230 9.469802
-0.645405 9.560132
-0.595462 9.645972
-0.545399 9.727311
-0.495214 9.804140
-0.444905 9.876446
-0.394469 9.944219
-0.343906 10.007447
-0.293211 10.066118
-0.242384 10.120221
-0.191421 10.169743
-0.140319 10.214672
-0.089076 10.254996
-0.037689 10.290702
0.013471 10.287080
0.063471 10.187042
0.113471 10.086953
0.163471 9.986815
0.213471 9.886626
0.263471 9.786388
0.313471 9.686099
0.363471 9.585761
0.413471 9.485372
0.463471 9.384934
0.513471 9.284446
0.563471 9.183907
0.613471 9.083319
0.663471 8.982680
0.713471 8.881992
0.763471 8.781253
0.813471 8.680465
0.863471 8.579626
0.913471 8.478738
0.963471 8.377799
1.013471 8.276811
1.063471 8.175772
1.113471 8.074684
1.163471 7.973545
1.213471 7.872357
1.263471 7.771118
1.313471 7.669830
1.363471 7.568492
1.413471 7.467103
1.463471 7.365665
1.513471 7.264176
1.563471 7.162638
1.613471 7.061049
1.663471 6.959411
1.713471 6.857722
1.763471 6.755984
1.813471 6.654195
1.863471 6.552357
1.913471 6.450468
1.963471 6.348530
2.013471 6.246541
2.063471 6.144503
2.113471 6.042414
2.163471 5.940276
2.213471 5.838087
2.263471 5.735849
2.313471 5.633561
2.363471 5.531222
2.413471 5.428834
2.463471 5.326395
2.513471 5.223907
2.563471 5.121368
2.613471 5.018780
2.663471 4.916141
2.713471 4.813453
2.763471 4.710714
2.813471 4.607926
2.863471 4.505087
2.913471 4.402199
2.963471 4.299260
3.013471 4.196272
3.063471 4.093233
3.113471 3.990145
3.163471 3.887007
3.213471 3.783818
3.263471 3.680580
3.313471 3.577291
3.363471 3.473953
3.413471 3.370564
3.463471 3.267126
3.513471 3.163637
3.563471 3.060099
3.613471 2.956510
3.663471 2.852872
3.713471 2.749183
3.763471 2.645445
3.813471 2.541656
3.863471 2.437818
3.913471 2.333929
3.963471 2.229991
4.013471 2.126003
4.063471 2.021964
4.113471 1.917876
4.163471 1.813737
4.213471 1.709549
4.263471 1.605310
4.313471 1.501022
4.363471 1.396683
4.413471 1.292295
4.463471 1.187856
4.513471 1.083368
4.563471 0.978829
4.613471 0.874241
4.663471 0.769602
4.713471 0.664914
4.763471 0.560175
4.813471 0.455387
4.863471 0.350549
4.913471 0.245660
4.963471 0.140722
5.013471 0.035733
4.984350 -0.033142
4.914350 -0.082635
4.844350 -0.131429
4.774350 -0.179522
4.704350 -0.226916
4.634350 -0.273609
4.564350 -0.319603
4.494350 -0.364896
4.424350 -0.409490
4.354350 -0.453383
4.284350 -0.496577
4.214350 -0.539070
4.144350 -0.580864
4.074350 -0.621957
4.004350 -0.662351
3.934350 -0.702044
3.864350 -0.741038
3.794350 -0.779332
3.724350 -0.816925
3.654350 -0.853819
3.584350 -0.890012
3.514350 -0.925506
3.444350 -0.960299
3.374350 -0.994393
3.304350 -1.027786
3.234350 -1.060480
3.164350 -1.092473
3.094350 -1.123767
3.024350 -1.154360
2.954350 -1.184254
2.884350 -1.213447
2.814350 -1.241941
2.744350 -1.269734
2.674350 -1.296828
2.604350 -1.323221
2.534350 -1.348915
2.464350 -1.373908
2.394350 -1.398202
2.324350 -1.421795
2.254350 -1.444689
2.184350 -1.466882
2.114350 -1.488376
2.044350 -1.509169
1.974350 -1.529263
1.904350 -1.548656
1.834350 -1.567350
1.764350 -1.585343
1.694350 -1.602637
1.624350 -1.619230
1.554350 -1.635124
1.484350 -1.650317
1.414350 -1.664811
1.344350 -1.678604
1.274350 -1.691698
1.204350 -1.704091
1.134350 -1.715785
1.064350 -1.726778
0.994350 -1.737072
0.924350 -1.746665
0.854350 -1.755559
0.784350 -1.763752
0.714350 -1.771246
0.644350 -1.778039
0.574350 -1.784133
0.504350 -1.789526
0.434350 -1.794220
0.364350 -1.798213
0.294350 -1.801507
0.224350 -1.804100
0.154350 -1.805994
0.084350 -1.807187
0.014350 -1.807681
-0.055720 -1.807474
-0.125720 -1.806567
-0.195720 -1.804959
-0.265720 -1.802652
-0.335720 -1.799645
-0.405720 -1.795938
-0.475720 -1.791531
-0.545720 -1.786423
-0.615720 -1.780616
-0.685720 -1.774109
-0.755720 -1.766902
-0.825720 -1.758995
-0.895720 -1.750387
-0.965720 -1.741080
-1.035720 -1.731073
-1.105720 -1.720366
-1.175720 -1.708959
-1.245720 -1.696851
-1.315720 -1.684044
-1.385720 -1.670537
-1.455720 -1.656330
-1.525720 -1.641423
-1.595720 -1.625815
-1.665720 -1.609508
-1.735720 -1.592501
-1.805720 -1.574794
-1.875720 -1.556387
-1.945720 -1.537279
-2.015720 -1.517472
-2.085720 -1.496965
-2.155720 -1.475758
-2.225720 -1.453851
-2.295720 -1.431243
-2.365720 -1.407936
-2.435720 -1.383929
-2.505720 -1.359222
-2.575720 -1.333815
-2.645720 -1.307707
-2.715720 -1.280900
-2.785720 -1.253393
-2.855720 -1.225186
-2.925720 -1.196279
-2.995720 -1.166671
-3.065720 -1.136364
-3.135720 -1.105357
-3.205720 -1.073650
-3.275720 -1.041243
-3.345720 -1.008136
-3.415720 -0.974328
-3.485720 -0.939821
-3.555720 -0.904614
-3.625720 -0.868707
-3.695720 -0.832100
-3.765720 -0.794792
-3.835720 -0.756785
-3.905720 -0.718078
-3.975720 -0.678671
-4.045720 -0.638564
-4.115720 -0.597756
-4.185720 -0.556249
-4.255720 -0.514042
-4.325720 -0.471135
-4.395720 -0.427528
-4.465720 -0.383220
-4.535720 -0.338213
-4.605720 -0.292506
-4.675720 -0.246099
-4.745720 -0.198992
-4.815720 -0.151184
-4.885720 -0.102677
-4.955720 -0.053470
-5.025720 -0.003563
-4.914840 0.443741
-4.793640 0.910596
-4.675860 1.366699
-4.561259 1.812346
-4.449615 2.247814
-4.340725 2.673359
-4.234403 3.089222
-4.130476 3.495624
-4.028788 3.892774
-3.929191 4.280868
-3.831550 4.660087
-3.735742 5.030602
-3.641649 5.392572
-3.549165 5.746147
-3.458190 6.091467
-3.368630 6.428664
-3.280399 6.757861
-3.193415 7.079173
-3.107604 7.392711
-3.022893 7.698575
-2.939218 7.996862
-2.856515 8.287663
-2.774725 8.571063
-2.693795 8.847140
-2.613672 9.115970
-2.534307 9.377623
-2.455654 9.632166
-2.377669 9.879661
-2.300310 10.120166
-2.223540 10.353735
-2.147320 10.580419
-2.071614 10.800268
-1.996390 11.013324
-1.921615 11.219631
-1.847258 11.419227
-1.773289 11.612149
-1.699682 11.798430
-1.626407 11.978102
-1.553440 12.151193
-1.480755 12.317730
-1.408328 12.477737
-1.336136 12.631236
-1.264156 12.778247
-1.192366 12.918790
-1.120744 13.052878
-1.049269 13.180528
-0.977922 13.301751
-0.906682 13.416557
-0.835529 13.524956
-0.764445 13.626954
-0.693410 13.722558
-0.622405 13.811769
-0.551412 13.894591
-0.480412 13.971023
-0.409388 14.041064
-0.338320 14.104711
-0.267190 14.161960
-0.195980 14.212803
-0.124671 14.257233
-0.053246 14.295241
0.012859 14.293806
0.062859 14.193768
0.112859 14.093680
0.162859 13.993542
0.212859 13.893354
0.262859 13.793116
0.312859 13.692828
0.362859 13.592491
0.412859 13.492103
0.462859 13.391665
2.000000 -3.000000
1.930000 -3.019650
1.860000 -3.038600
1.790000 -3.056850
1.720000 -3.074400
1.650000 -3.091250
1.580000 -3.107400
1.510000 -3.122850
1.440000 -3.137600
1.370000 -3.151650
1.300000 -3.165000
1.230000 -3.177650
1.160000 -3.189600
1.090000 -3.200850
1.020000 -3.211400
0.950000 -3.221250
0.880000 -3.230400
0.810000 -3.238850
0.740000 -3.246600
0.670000 -3.253650
0.600000 -3.260000
0.530000 -3.265650
0.460000 -3.270600
0.390000 -3.274850
0.320000 -3.278400
0.250000 -3.281250
0.180000 -3.283400
0.110000 -3.284850
0.040000 -3.285600
-0.030070 -3.285650
-0.100070 -3.284999
-0.170070 -3.283648
-0.240070 -3.281598
-0.310070 -3.278847
-0.380070 -3.275396
-0.450070 -3.271245
-0.520070 -3.266395
-0.590070 -3.260844
-0.660070 -3.254593
-0.730070 -3.247643
-0.800070 -3.239992
-0.870070 -3.231641
-0.940070 -3.222591
-1.010070 -3.212840
-1.080070 -3.202389
-1.150070 -3.191238
-1.220070 -3.179388
-1.290070 -3.166837
-1.360070 -3.153586
-1.430070 -3.139636
-1.500070 -3.124985
-1.570070 -3.109634
-1.640070 -3.093584
-1.710070 -3.076833
-1.780070 -3.059382
-1.850070 -3.041231
-1.920070 -3.022381
-1.990070 -3.002830
-2.060070 -2.982579
-2.130070 -2.961629
-2.200070 -2.939978
-2.270070 -2.917627
-2.340070 -2.894577
-2.410070 -2.870826
-2.480070 -2.846375
-2.550070 -2.821224
-2.620070 -2.795374
-2.690070 -2.768823
-2.760070 -2.741572
-2.830070 -2.713622
-2.900070 -2.684971
-2.970070 -2.655620
-3.040070 -2.625570
-3.110070 -2.594819
-3.180070 -2.563368
-3.250070 -2.531217
-3.320070 -2.498367
-3.390070 -2.464816
-3.460070 -2.430565
-3.530070 -2.395615
-3.600070 -2.359964
-3.670070 -2.323613
-3.740070 -2.286563
-3.810070 -2.248812
-3.880070 -2.210361
-3.950070 -2.171210
-4.020070 -2.131360
-4.090070 -2.090809
-4.160070 -2.049558
-4.230070 -2.007608
-4.300070 -1.964957
-4.370070 -1.921606
-4.440070 -1.877556
-4.510070 -1.832805
-4.580070 -1.787354
-4.650070 -1.741203
-4.720070 -1.694353
-4.790070 -1.646802
-4.860070 -1.598551
-4.930070 -1.549601
-5.000070 -1.499950
-5.070070 -1.449599
-5.140070 -1.398549
-5.210070 -1.346798
-5.280070 -1.294347
-5.350070 -1.241196
-5.420070 -1.187346
-5.490070 -1.132795
-5.560070 -1.077544
-5.630070 -1.021594
-5.700070 -0.964943
-5.770070 -0.907592
-5.840070 -0.849542
-5.910070 -0.790791
-5.980070 -0.731340
-6.050070 -0.671189
-6.120070 -0.610339
-6.190070 -0.548788
-6.260070 -0.486537
-6.330070 -0.423587
-6.400070 -0.359936
-6.470070 -0.295585
-6.540070 -0.230535
-6.610070 -0.164784
-6.680070 -0.098333
-6.750070 -0.031182
-6.660164 0.342364
-6.442342 0.961893
-6.235160 1.562304
-6.037639 2.144511
-5.848912 2.709343
-5.668206 3.257556
-5.494834 3.789840
-5.328182 4.306828
-5.167697 4.809098
-5.012883 5.297183
-4.863293 5.771574
-4.718523 6.232721
-4.578205 6.681041
-4.442007 7.116921
-4.309625 7.540717
-4.180783 7.952760
-4.055227 8.353356
-3.932727 8.742792
-3.813068 9.121332
-3.696056 9.489224
-3.581510 9.846697
-3.469264 10.193965
-3.359163 10.531228
-3.251066 10.858674
-3.144840 11.176476
-3.040361 11.484798
-2.937517 11.783790
-2.836199 12.073596
-2.736308 12.354349
-2.637752 12.626172
-2.540441 12.889182
-2.444295 13.143486
-2.349236 13.389187
-2.255190 13.626379
-2.162091 13.855150
-2.069871 14.075582
-1.978471 14.287751
-1.887831 14.491730
-1.797897 14.687582
-1.708614 14.875370
-1.619933 15.055151
-1.531805 15.226975
-1.444184 15.390891
-1.357025 15.546942
-1.270285 15.695168
-1.183923 15.835605
-1.097899 15.968284
-1.012174 16.093235
-0.926709 16.210483
-0.841469 16.320050
-0.756416 16.421953
-0.671516 16.516209
-0.586733 16.602830
-0.502034 16.681824
-0.417383 16.753197
-0.332749 16.816953
-0.248096 16.873092
-0.163391 16.921609
-0.078601 16.962499
0.003796 16.986155
0.053796 16.886127
0.103796 16.786048
0.153796 16.685919
0.203796 16.585740
0.253796 16.485511
0.303796 16.385233
0.353796 16.284904
0.403796 16.184525
0.453796 16.084096
0.503796 15.983617
0.553796 15.883089
0.603796 15.782510
0.653796 15.681881
0.703796 15.581202
0.753796 15.480473
0.803796 15.379695
0.853796 15.278866
0.903796 15.177987
0.953796 15.077058
1.003796 14.976079
1.053796 14.875051
1.103796 14.773972
1.153796 14.672843
1.203796 14.571664
1.253796 14.470436
1.303796 14.369157
1.353796 14.267828
1.403796 14.166449
1.453796 14.065020
1.503796 13.963542
1.553796 13.862013
1.603796 13.760434
1.653796 13.658805
1.703796 13.557126
1.753796 13.455398
1.803796 13.353619
1.853796 13.251790
1.903796 13.149911
1.953796 13.047982
2.003796 12.946004
2.053796 12.843975
2.103796 12.741896
2.153796 12.639767
2.203796 12.537588
2.253796 12.435360
2.303796 12.333081
2.353796 12.230752
2.403796 12.128373
2.453796 12.025944
2.503796 11.923466
2.553796 11.820937
2.603796 11.718358
2.653796 11.615729
2.703796 11.513050
2.753796 11.410322
2.803796 11.307543
2.853796 11.204714
2.903796 11.101835
2.953796 10.998906
3.003796 10.895928
3.053796 10.792899
3.103796 10.689820
3.153796 10.586691
3.203796 10.483512
3.253796 10.380284
3.303796 10.277005
3.353796 10.173676
3.403796 10.070297
3.453796 9.966868
3.503796 9.863390
3.553796 9.759861
3.603796 9.656282
3.653796 9.552653
3.703796 9.448975
3.753796 9.345246
3.803796 9.241467
3.853796 9.137638
3.903796 9.033759
3.953796 8.929831
4.003796 8.825852
4.053796 8.721823
4.103796 8.617744
4.153796 8.513615
4.203796 8.409437
4.253796 8.305208
4.303796 8.200929
4.353796 8.096600
4.403796 7.992221
4.453796 7.887793
4.503796 7.783314
4.553796 7.678785
4.603796 7.574206
4.653796 7.469577
4.703796 7.364899
4.753796 7.260170
4.803796 7.155391
4.853796 7.050562
4.903796 6.945683
4.953796 6.840755
5.003796 6.735776
5.053796 6.630747
5.103796 6.525668
5.153796 6.420539
5.203796 6.315361
5.253796 6.210132
5.303796 6.104853
5.353796 5.999524
5.403796 5.894145
5.453796 5.788717
5.503796 5.683238
5.553796 5.577709
5.603796 5.472130
5.653796 5.366501
5.703796 5.260823
5.753796 5.155094
5.803796 5.049315
5.853796 4.943486
5.903796 4.837607
5.953796 4.731679
6.003796 4.625700
6.053796 4.519671
6.103796 4.413592
6.153796 4.307463
6.203796 4.201285
6.253796 4.095056
6.303796 3.988777
6.353796 3.882448
6.403796 3.776070
6.453796 3.669641
6.503796 3.563162
6.553796 3.456633
6.603796 3.350054
6.653796 3.243426
6.703796 3.136747
6.753796 3.030018
6.803796 2.923239
6.853796 2.816410
6.903796 2.709532
6.953796 2.602603
7.003796 2.495624
7.053796 2.388595
7.103796 2.281516
7.153796 2.174388
7.203796 2.067209
7.253796 1.959980
7.303796 1.852701
7.353796 1.745372
7.403796 1.637994
7.453796 1.530565
7.503796 1.423086
7.553796 1.315557
7.603796 1.207978
7.653796 1.100350
7.703796 0.992671
7.753796 0.884942
7.803796 0.777163
7.853796 0.669334
7.903796 0.561456
7.953796 0.453527
8.003796 0.345548
8.053796 0.237519
8.103796 0.129440
8.153796 0.021312
8.107491 -0.065434
8.037491 -0.146159
7.967491 -0.226184
7.897491 -0.305508
7.827491 -0.384133
7.757491 -0.462058
7.687491 -0.539283
7.617491 -0.615808
7.547491 -0.691633
7.477491 -0.766758
7.407491 -0.841183
7.337491 -0.914908
7.267491 -0.987933
7.197491 -1.060258
7.127491 -1.131882
7.057491 -1.202807
6.987491 -1.273032
6.917491 -1.342557
6.847491 -1.411382
6.777491 -1.479507
6.707491 -1.546932
6.637491 -1.613657
6.567491 -1.679682
6.497491 -1.745007
6.427491 -1.809632
6.357491 -1.873556
6.287491 -1.936781
6.217491 -1.999306
6.147491 -2.061131
6.077491 -2.122256
6.007491 -2.182681
5.937491 -2.242406
5.867491 -2.301431
5.797491 -2.359756
5.727491 -2.417381
5.657491 -2.474306
5.587491 -2.530530
5.517491 -2.586055
5.447491 -2.640880
5.377491 -2.695005
5.307491 -2.748430
5.237491 -2.801155
5.167491 -2.853180
5.097491 -2.904505
5.027491 -2.955130
4.957491 -3.005055
4.887491 -3.054280
4.817491 -3.102804
4.747491 -3.150629
4.677491 -3.197754
4.607491 -3.244179
4.537491 -3.289904
4.467491 -3.334929
4.397491 -3.379254
4.327491 -3.422879
4.257491 -3.465804
4.187491 -3.508029
4.117491 -3.549554
4.047491 -3.590378
3.977491 -3.630503
3.907491 -3.669928
3.837491 -3.708653
3.767491 -3.746678
3.697491 -3.784003
3.627491 -3.820628
3.557491 -3.856553
3.487491 -3.891778
3.417491 -3.926303
3.347491 -3.960128
3.277491 -3.993253
3.207491 -4.025677
3.137491 -4.057402
3.067491 -4.088427
2.997491 -4.118752
2.927491 -4.148377
2.857491 -4.177302
2.787491 -4.205527
2.717491 -4.233052
2.647491 -4.259877
2.577491 -4.286002
2.507491 -4.311427
2.437491 -4.336151
2.367491 -4.360176
2.297491 -4.383501
2.227491 -4.406126
2.157491 -4.428051
2.087491 -4.449276
2.017491 -4.469801
1.947491 -4.489626
1.877491 -4.508751
1.807491 -4.527176
1.737491 -4.544901
1.667491 -4.561925
1.597491 -4.578250
1.527491 -4.593875
1.457491 -4.608800
1.387491 -4.623025
1.317491 -4.636550
1.247491 -4.649375
1.177491 -4.661500
1.107491 -4.672925
1.037491 -4.683650
0.967491 -4.693675
0.897491 -4.702999
0.827491 -4.711624
0.757491 -4.719549
0.687491 -4.726774
0.617491 -4.733299
0.547491 -4.739124
0.477491 -4.744249
0.407491 -4.748674
0.337491 -4.752399
0.267491 -4.755424
0.197491 -4.757749
0.127491 -4.759373
0.057491 -4.760298
-0.012579 -4.760523
-0.082579 -4.760047
-0.152579 -4.758872
-0.222579 -4.756996
-0.292579 -4.754420
-0.362579 -4.751144
-0.432579 -4.747168
-0.502579 -4.742493
-0.572579 -4.737117
-0.642579 -4.731041
-0.712579 -4.724265
-0.782579 -4.716789
-0.852579 -4.708614
-0.922579 -4.699738
-0.992579 -4.690162
-1.062579 -4.679886
-1.132579 -4.668911
-1.202579 -4.657235
-1.272579 -4.644859
-1.342579 -4.631783
-1.412579 -4.618007
-1.482579 -4.603532
-1.552579 -4.588356
-1.622579 -4.572480
-1.692579 -4.555904
-1.762579 -4.538628
-1.832579 -4.520653
-1.902579 -4.501977
-1.972579 -4.482601
-2.042579 -4.462525
-2.112579 -4.441749
-2.182579 -4.420274
-2.252579 -4.398098
-2.322579 -4.375222
-2.392579 -4.351646
-2.462579 -4.327371
-5.000000 1.000000
-4.871999 1.474210
-4.747798 1.937074
-4.627125 2.388920
-4.509726 2.830054
-4.395375 3.260762
-4.283859 3.681307
-4.174985 4.091936
-4.068577 4.492878
-3.964471 4.884349
-3.862515 5.266548
-3.762571 5.639662
-3.664508 6.003867
-3.568207 6.359326
-3.473558 6.706194
-3.380456 7.044613
-3.288806 7.374719
-3.198518 7.696639
-3.109507 8.010491
-3.021697 8.316386
-2.935013 8.614430
-2.849388 8.904720
-2.764755 9.187350
-2.681056 9.462404
-2.598232 9.729966
-2.516231 9.990111
-2.435001 10.242911
-2.354494 10.488433
-2.274665 10.726740
-2.195471 10.957891
-2.116872 11.181942
-2.038828 11.398945
-1.961302 11.608947
-1.884260 11.811994
-1.807667 12.008127
-1.731491 12.197386
-1.655702 12.379807
-1.580270 12.555424
-1.505166 12.724266
-1.430363 12.886362
-1.355835 13.041739
-1.281555 13.190420
-1.207498 13.332426
-1.133642 13.467776
-1.059962 13.596487
-0.986434 13.718574
-0.913038 13.834049
-0.839750 13.942924
-0.766550 14.045207
-0.693415 14.140905
-0.620325 14.230023
-0.547260 14.312564
-0.474198 14.388529
-0.401119 14.457919
-0.328003 14.520730
-0.254829 14.576958
-0.181577 14.626597
-0.108227 14.669639
-0.034757 14.706074
0.026452 14.668252
0.076452 14.568201
0.126452 14.468099
0.176452 14.367948
0.226452 14.267746
0.276452 14.167495
0.326452 14.067193
0.376452 13.966842
0.426452 13.866440
0.476452 13.765989
0.526452 13.665487
0.576452 13.564936
0.626452 13.464335
0.676452 13.363683
0.726452 13.262982
0.776452 13.162230
0.826452 13.061429
0.876452 12.960577
0.926452 12.859676
0.976452 12.758724
1.026452 12.657723
1.076452 12.556671
1.126452 12.455570
1.176452 12.354419
1.226452 12.253217
1.276452 12.151966
1.326452 12.050664
1.376452 11.949313
1.426452 11.847911
1.476452 11.746460
1.526452 11.644958
1.576452 11.543407
1.626452 11.441806
1.676452 11.340154
1.726452 11.238453
1.776452 11.136701
1.826452 11.034900
1.876452 10.933048
1.926452 10.831147
1.976452 10.729195
2.026452 10.627194
2.076452 10.525142
2.126452 10.423041
2.176452 10.320890
2.226452 10.218688
2.276452 10.116437
2.326452 10.014135
2.376452 9.911784
2.426452 9.809382
2.476452 9.706931
2.526452 9.604429
2.576452 9.501878
2.626452 9.399276
2.676452 9.296625
2.726452 9.193924
2.776452 9.091172
2.826452 8.988371
2.876452 8.885519
2.926452 8.782618
2.976452 8.679666
3.026452 8.576665
3.076452 8.473613
3.126452 8.370512
3.176452 8.267361
3.226452 8.164159
3.276452 8.060908
3.326452 7.957606
3.376452 7.854255
3.426452 7.750853
3.476452 7.647402
3.526452 7.543900
3.576452 7.440349
3.626452 7.336747
3.676452 7.233096
3.726452 7.129395
3.776452 7.025643
3.826452 6.921842
3.876452 6.817990
3.926452 6.714089
3.976452 6.610137
4.026452 6.506136
4.076452 6.402084
4.126452 6.297983
4.176452 6.193831
4.226452 6.089630
4.276452 5.985379
4.326452 5.881077
4.376452 5.776726
4.426452 5.672324
4.476452 5.567873
4.526452 5.463371
4.576452 5.358820
4.626452 5.254218
4.676452 5.149567
4.726452 5.044865
4.776452 4.940114
4.826452 4.835313
4.876452 4.730461
4.926452 4.625560
4.976452 4.520608
5.026452 4.415607
5.076452 4.310555
5.126452 4.205454
5.176452 4.100302
5.226452 3.995101
5.276452 3.889850
5.326452 3.784548
5.376452 3.679197
5.426452 3.573795
5.476452 3.468344
5.526452 3.362842
5.576452 3.257291
5.626452 3.151689
5.676452 3.046038
5.726452 2.940336
5.776452 2.834585
5.826452 2.728784
5.876452 2.622932
5.926452 2.517031
5.976452 2.411079
6.026452 2.305078
6.076452 2.199026
6.126452 2.092925
6.176452 1.986773
6.226452 1.880572
6.276452 1.774320
6.326452 1.668019
6.376452 1.561668
6.426452 1.455266
6.476452 1.348815
6.526452 1.242313
6.576452 1.135762
6.626452 1.029160
6.676452 0.922509
6.726452 0.815807
6.776452 0.709056
6.826452 0.602255
6.876452 0.495403
6.926452 0.388502
6.976452 0.281550
7.026452 0.174549
7.076452 0.067497
7.082135 -0.026340
7.012135 -0.096811
6.942135 -0.166582
6.872135 -0.235654
6.802135 -0.304025
6.732135 -0.371696
6.662135 -0.438668
6.592135 -0.504939
6.522135 -0.570510
6.452135 -0.635382
6.382135 -0.699553
6.312135 -0.763024
6.242135 -0.825796
6.172135 -0.887867
6.102135 -0.949238
6.032135 -1.009910
5.962135 -1.069881
5.892135 -1.129152
5.822135 -1.187724
5.752135 -1.245595
5.682135 -1.302767
5.612135 -1.359238
5.542135 -1.415009
5.472135 -1.470081
5.402135 -1.524452
5.332135 -1.578123
5.262135 -1.631095
5.192135 -1.683366
5.122135 -1.734937
5.052135 -1.785809
4.982135 -1.835980
4.912135 -1.885451
4.842135 -1.934223
4.772135 -1.982294
4.702135 -2.029665
4.632135 -2.076337
4.562135 -2.122308
4.492135 -2.167579
4.422135 -2.212151
4.352135 -2.256022
4.282135 -2.299193
4.212135 -2.341665
4.142135 -2.383436
4.072135 -2.424508
4.002135 -2.464879
3.932135 -2.504550
3.862135 -2.543522
3.792135 -2.581793
3.722135 -2.619364
3.652135 -2.656236
3.582135 -2.692407
3.512135 -2.727878
3.442135 -2.762650
3.372135 -2.796721
3.302135 -2.830092
3.232135 -2.862764
3.162135 -2.894735
3.092135 -2.926006
3.022135 -2.956578
2.952135 -2.986449
2.882135 -3.015620
2.812135 -3.044092
2.742135 -3.071863
2.672135 -3.098934
2.602135 -3.125306
2.532135 -3.150977
2.462135 -3.175948
2.392135 -3.200220
2.322135 -3.223791
2.252135 -3.246663
2.182135 -3.268834
2.112135 -3.290305
2.042135 -3.311077
1.972135 -3.331148
1.902135 -3.350519
1.832135 -3.369191
1.762135 -3.387162
1.692135 -3.404433
1.622135 -3.421005
1.552135 -3.436876
1.482135 -3.452047
1.412135 -3.466519
1.342135 -3.480290
1.272135 -3.493361
1.202135 -3.505733
1.132135 -3.517404
1.062135 -3.528375
0.992135 -3.538647
0.922135 -3.548218
0.852135 -3.557089
0.782135 -3.565261
0.712135 -3.572732
0.642135 -3.579504
0.572135 -3.585575
0.502135 -3.590946
0.432135 -3.595618
0.362135 -3.599589
0.292135 -3.602860
0.222135 -3.605432
0.152135 -3.607303
0.082135 -3.608474
0.012135 -3.608946
-0.057935 -3.608716
-0.127935 -3.607787
-0.197935 -3.606158
-0.267935 -3.603828
-0.337935 -3.600799
-0.407935 -3.597070
-0.477935 -3.592640
-0.547935 -3.587511
-0.617935 -3.581682
-0.687935 -3.575152
-0.757935 -3.567923
-0.827935 -3.559994
-0.897935 -3.551364
-0.967935 -3.542035
-1.037935 -3.532005
-1.107935 -3.521276
-1.177935 -3.509847
-1.247935 -3.497717
-1.317935 -3.484888
-1.387935 -3.471359
-1.457935 -3.457129
-1.527935 -3.442200
-1.597935 -3.426571
-1.667935 -3.410241
-1.737935 -3.393212
-1.807935 -3.375483
-1.877935 -3.357053
-1.947935 -3.337924
-2.017935 -3.318095
-2.087935 -3.297565
-2.157935 -3.276336
-2.227935 -3.254406
-2.297935 -3.231777
-2.367935 -3.208448
-2.437935 -3.184418
-2.507935 -3.159689
-2.577935 -3.134260
-2.647935 -3.108130
-2.717935 -3.081301
-2.787935 -3.053772
-2.857935 -3.025542
-2.927935 -2.996613
-2.997935 -2.966984
-3.067935 -2.936654
-3.137935 -2.905625
-3.207935 -2.873896
-3.277935 -2.841466
-3.347935 -2.808337
-3.417935 -2.774508
-3.487935 -2.739978
-3.557935 -2.704749
-3.627935 -2.668819
-3.697935 -2.632190
-3.767935 -2.594861
-3.837935 -2.556831
-3.907935 -2.518102
-3.977935 -2.478673
-4.047935 -2.438543
-4.117935 -2.397714
-4.187935 -2.356185
-4.257935 -2.313955
-4.327935 -2.271026
-4.397935 -2.227397
-4.467935 -2.183067
-4.537935 -2.138038
-4.607935 -2.092309
-4.677935 -2.045879
-4.747935 -1.998750
-4.817935 -1.950920
-4.887935 -1.902391
-4.957935 -1.853162
-5.027935 -1.803232
-5.097935 -1.752603
-5.167935 -1.701274
-5.237935 -1.649244
-5.307935 -1.596515
-5.377935 -1.543086
-5.447935 -1.488956
-5.517935 -1.434127
-5.587935 -1.378598
-5.657935 -1.322368
-5.727935 -1.265439
-5.797935 -1.207810
-5.867935 -1.149480
-5.937935 -1.090451
-6.007935 -1.030721
-6.077935 -0.970292
-6.147935 -0.909163
-6.217935 -0.847333
-6.287935 -0.784804
-6.357935 -0.721575
-6.427935 -0.657645
-6.497935 -0.593016
-6.567935 -0.527687
-6.637935 -0.461657
-6.707935 -0.394928
-6.777935 -0.327499
-6.847935 -0.259369
-6.917935 -0.190540
-6.987935 -0.121011
-7.057935 -0.050781
-7.037261 0.188740
-6.795547 0.841115
-6.566616 1.472322
-6.349234 2.083453
-6.142315 2.675498
-5.944899 3.249354
-5.756136 3.805839
-5.575272 4.345696
-5.401630 4.869604
-5.234609 5.378188
-5.073666 5.872016
-4.918314 6.351615
-4.768113 6.817467
-4.622664 7.270018
-4.481608 7.709679
-4.344615 8.136829
-4.211387 8.551822
-4.081652 8.954984
-3.955159 9.346617
-3.831680 9.727003
-3.711004 10.096403
-3.592938 10.455062
-3.477304 10.803205
-3.363937 11.141045
-3.252684 11.468777
-3.143404 11.786587
-3.035966 12.094645
-2.930248 12.393113
-2.826135 12.682138
-2.723522 12.961862
-2.622309 13.232414
-2.522403 13.493917
-2.423716 13.746483
-2.326167 13.990220
-2.229678 14.225225
-2.134177 14.451591
-2.039593 14.669404
-1.945862 14.878744
-1.852922 15.079683
-1.760713 15.272291
-1.669179 15.456632
-1.578267 15.632762
-1.487926 15.800737
-1.398105 15.960605
-1.308757 16.112410
-1.219837 16.256194
-1.131301 16.391992
-1.043105 16.519838
-0.955208 16.639760
-0.867570 16.751783
-0.780150 16.855929
-0.692911 16.952216
-0.605814 17.040657
-0.518822 17.121265
-0.431898 17.194047
-0.345004 17.259008
-0.258105 17.316148
-0.171164 17.365466
-0.084145 17.406955
0.001801 17.436188
0.051801 17.336161
0.101801 17.236084
0.151801 17.135957
0.201801 17.035781
0.251801 16.935554
0.301801 16.835277
0.351801 16.734950
0.401801 16.634573
0.451801 16.534147
0.501801 16.433670
0.551801 16.333143
0.601801 16.232566
0.651801 16.131939
0.701801 16.031263
0.751801 15.930536
0.801801 15.829759
0.851801 15.728932
0.901801 15.628055
0.951801 15.527129
1.001801 15.426152
1.051801 15.325125
1.101801 15.224048
1.151801 15.122921
1.201801 15.021745
1.251801 14.920518
1.301801 14.819241
1.351801 14.717914
1.401801 14.616537
1.451801 14.515111
1.501801 14.413634
1.551801 14.312107
1.601801 14.210530
1.651801 14.108903
1.701801 14.007227
1.751801 13.905500
1.801801 13.803723
1.851801 13.701896
5.000000 -3.000000
4.930000 -3.049650
4.860000 -3.098600
4.790000 -3.146850
4.720000 -3.194400
4.650000 -3.241250
4.580000 -3.287400
4.510000 -3.332850
4.440000 -3.377600
4.370000 -3.421650
4.300000 -3.465000
4.230000 -3.507650
4.160000 -3.549600
4.090000 -3.590850
4.020000 -3.631400
3.950000 -3.671250
3.880000 -3.710400
3.810000 -3.748850
3.740000 -3.786600
3.670000 -3.823650
3.600000 -3.860000
3.530000 -3.895650
3.460000 -3.930600
3.390000 -3.964850
3.320000 -3.998400
3.250000 -4.031250
3.180000 -4.063400
3.110000 -4.094850
3.040000 -4.125600
2.970000 -4.155650
2.900000 -4.185000
2.830000 -4.213650
2.760000 -4.241600
2.690000 -4.268850
2.620000 -4.295400
2.550000 -4.321250
2.480000 -4.346400
2.410000 -4.370850
2.340000 -4.394600
2.270000 -4.417650
2.200000 -4.440000
2.130000 -4.461650
2.060000 -4.482600
1.990000 -4.502850
1.920000 -4.522400
1.850000 -4.541250
1.780000 -4.559400
1.710000 -4.576850
1.640000 -4.593600
1.570000 -4.609650
1.500000 -4.625000
1.430000 -4.639650
1.360000 -4.653600
1.290000 -4.666850
1.220000 -4.679400
1.150000 -4.691250
1.080000 -4.702400
1.010000 -4.712850
0.940000 -4.722600
0.870000 -4.731650
0.800000 -4.740000
0.730000 -4.747650
0.660000 -4.754600
0.590000 -4.760850
0.520000 -4.766400
0.450000 -4.771250
0.380000 -4.775400
0.310000 -4.778850
0.240000 -4.781600
0.170000 -4.783650
0.100000 -4.785000
0.030000 -4.785650
-0.040070 -4.785600
-0.110070 -4.784849
-0.180070 -4.783398
-0.250070 -4.781247
-0.320070 -4.778397
-0.390070 -4.774846
-0.460070 -4.770595
-0.530070 -4.765645
-0.600070 -4.759994
-0.670070 -4.753643
-0.740070 -4.746593
-0.810070 -4.738842
-0.880070 -4.730391
-0.950070 -4.721240
-1.020070 -4.711390
-1.090070 -4.700839
-1.160070 -4.689588
-1.230070 -4.677638
-1.300070 -4.664987
-1.370070 -4.651636
-1.440070 -4.637586
-1.510070 -4.622835
-1.580070 -4.607384
-1.650070 -4.591233
-1.720070 -4.574383
-1.790070 -4.556832
-1.860070 -4.538581
-1.930070 -4.519631
-2.000070 -4.499980
-2.070070 -4.479629
-2.140070 -4.458579
-2.210070 -4.436828
-2.280070 -4.414377
-2.350070 -4.391226
-2.420070 -4.367376
-2.490070 -4.342825
-2.560070 -4.317574
-2.630070 -4.291624
-2.700070 -4.264973
-2.770070 -4.237622
-2.840070 -4.209572
-2.910070 -4.180821
-2.980070 -4.151370
-3.050070 -4.121219
-3.120070 -4.090369
-3.190070 -4.058818
-3.260070 -4.026567
-3.330070 -3.993617
-3.400070 -3.959966
-3.470070 -3.925615
-3.540070 -3.890565
-3.610070 -3.854814
-3.680070 -3.818363
-3.750070 -3.781212
-3.820070 -3.743362
-3.890070 -3.704811
-3.960070 -3.665560
-4.030070 -3.625610
-4.100070 -3.584959
-4.170070 -3.543608
-4.240070 -3.501558
-4.310070 -3.458807
-4.380070 -3.415356
-4.450070 -3.371205
-4.520070 -3.326355
-4.590070 -3.280804
-4.660070 -3.234553
-4.730070 -3.187603
-4.800070 -3.139952
-4.870070 -3.091601
-4.940070 -3.042551
-5.010070 -2.992800
-5.080070 -2.942349
-5.150070 -2.891198
-5.220070 -2.839348
-5.290070 -2.786797
-5.360070 -2.733546
-5.430070 -2.679596
-5.500070 -2.624945
-5.570070 -2.569594
-5.640070 -2.513544
-5.710070 -2.456793
-5.780070 -2.399342
-5.850070 -2.341191
-5.920070 -2.282341
-5.990070 -2.222790
-6.060070 -2.162539
-6.130070 -2.101589
-6.200070 -2.039938
-6.270070 -1.977587
-6.340070 -1.914537
-6.410070 -1.850786
-6.480070 -1.786335
-6.550070 -1.721184
-6.620070 -1.655334
-6.690070 -1.588783
-6.760070 -1.521532
-6.830070 -1.453582
-6.900070 -1.384931
-6.970070 -1.315580
-7.040070 -1.245530
-7.110070 -1.174779
-7.180070 -1.103328
-7.250070 -1.031177
-7.320070 -0.958327
-7.390070 -0.884776
-7.460070 -0.810525
-7.530070 -0.735575
-7.600070 -0.659924
-7.670070 -0.583573
-7.740070 -0.506523
-7.810070 -0.428772
-7.880070 -0.350321
-7.950070 -0.271170
-8.020070 -0.191320
-8.090070 -0.110769
-8.160070 -0.029518
-7.976105 0.483794
-7.666086 1.217538
-7.375489 1.924272
-7.102217 2.605646
-6.844456 3.263136
-6.600630 3.898066
-6.369363 4.511626
-6.149449 5.104892
-5.939825 5.678836
-5.739551 6.234341
-5.547795 6.772210
-5.363816 7.293177
-5.186950 7.797910
-5.016605 8.287024
-4.852248 8.761079
-4.693399 9.220593
-4.539625 9.666043
-4.390532 10.097866
-4.245765 10.516468
-4.104999 10.922224
-3.967939 11.315479
-3.834313 11.696556
-3.703874 12.065751
-3.576396 12.423342
-3.451668 12.769585
-3.329498 13.104719
-3.209708 13.428966
-3.092133 13.742533
-2.976621 14.045612
-2.863029 14.338382
-2.751225 14.621011
-2.641087 14.893653
-2.532498 15.156453
-2.425352 15.409546
-2.319547 15.653057
-2.214988 15.887102
-2.111585 16.111789
-2.009255 16.327219
-1.907916 16.533485
-1.807494 16.730672
-1.707916 16.918859
-1.609113 17.098120
-1.511021 17.268521
-1.413576 17.430123
-1.316718 17.582982
-1.220389 17.727148
-1.124534 17.862666
-1.029099 17.989577
-0.934031 18.107915
-0.839279 18.217712
-0.744794 18.318993
-0.650526 18.411781
-0.556428 18.496093
-0.462453 18.571942
-0.368555 18.639337
-0.274686 18.698283
-0.180802 18.748780
-0.086856 18.790825
0.003918 18.814524
0.053918 18.714495
0.103918 18.614417
0.153918 18.514288
0.203918 18.414109
0.253918 18.313880
0.303918 18.213601
0.353918 18.113272
0.403918 18.012893
0.453918 17.912464
0.503918 17.811985
0.553918 17.711456
0.603918 17.610877
0.653918 17.510248
0.703918 17.409570
0.753918 17.308841
0.803918 17.208062
0.853918 17.107233
0.903918 17.006354
0.953918 16.905425
1.003918 16.804446
1.053918 16.703417
1.103918 16.602338
1.153918 16.501209
1.203918 16.400030
1.253918 16.298801
1.303918 16.197523
1.353918 16.096194
1.403918 15.994815
1.453918 15.893386
1.503918 15.791907
1.553918 15.690378
1.603918 15.588799
1.653918 15.487170
1.703918 15.385491
1.753918 15.283762
1.803918 15.181983
1.853918 15.080154
1.903918 14.978276
1.953918 14.876347
2.003918 14.774368
2.053918 14.672339
2.103918 14.570260
2.153918 14.468131
2.203918 14.365952
2.253918 14.263723
2.303918 14.161444
2.353918 14.059115
2.403918 13.956736
2.453918 13.854307
2.503918 13.751828
2.553918 13.649300
2.603918 13.546721
2.653918 13.444092
2.703918 13.341413
2.753918 13.238684
2.803918 13.135905
2.853918 13.033076
2.903918 12.930197
2.953918 12.827268
3.003918 12.724289
3.053918 12.621260
3.103918 12.518181
3.153918 12.415053
3.203918 12.311874
3.253918 12.208645
3.303918 12.105366
3.353918 12.002037
3.403918 11.898658
3.453918 11.795229
3.503918 11.691750
3.553918 11.588221
3.603918 11.484642
3.653918 11.381013
3.703918 11.277334
3.753918 11.173606
3.803918 11.069827
3.853918 10.965998
3.903918 10.862119
3.953918 10.758190
4.003918 10.654211
4.053918 10.550182
4.103918 10.446103
4.153918 10.341974
4.203918 10.237795
4.253918 10.133566
4.303918 10.029287
4.353918 9.924959
4.403918 9.820580
4.453918 9.716151
4.503918 9.611672
4.553918 9.507143
4.603918 9.402564
4.653918 9.297935
4.703918 9.193256
4.753918 9.088527
4.803918 8.983748
4.853918 8.878919
4.903918 8.774040
4.953918 8.669112
5.003918 8.564133
5.053918 8.459104
5.103918 8.354025
5.153918 8.248896
5.203918 8.143717
5.253918 8.038488
5.303918 7.933209
5.353918 7.827880
5.403918 7.722501
5.453918 7.617072
5.503918 7.511593
5.553918 7.406065
5.603918 7.300486
5.653918 7.194857
5.703918 7.089178
5.753918 6.983449
5.803918 6.877670
5.853918 6.771841
5.903918 6.665962
5.953918 6.560033
6.003918 6.454054
6.053918 6.348025
6.103918 6.241946
6.153918 6.135818
6.203918 6.029639
6.253918 5.923410
6.303918 5.817131
6.353918 5.710802
6.403918 5.604423
6.453918 5.497994
6.503918 5.391515
6.553918 5.284986
6.603918 5.178407
6.653918 5.071778
6.703918 4.965099
6.753918 4.858371
6.803918 4.751592
6.853918 4.644763
6.903918 4.537884
6.953918 4.430955
7.003918 4.323976
7.053918 4.216947
7.103918 4.109868
7.153918 4.002739
7.203918 3.895560
7.253918 3.788331
7.303918 3.681052
7.353918 3.573723
7.403918 3.466345
7.453918 3.358916
7.503918 3.251437
7.553918 3.143908
7.603918 3.036329
7.653918 2.928700
7.703918 2.821021
7.753918 2.713292
7.803918 2.605513
7.853918 2.497684
7.903918 2.389805
7.953918 2.281876
8.003918 2.173898
8.053918 2.065869
8.103918 1.957790
8.153918 1.849661
8.203918 1.741482
8.253918 1.633253
8.303918 1.524974
8.353918 1.416645
8.403918 1.308266
8.453918 1.199837
8.503918 1.091358
8.553918 0.982829
8.603918 0.874251
8.653918 0.765622
8.703918 0.656943
8.753918 0.548214
8.803918 0.439435
8.853918 0.330606
8.903918 0.221727
8.953918 0.112798
9.003918 0.003819
8.938172 -0.086685
8.868172 -0.175717
8.798172 -0.264048
8.728172 -0.351680
8.658172 -0.438612
8.588172 -0.524844
8.518172 -0.610375
8.448172 -0.695207
8.378172 -0.779339
8.308172 -0.862770
8.238172 -0.945502
8.168172 -1.027534
8.098172 -1.108866
8.028172 -1.189497
7.958172 -1.269429
7.888172 -1.348661
7.818172 -1.427192
7.748172 -1.505024
7.678172 -1.582156
7.608172 -1.658588
7.538172 -1.734319
7.468172 -1.809351
7.398172 -1.883683
7.328172 -1.957315
7.258172 -2.030246
7.188172 -2.102478
7.118172 -2.174010
7.048172 -2.244841
6.978172 -2.314973
6.908172 -2.384405
6.838172 -2.453137
6.768172 -2.521168
6.698172 -2.588500
6.628172 -2.655132
6.558172 -2.721063
6.488172 -2.786295
6.418172 -2.850827
6.348172 -2.914659
6.278172 -2.977790
6.208172 -3.040222
6.138172 -3.101954
6.068172 -3.162985
5.998172 -3.223317
5.928172 -3.282949
5.858172 -3.341881
5.788172 -3.400112
5.718172 -3.457644
5.648172 -3.514476
5.578172 -3.570608
5.508172 -3.626039
5.438172 -3.680771
5.368172 -3.734803
5.298172 -3.788134
5.228172 -3.840766
5.158172 -3.892698
5.088172 -3.943930
5.018172 -3.994461
4.948172 -4.044293
4.878172 -4.093425
4.808172 -4.141856
4.738172 -4.189588
4.668172 -4.236620
4.598172 -4.282952
4.528172 -4.328583
4.458172 -4.373515
4.388172 -4.417747
4.318172 -4.461278
4.248172 -4.504110
4.178172 -4.546242
4.108172 -4.587674
4.038172 -4.628405
3.968172 -4.668437
3.898172 -4.707769
3.000000 -1.000000
2.930000 -1.029650
2.860000 -1.058600
2.790000 -1.086850
2.720000 -1.114400
2.650000 -1.141250
2.580000 -1.167400
2.510000 -1.192850
2.440000 -1.217600
2.370000 -1.241650
2.300000 -1.265000
2.230000 -1.287650
2.160000 -1.309600
2.090000 -1.330850
2.020000 -1.351400
1.950000 -1.371250
1.880000 -1.390400
1.810000 -1.408850
1.740000 -1.426600
1.670000 -1.443650
1.600000 -1.460000
1.530000 -1.475650
1.460000 -1.490600
1.390000 -1.504850
1.320000 -1.518400
1.250000 -1.531250
1.180000 -1.543400
1.110000 -1.554850
1.040000 -1.565600
0.970000 -1.575650
0.900000 -1.585000
0.830000 -1.593650
0.760000 -1.601600
0.690000 -1.608850
0.620000 -1.615400
0.550000 -1.621250
0.480000 -1.626400
0.410000 -1.630850
0.340000 -1.634600
0.270000 -1.637650
0.200000 -1.640000
0.130000 -1.641650
0.060000 -1.642600
-0.010070 -1.642850
-0.080070 -1.642399
-0.150070 -1.641248
-0.220070 -1.639398
-0.290070 -1.636847
-0.360070 -1.633596
-0.430070 -1.629646
-0.500070 -1.624995
-0.570070 -1.619644
-0.640070 -1.613594
-0.710070 -1.606843
-0.780070 -1.599392
-0.850070 -1.591241
-0.920070 -1.582391
-0.990070 -1.572840
-1.060070 -1.562589
-1.130070 -1.551639
-1.200070 -1.539988
-1.270070 -1.527637
-1.340070 -1.514587
-1.410070 -1.500836
-1.480070 -1.486385
-1.550070 -1.471234
-1.620070 -1.455384
-1.690070 -1.438833
-1.760070 -1.421582
-1.830070 -1.403632
-1.900070 -1.384981
-1.970070 -1.365630
-2.040070 -1.345580
-2.110070 -1.324829
-2.180070 -1.303378
-2.250070 -1.281227
-2.320070 -1.258377
-2.390070 -1.234826
-2.460070 -1.210575
-2.530070 -1.185625
-2.600070 -1.159974
-2.670070 -1.133623
-2.740070 -1.106573
-2.810070 -1.078822
-2.880070 -1.050371
-2.950070 -1.021220
-3.020070 -0.991370
-3.090070 -0.960819
-3.160070 -0.929568
-3.230070 -0.897618
-3.300070 -0.864967
-3.370070 -0.831616
-3.440070 -0.797566
-3.510070 -0.762815
-3.580070 -0.727364
-3.650070 -0.691213
-3.720070 -0.654363
-3.790070 -0.616812
-3.860070 -0.578561
-3.930070 -0.539611
-4.000070 -0.499960
-4.070070 -0.459609
-4.140070 -0.418559
-4.210070 -0.376808
-4.280070 -0.334357
-4.350070 -0.291206
-4.420070 -0.247356
-4.490070 -0.202805
-4.560070 -0.157554
-4.630070 -0.111604
-4.700070 -0.064953
-4.770070 -0.017602
-4.723853 0.289734
-4.612325 0.739840
-4.503651 1.180038
-4.397634 1.610577
-4.294096 2.031686
-4.192872 2.443583
-4.093810 2.846468
-3.996770 3.240530
-3.901621 3.625944
-3.808245 4.002875
-3.716530 4.371478
-3.626371 4.731897
-3.537674 5.084268
-3.450348 5.428719
-3.364311 5.765370
-3.279484 6.094331
-3.195794 6.415711
-3.113174 6.729606
-3.031559 7.036112
-2.950890 7.335315
-2.871110 7.627299
-2.792167 7.912140
-2.714011 8.189913
-2.636594 8.460684
-2.559873 8.724520
-2.483806 8.981481
-2.408353 9.231624
-2.333476 9.475002
-2.259140 9.711666
-2.185311 9.941662
-2.111957 10.165036
-2.039047 10.381828
-1.966552 10.592077
-1.894444 10.795819
-1.822696 10.993088
-1.751282 11.183914
-1.680179 11.368328
-1.609361 11.546355
-1.538807 11.718021
-1.468495 11.883347
-1.398402 12.042356
-1.328509 12.195066
-1.258796 12.341493
-1.189242 12.481654
-1.119830 12.615561
-1.050540 12.743227
-0.981355 12.864661
-0.912257 12.979873
-0.843229 13.088870
-0.774252 13.191656
-0.705312 13.288236
-0.636390 13.378613
-0.567470 13.462787
-0.498536 13.540757
-0.429572 13.612522
-0.360560 13.678079
-0.291486 13.737421
-0.222331 13.790544
-0.153080 13.837438
-0.083717 13.878095
-0.014224 13.912503
0.039848 13.839223
0.089848 13.739158
0.139848 13.639044
0.189848 13.538879
0.239848 13.438664
0.289848 13.338399
0.339848 13.238084
0.389848 13.137719
0.439848 13.037304
0.489848 12.936840
0.539848 12.836325
0.589848 12.735760
0.639848 12.635145
0.689848 12.534480
0.739848 12.433765
0.789848 12.333000
0.839848 12.232186
0.889848 12.131321
0.939848 12.030406
0.989848 11.929441
1.039848 11.828426
1.089848 11.727361
1.139848 11.626247
1.189848 11.525082
1.239848 11.423867
1.289848 11.322602
1.339848 11.221287
1.389848 11.119922
1.439848 11.018507
1.489848 10.917043
1.539848 10.815528
1.589848 10.713963
1.639848 10.612348
1.689848 10.510683
1.739848 10.408968
1.789848 10.307204
1.839848 10.205389
1.889848 10.103524
1.939848 10.001609
1.989848 9.899644
2.039848 9.797629
2.089848 9.695564
2.139848 9.593450
2.189848 9.491285
2.239848 9.389070
2.289848 9.286805
2.339848 9.184490
2.389848 9.082125
2.439848 8.979710
2.489848 8.877246
2.539848 8.774731
2.589848 8.672166
2.639848 8.569551
2.689848 8.466886
2.739848 8.364171
2.789848 8.261407
2.839848 8.158592
2.889848 8.055727
2.939848 7.952812
2.989848 7.849847
3.039848 7.746832
3.089848 7.643767
3.139848 7.540653
3.189848 7.437488
3.239848 7.334273
3.289848 7.231008
3.339848 7.127693
3.389848 7.024328
3.439848 6.920914
3.489848 6.817449
3.539848 6.713934
3.589848 6.610369
3.639848 6.506754
3.689848 6.403089
3.739848 6.299374
3.789848 6.195610
3.839848 6.091795
3.889848 5.987930
3.939848 5.884015
3.989848 5.780050
4.039848 5.676035
4.089848 5.571970
4.139848 5.467856
4.189848 5.363691
4.239848 5.259476
4.289848 5.155211
4.339848 5.050896
4.389848 4.946531
4.439848 4.842117
4.489848 4.737652
4.539848 4.633137
4.589848 4.528572
4.639848 4.423957
4.689848 4.319292
4.739848 4.214577
4.789848 4.109813
4.839848 4.004998
4.889848 3.900133
4.939848 3.795218
4.989848 3.690253
5.039848 3.585238
5.089848 3.480174
5.139848 3.375059
5.189848 3.269894
5.239848 3.164679
5.289848 3.059414
5.339848 2.954099
5.389848 2.848734
5.439848 2.743320
5.489848 2.637855
5.539848 2.532340
5.589848 2.426775
5.639848 2.321160
5.689848 2.215495
5.739848 2.109780
5.789848 2.004016
5.839848 1.898201
5.889848 1.792336
5.939848 1.686421
5.989848 1.580456
6.039848 1.474441
6.089848 1.368377
6.139848 1.262262
6.189848 1.156097
6.239848 1.049882
6.289848 0.943617
6.339848 0.837302
6.389848 0.730937
6.439848 0.624523
6.489848 0.518058
6.539848 0.411543
6.589848 0.304978
6.639848 0.198363
6.689848 0.091698
6.723016 -0.009572
6.653016 -0.076452
6.583016 -0.142632
6.513016 -0.208113
6.443016 -0.272893
6.373016 -0.336973
6.303016 -0.400353
6.233016 -0.463033
6.163016 -0.525013
6.093016 -0.586294
6.023016 -0.646874
5.953016 -0.706754
5.883016 -0.765934
5.813016 -0.824414
5.743016 -0.882194
5.673016 -0.939274
5.603016 -0.995655
5.533016 -1.051335
5.463016 -1.106315
5.393016 -1.160595
5.323016 -1.214175
5.253016 -1.267055
5.183016 -1.319236
5.113016 -1.370716
5.043016 -1.421496
4.973016 -1.471576
4.903016 -1.520956
4.833016 -1.569636
4.763016 -1.617617
4.693016 -1.664897
4.623016 -1.711477
4.553016 -1.757357
4.483016 -1.802537
4.413016 -1.847017
4.343016 -1.890797
4.273016 -1.933878
4.203016 -1.976258
4.133016 -2.017938
4.063016 -2.058918
3.993016 -2.099198
3.923016 -2.138778
3.853016 -2.177659
3.783016 -2.215839
3.713016 -2.253319
3.643016 -2.290099
3.573016 -2.326179
3.503016 -2.361559
3.433016 -2.396240
3.363016 -2.430220
3.293016 -2.463500
3.223016 -2.496080
3.153016 -2.527960
3.083016 -2.559140
3.013016 -2.589620
2.943016 -2.619401
2.873016 -2.648481
2.803016 -2.676861
2.733016 -2.704541
2.663016 -2.731521
2.593016 -2.757801
2.523016 -2.783382
2.453016 -2.808262
2.383016 -2.832442
2.313016 -2.855922
2.243016 -2.878702
2.173016 -2.900782
2.103016 -2.922163
2.033016 -2.942843
1.963016 -2.962823
1.893016 -2.982103
1.823016 -3.000683
1.753016 -3.018563
1.683016 -3.035743
1.613016 -3.052224
1.543016 -3.068004
1.473016 -3.083084
1.403016 -3.097464
1.333016 -3.111144
1.263016 -3.124124
1.193016 -3.136405
1.123016 -3.147985
1.053016 -3.158865
0.983016 -3.169045
0.913016 -3.178525
0.843016 -3.187305
0.773016 -3.195386
0.703016 -3.202766
0.633016 -3.209446
0.563016 -3.215426
0.493016 -3.220706
0.423016 -3.225286
0.353016 -3.229167
0.283016 -3.232347
0.213016 -3.234827
0.143016 -3.236607
0.073016 -3.237687
0.003016 -3.238067
-0.067054 -3.237747
-0.137054 -3.236726
-0.207054 -3.235006
-0.277054 -3.232585
-0.347054 -3.229465
-0.417054 -3.225644
-0.487054 -3.221124
-0.557054 -3.215903
-0.627054 -3.209982
-0.697054 -3.203362
-0.767054 -3.196041
-0.837054 -3.188021
-0.907054 -3.179300
-0.977054 -3.169880
-1.047054 -3.159759
-1.117054 -3.148939
-1.187054 -3.137418
-1.257054 -3.125198
-1.327054 -3.112277
-1.397054 -3.098656
-1.467054 -3.084336
-1.537054 -3.069315
-1.607054 -3.053595
-1.677054 -3.037174
-1.747054 -3.020054
-1.817054 -3.002233
-1.887054 -2.983713
-1.957054 -2.964492
-2.027054 -2.944572
-2.097054 -2.923951
-2.167054 -2.902631
-2.237054 -2.880610
-2.307054 -2.857889
-2.377054 -2.834469
-2.447054 -2.810348
-2.517054 -2.785528
-2.587054 -2.760007
-2.657054 -2.733787
-2.727054 -2.706866
-2.797054 -2.679246
-2.867054 -2.650925
-2.937054 -2.621905
-3.007054 -2.592184
-3.077054 -2.561763
-3.147054 -2.530643
-3.217054 -2.498822
-3.287054 -2.466302
-3.357054 -2.433081
-3.427054 -2.399161
-3.497054 -2.364540
-3.567054 -2.329220
-3.637054 -2.293199
-3.707054 -2.256479
-3.777054 -2.219058
-3.847054 -2.180938
-3.917054 -2.142117
-3.987054 -2.102596
-4.057054 -2.062376
-4.127054 -2.021455
-4.197054 -1.979835
-4.267054 -1.937514
-4.337054 -1.894494
-4.407054 -1.850773
-4.477054 -1.806353
-4.547054 -1.761232
-4.617054 -1.715412
-4.687054 -1.668891
-4.757054 -1.621670
-4.827054 -1.573750
-4.897054 -1.525129
-4.967054 -1.475809
-5.037054 -1.425788
-5.107054 -1.375068
-5.177054 -1.323647
-5.247054 -1.271527
-5.317054 -1.218706
-5.387054 -1.165186
-5.457054 -1.110965
-5.527054 -1.056045
-5.597054 -1.000424
-5.667054 -0.944103
-5.737054 -0.887083
-5.807054 -0.829362
-5.877054 -0.770942
-5.947054 -0.711821
-6.017054 -0.652001
-6.087054 -0.591480
-6.157054 -0.530260
-6.227054 -0.468339
-6.297054 -0.405719
-6.367054 -0.342398
-6.437054 -0.278377
-6.507054 -0.213657
-6.577054 -0.148236
-6.647054 -0.082116
-6.717054 -0.015295
-6.561442 0.485390
-1.000000 3.000000
-0.979801 3.119094
-0.959212 3.236353
-0.938240 3.351741
-0.916894 3.465225
-0.895184 3.576771
-0.873116 3.686347
-0.850700 3.793921
-0.827942 3.899463
-0.804853 4.002941
-0.781438 4.104326
-0.757705 4.203590
-0.733663 4.300704
-0.709318 4.395640
-0.684678 4.488372
-0.659749 4.578874
-0.634539 4.667119
-0.609054 4.753082
-0.583301 4.836740
-0.557286 4.918069
-0.531016 4.997044
-0.504498 5.073644
-0.477737 5.147846
-0.450739 5.219630
-0.423511 5.288973
-0.396058 5.355855
-0.368385 5.420256
-0.340500 5.482158
-0.312406 5.541540
-0.284110 5.598385
-0.255617 5.652674
-0.226932 5.704390
-0.198060 5.753516
-0.169006 5.800035
-0.139775 5.843932
-0.110373 5.885190
-0.080803 5.923794
-0.051071 5.959730
-0.021182 5.992982
0.014752 5.985406
0.064752 5.885366
0.114752 5.785276
0.164752 5.685137
0.214752 5.584947
0.264752 5.484707
0.314752 5.384417
0.364752 5.284077
0.414752 5.183688
0.464752 5.083248
0.514752 4.982758
0.564752 4.882218
0.614752 4.781629
0.664752 4.680989
0.714752 4.580299
0.764752 4.479559
0.814752 4.378770
0.864752 4.277930
0.914752 4.177040
0.964752 4.076100
1.014752 3.975111
1.064752 3.874071
1.114752 3.772981
1.164752 3.671841
1.214752 3.570652
1.264752 3.469412
1.314752 3.368122
1.364752 3.266782
1.414752 3.165393
1.464752 3.063953
1.514752 2.962463
1.564752 2.860923
1.614752 2.759334
1.664752 2.657694
1.714752 2.556004
1.764752 2.454264
1.814752 2.352475
1.864752 2.250635
1.914752 2.148745
1.964752 2.046805
2.014752 1.944816
2.064752 1.842776
2.114752 1.740686
2.164752 1.638546
2.214752 1.536357
2.264752 1.434117
2.314752 1.331827
2.364752 1.229487
2.414752 1.127098
2.464752 1.024658
2.514752 0.922168
2.564752 0.819628
2.614752 0.717039
2.664752 0.614399
2.714752 0.511709
2.764752 0.408969
2.814752 0.306180
2.864752 0.203340
2.914752 0.100450
2.961901 -0.000819
2.891901 -0.030088
2.821901 -0.058657
2.751901 -0.086526
2.681901 -0.113695
2.611901 -0.140164
2.541901 -0.165933
2.471901 -0.191002
2.401901 -0.215371
2.331901 -0.239040
2.261901 -0.262009
2.191901 -0.284278
2.121901 -0.305847
2.051901 -0.326716
1.981901 -0.346885
1.911901 -0.366354
1.841901 -0.385123
1.771901 -0.403192
1.701901 -0.420561
1.631901 -0.437230
1.561901 -0.453199
1.491901 -0.468468
1.421901 -0.483037
1.351901 -0.496906
1.281901 -0.510075
1.211901 -0.522544
1.141901 -0.534313
1.071901 -0.545382
1.001901 -0.555751
0.931901 -0.565420
0.861901 -0.574389
0.791901 -0.582659
0.721901 -0.590228
0.651901 -0.597097
0.581901 -0.603266
0.511901 -0.608735
0.441901 -0.613504
0.371901 -0.617573
0.301901 -0.620942
0.231901 -0.623611
0.161901 -0.625580
0.091901 -0.626849
0.021901 -0.627418
-0.048169 -0.627286
-0.118169 -0.626454
-0.188169 -0.624923
-0.258169 -0.622691
-0.328169 -0.619759
-0.398169 -0.616128
-0.468169 -0.611796
-0.538169 -0.606764
-0.608169 -0.601033
-0.678169 -0.594601
-0.748169 -0.587469
-0.818169 -0.579637
-0.888169 -0.571106
-0.958169 -0.561874
-1.028169 -0.551942
-1.098169 -0.541311
-1.168169 -0.529979
-1.238169 -0.517947
-1.308169 -0.505216
-1.378169 -0.491784
-1.448169 -0.477652
-1.518169 -0.462820
-1.588169 -0.447289
-1.658169 -0.431057
-1.728169 -0.414125
-1.798169 -0.396494
-1.868169 -0.378162
-1.938169 -0.359130
-2.008169 -0.339399
-2.078169 -0.318967
-2.148169 -0.297835
-2.218169 -0.276004
-2.288169 -0.253472
-2.358169 -0.230240
-2.428169 -0.206308
-2.498169 -0.181677
-2.568169 -0.156345
-2.638169 -0.130313
-2.708169 -0.103582
-2.778169 -0.076150
-2.848169 -0.048018
-2.918169 -0.019187
-2.948627 0.102947
-2.904551 0.396341
-2.860301 0.685761
-2.815882 0.971190
-2.771299 1.252614
-2.726556 1.530019
-2.681659 1.803390
-2.636611 2.072713
-2.591416 2.337975
-2.546078 2.599164
-2.500600 2.856265
-2.454986 3.109268
-2.409239 3.358159
-2.363361 3.602927
-2.317356 3.843560
-2.271225 4.080047
-2.224971 4.312377
-2.178597 4.540538
-2.132104 4.764521
-2.085494 4.984313
-2.038768 5.199906
-1.991929 5.411288
-1.944978 5.618450
-1.897916 5.821381
-1.850744 6.020071
-1.803463 6.214512
-1.756074 6.404692
-1.708578 6.590602
-1.660976 6.772232
-1.613268 6.949574
-1.565454 7.122618
-1.517535 7.291353
-1.469511 7.455771
-1.421383 7.615862
-1.373150 7.771616
-1.324811 7.923026
-1.276368 8.070079
-1.227819 8.212769
-1.179165 8.351084
-1.130404 8.485015
-1.081536 8.614553
-1.032561 8.739688
-0.983477 8.860411
-0.934284 8.976711
-0.884981 9.088579
-0.835566 9.196004
-0.786039 9.298977
-0.736397 9.397488
-0.686641 9.491525
-0.636767 9.581079
-0.586774 9.666140
-0.536662 9.746695
-0.486427 9.822735
-0.436068 9.894248
-0.385582 9.961224
-0.334968 10.023649
-0.284223 10.081514
-0.233344 10.134805
-0.182329 10.183512
-0.131176 10.227620
-0.079880 10.267119
-0.028439 10.301995
0.022470 10.274438
0.072470 10.174390
0.122470 10.074293
0.172470 9.974145
0.222470 9.873948
0.272470 9.773701
0.322470 9.673403
0.372470 9.573056
0.422470 9.472658
0.472470 9.372211
0.522470 9.271713
0.572470 9.171166
0.622470 9.070568
0.672470 8.969921
0.722470 8.869223
0.772470 8.768476
0.822470 8.667678
0.872470 8.566831
0.922470 8.465933
0.972470 8.364986
1.022470 8.263989
1.072470 8.162941
1.122470 8.061844
1.172470 7.960696
1.222470 7.859499
1.272470 7.758251
1.322470 7.656954
1.372470 7.555606
1.422470 7.454209
1.472470 7.352761
1.522470 7.251264
1.572470 7.149716
1.622470 7.048119
1.672470 6.946471
1.722470 6.844774
1.772470 6.743026
1.822470 6.641229
1.872470 6.539382
1.922470 6.437484
1.972470 6.335537
2.022470 6.233539
2.072470 6.131492
2.122470 6.029394
2.172470 5.927247
2.222470 5.825049
2.272470 5.722802
2.322470 5.620504
2.372470 5.518157
2.422470 5.415759
2.472470 5.313312
2.522470 5.210814
2.572470 5.108267
2.622470 5.005669
2.672470 4.903022
2.722470 4.800325
2.772470 4.697577
2.822470 4.594780
2.872470 4.491932
2.922470 4.389035
2.972470 4.286087
3.022470 4.183090
3.072470 4.080042
3.122470 3.976945
3.172470 3.873797
3.222470 3.770600
3.272470 3.667352
3.322470 3.564055
3.372470 3.460707
3.422470 3.357310
3.472470 3.253862
3.522470 3.150365
3.572470 3.046818
3.622470 2.943220
3.672470 2.839573
3.722470 2.735875
3.772470 2.632128
3.822470 2.528330
3.872470 2.424483
3.922470 2.320585
3.972470 2.216638
4.022470 2.112640
4.072470 2.008593
4.122470 1.904495
4.172470 1.800348
4.222470 1.696150
4.272470 1.591903
4.322470 1.487605
4.372470 1.383258
4.422470 1.278861
4.472470 1.174413
4.522470 1.069916
4.572470 0.965368
4.622470 0.860771
4.672470 0.756123
4.722470 0.651426
4.772470 0.546678
4.822470 0.441881
4.872470 0.337033
4.922470 0.232136
4.972470 0.127188
5.022470 0.022191
4.977874 -0.039584
4.907874 -0.089013
4.837874 -0.137741
4.767874 -0.185770
4.697874 -0.233099
4.627874 -0.279728
4.557874 -0.325656
4.487874 -0.370885
4.417874 -0.415414
4.347874 -0.459243
4.277874 -0.502371
4.207874 -0.544800
4.137874 -0.586529
4.067874 -0.627558
3.997874 -0.667886
3.927874 -0.707515
3.857874 -0.746444
3.787874 -0.784673
3.717874 -0.822201
3.647874 -0.859030
3.577874 -0.895159
3.507874 -0.930588
3.437874 -0.965316
3.367874 -0.999345
3.297874 -1.032674
3.227874 -1.065303
3.157874 -1.097231
3.087874 -1.128460
3.017874 -1.158989
2.947874 -1.188817
2.877874 -1.217946
2.807874 -1.246375
2.737874 -1.274104
2.667874 -1.301132
2.597874 -1.327461
2.527874 -1.353090
2.457874 -1.378019
2.387874 -1.402247
2.317874 -1.425776
2.247874 -1.448605
2.177874 -1.470734
2.107874 -1.492162
2.037874 -1.512891
1.967874 -1.532920
1.897874 -1.552249
1.827874 -1.570877
1.757874 -1.588806
1.687874 -1.606035
1.617874 -1.622564
1.547874 -1.638392
1.477874 -1.653521
1.407874 -1.667950
1.337874 -1.681679
1.267874 -1.694707
1.197874 -1.707036
1.127874 -1.718665
1.057874 -1.729594
0.987874 -1.739822
0.917874 -1.749351
0.847874 -1.758180
0.777874 -1.766309
0.707874 -1.773737
0.637874 -1.780466
0.567874 -1.786495
0.497874 -1.791823
0.427874 -1.796452
0.357874 -1.800381
0.287874 -1.803610
0.217874 -1.806138
0.147874 -1.807967
0.077874 -1.809096
0.007874 -1.809525
-0.062196 -1.809253
-0.132196 -1.808281
-0.202196 -1.806609
-0.272196 -1.804237
-0.342196 -1.801165
-0.412196 -1.797393
-0.482196 -1.792921
-0.552196 -1.787749
-0.622196 -1.781877
-0.692196 -1.775305
-0.762196 -1.768033
-0.832196 -1.760061
-0.902196 -1.751389
-0.972196 -1.742017
-1.042196 -1.731945
-1.112196 -1.721173
-1.182196 -1.709701
-1.252196 -1.697530
-1.322196 -1.684658
-1.392196 -1.671086
-1.462196 -1.656814
-1.532196 -1.641842
-1.602196 -1.626170
-1.672196 -1.609798
-1.742196 -1.592726
-1.812196 -1.574954
-1.882196 -1.556482
-1.952196 -1.537310
-2.022196 -1.517438
-2.092196 -1.496866
-2.162196 -1.475594
-2.232196 -1.453622
-2.302196 -1.430950
-2.372196 -1.407578
-2.442196 -1.383506
-2.512196 -1.358734
-2.582196 -1.333262
-2.652196 -1.307090
-2.722196 -1.280218
-2.792196 -1.252646
-2.862196 -1.224375
-2.932196 -1.195403
-3.002196 -1.165731
-3.072196 -1.135359
-3.142196 -1.104287
-3.212196 -1.072515
-3.282196 -1.040043
-3.352196 -1.006871
-3.422196 -0.972999
-3.492196 -0.938427
-3.562196 -0.903155
-3.632196 -0.867183
-3.702196 -0.830511
-3.772196 -0.793139
-3.842196 -0.755067
-3.912196 -0.716295
-3.982196 -0.676823
-4.052196 -0.636651
-4.122196 -0.595779
-4.192196 -0.554207
-4.262196 -0.511935
-4.332196 -0.468963
-4.402196 -0.425291
-4.472196 -0.380919
-4.542196 -0.335848
-4.612196 -0.290076
-4.682196 -0.243604
-4.752196 -0.196432
-4.822196 -0.148560
-4.892196 -0.099988
-4.962196 -0.050716
-5.032196 -0.000744
-4.910377 0.470431
-4.789259 0.936888
-4.671554 1.392600
-4.557021 1.837863
-4.445440 2.272953
-4.336608 2.698125
-4.230338 3.113619
-4.126459 3.519658
-4.024814 3.916449
-3.925257 4.304187
-3.827653 4.683054
