99.500000 80.000000
99.398344 79.800000
99.296178 79.600000
99.193505 79.400000
99.090327 79.200000
98.986646 79.000000
98.882466 78.800000
98.777789 78.600000
98.672618 78.400000
98.566955 78.200000
98.460838 78.147288
98.356000 78.347288
98.252744 78.547288
98.151061 78.747288
98.050942 78.947288
97.952380 79.147288
97.855367 79.347288
97.759894 79.547288
97.665953 79.747288
97.573537 79.947288
97.482637 80.147288
97.393247 80.347288
97.305357 80.547288
97.218960 80.747288
97.134049 80.947288
97.050615 81.147288
96.968652 81.347288
96.888150 81.547288
96.809104 81.747288
96.731505 81.947288
96.655346 82.147288
96.580619 82.347288
96.507317 82.547288
96.435432 82.747288
96.364957 82.947288
96.295886 83.147288
96.228210 83.347288
96.161922 83.547288
96.097015 83.747288
96.033482 83.947288
95.971316 84.147288
95.910510 84.347288
95.851056 84.547288
95.792949 84.747288
95.736179 84.947288
95.680742 85.147288
95.626629 85.347288
95.573834 85.547288
95.522351 85.747288
95.472171 85.947288
95.423290 86.147288
95.375699 86.347288
95.329392 86.547288
95.284363 86.747288
95.240604 86.947288
95.198110 87.147288
95.156873 87.347288
95.116888 87.547288
95.078147 87.747288
95.040645 87.947288
95.004374 88.147288
94.969329 88.347288
94.935503 88.547288
94.902890 88.747288
94.871483 88.947288
94.841276 89.147288
94.812263 89.347288
94.784438 89.547288
94.757795 89.747288
94.732327 89.947288
94.708028 90.147288
94.684893 90.347288
94.662915 90.547288
94.642089 90.747288
94.622407 90.947288
94.603865 91.147288
94.586457 91.347288
94.570176 91.547288
94.555017 91.747288
94.540974 91.947288
94.528041 92.147288
94.516212 92.347288
94.505482 92.547288
94.495845 92.747288
94.487295 92.947288
94.479827 93.147288
94.473435 93.347288
94.468113 93.547288
94.463856 93.747288
94.460659 93.947288
94.458516 94.147288
94.457421 94.347288
94.457368 94.547288
94.458354 94.747288
94.460372 94.947288
94.463416 95.147288
94.467482 95.347288
94.472564 95.547288
94.478657 95.747288
94.485756 95.947288
94.493856 96.147288
94.502950 96.347288
94.513035 96.547288
94.524105 96.747288
94.536154 96.947288
94.549179 97.147288
94.563173 97.347288
94.578132 97.547288
94.594051 97.747288
94.610924 97.947288
94.628747 98.147288
94.647515 98.347288
94.667223 98.547288
94.687866 98.747288
94.709440 98.947288
94.731938 99.147288
94.755358 99.347288
94.779693 99.547288
94.804939 99.747288
94.831092 99.947288
94.858146 100.147288
94.886097 100.347288
94.914941 100.547288
94.944672 100.747288
94.975286 100.947288
95.006779 101.147288
95.039146 101.347288
95.072383 101.547288
95.106484 101.747288
95.141445 101.947288
95.177263 102.147288
95.213932 102.347288
95.251448 102.547288
95.289807 102.747288
95.329005 102.947288
95.369036 103.147288
95.409897 103.347288
95.451584 103.547288
95.494091 103.747288
95.537415 103.947288
95.581552 104.147288
95.626498 104.347288
95.672247 104.547288
95.718797 104.747288
95.766142 104.947288
95.814279 105.147288
95.863204 105.347288
95.912912 105.547288
95.963400 105.747288
96.014663 105.947288
96.066698 106.147288
96.119500 106.347288
96.173066 106.547288
96.227391 106.747288
96.282471 106.947288
96.338304 107.147288
96.394884 107.347288
96.452207 107.547288
96.510271 107.747288
96.569071 107.947288
96.628603 108.147288
96.688864 108.347288
96.749850 108.547288
96.811556 108.747288
96.873980 108.947288
96.937117 109.147288
97.000965 109.347288
97.065518 109.547288
97.130774 109.747288
97.196729 109.947288
97.263378 110.147288
97.330720 110.347288
97.398750 110.547288
97.467464 110.747288
97.536859 110.947288
97.606931 111.147288
97.677677 111.347288
97.749094 111.547288
97.821177 111.747288
97.893924 111.947288
97.967331 112.147288
98.041394 112.347288
98.116111 112.547288
98.191478 112.747288
98.267490 112.947288
98.344146 113.147288
98.421442 113.347288
98.499374 113.547288
98.576996 113.350688
98.653101 113.150688
98.727774 112.950688
98.801022 112.750688
98.872853 112.550688
98.943274 112.350688
99.012292 112.150688
99.079916 111.950688
99.146151 111.750688
99.211005 111.550688
99.274486 111.350688
99.336600 111.150688
99.397355 110.950688
99.456757 110.750688
99.514814 110.550688
99.571532 110.350688
99.626919 110.150688
99.680982 109.950688
99.733727 109.750688
99.785161 109.550688
99.835290 109.350688
99.884123 109.150688
99.931665 108.950688
99.977923 108.750688
100.022904 108.550688
100.066614 108.350688
100.109060 108.150688
100.150249 107.950688
100.190187 107.750688
100.228881 107.550688
100.266336 107.350688
100.302560 107.150688
100.337559 106.950688
100.371339 106.750688
100.403906 106.550688
100.435267 106.350688
100.465429 106.150688
100.494396 105.950688
100.522176 105.750688
100.548775 105.550688
100.574198 105.350688
100.598452 105.150688
100.621543 104.950688
100.643477 104.750688
100.664260 104.550688
100.683898 104.350688
100.702397 104.150688
100.719762 103.950688
100.736000 103.750688
100.751117 103.550688
100.765118 103.350688
100.778009 103.150688
100.789796 102.950688
100.800484 102.750688
100.810080 102.550688
100.818588 102.350688
100.826015 102.150688
100.832367 101.950688
100.837648 101.750688
100.841864 101.550688
100.845021 101.350688
100.847125 101.150688
100.848180 100.950688
97.500000 100.000000
97.513485 100.200000
97.527938 100.400000
97.543353 100.600000
97.559726 100.800000
97.577050 101.000000
97.595323 101.200000
97.614537 101.400000
97.634690 101.600000
97.655775 101.800000
97.677788 102.000000
97.700724 102.200000
97.724579 102.400000
97.749347 102.600000
97.775024 102.800000
97.801605 103.000000
97.829086 103.200000
97.857461 103.400000
97.886727 103.600000
97.916878 103.800000
97.947910 104.000000
97.979818 104.200000
98.012598 104.400000
98.046245 104.600000
98.080756 104.800000
98.116124 105.000000
98.152346 105.200000
98.189418 105.400000
98.227335 105.600000
98.266093 105.800000
98.305686 106.000000
98.346112 106.200000
98.387365 106.400000
98.429442 106.600000
98.472338 106.800000
98.515954 106.854203
98.558681 106.654203
98.600149 106.454203
98.640365 106.254203
98.679336 106.054203
98.717066 105.854203
98.753564 105.654203
98.788835 105.454203
98.822886 105.254203
98.855723 105.054203
98.887352 104.854203
98.917780 104.654203
98.947013 104.454203
98.975057 104.254203
99.001918 104.054203
99.027603 103.854203
99.052117 103.654203
99.075466 103.454203
99.097658 103.254203
99.118697 103.054203
99.138589 102.854203
99.157341 102.654203
99.174958 102.454203
99.191447 102.254203
99.206813 102.054203
99.221062 101.854203
99.234199 101.654203
99.246232 101.454203
99.257164 101.254203
99.267003 101.054203
99.275753 100.854203
99.283421 100.654203
99.290011 100.454203
99.295530 100.254203
99.299983 100.054203
99.303376 99.854203
99.305714 99.654203
99.307002 99.454203
99.307246 99.254203
99.306452 99.054203
99.304625 98.854203
99.301769 98.654203
99.297892 98.454203
99.292997 98.254203
99.287090 98.054203
99.280177 97.854203
99.272262 97.654203
99.263350 97.454203
99.253448 97.254203
99.242560 97.054203
99.230691 96.854203
99.217846 96.654203
99.204031 96.454203
99.189250 96.254203
99.173508 96.054203
99.156811 95.854203
99.139162 95.654203
99.120569 95.454203
99.101034 95.254203
99.080563 95.054203
99.059161 94.854203
99.036833 94.654203
99.013584 94.454203
98.989417 94.254203
98.964339 94.054203
98.938353 93.854203
98.911465 93.654203
98.883679 93.454203
98.855000 93.254203
98.825433 93.054203
98.794981 92.854203
98.763650 92.654203
98.731444 92.454203
98.698368 92.254203
98.664427 92.054203
98.629623 91.854203
98.593964 91.654203
98.557451 91.454203
98.520091 91.254203
98.482080 91.242545
98.445051 91.442545
98.409252 91.642545
98.374675 91.842545
98.341315 92.042545
98.309166 92.242545
98.278221 92.442545
98.248473 92.642545
98.219917 92.842545
98.192546 93.042545
98.166355 93.242545
98.141336 93.442545
98.117485 93.642545
98.094795 93.842545
98.073260 94.042545
98.052874 94.242545
98.033630 94.442545
98.015524 94.642545
97.998550 94.842545
97.982700 95.042545
97.967970 95.242545
97.954354 95.442545
97.941845 95.642545
97.930439 95.842545
97.920129 96.042545
97.910910 96.242545
97.902776 96.442545
97.895722 96.642545
97.889741 96.842545
97.884829 97.042545
97.880980 97.242545
97.878188 97.442545
97.876447 97.642545
97.875753 97.842545
97.876100 98.042545
97.877483 98.242545
97.879895 98.442545
97.883332 98.642545
97.887789 98.842545
97.893260 99.042545
97.899740 99.242545
97.907224 99.442545
97.915706 99.642545
97.925181 99.842545
97.935644 100.042545
97.947091 100.242545
97.959515 100.442545
97.972913 100.642545
97.987278 100.842545
98.002606 101.042545
98.018892 101.242545
98.036130 101.442545
98.054317 101.642545
98.073446 101.842545
98.093514 102.042545
98.114515 102.242545
98.136444 102.442545
98.159296 102.642545
98.183068 102.842545
98.207753 103.042545
98.233348 103.242545
98.259847 103.442545
98.287247 103.642545
98.315541 103.842545
98.344726 104.042545
98.374797 104.242545
98.405749 104.442545
98.437578 104.642545
98.470279 104.842545
98.503869 104.997411
98.537028 104.797411
98.568979 104.597411
98.599726 104.397411
98.629277 104.197411
98.657637 103.997411
98.684812 103.797411
98.710810 103.597411
98.735635 103.397411
98.759294 103.197411
98.781794 102.997411
98.803139 102.797411
98.823336 102.597411
98.842391 102.397411
98.860310 102.197411
98.877099 101.997411
98.892763 101.797411
98.907309 101.597411
98.920742 101.397411
98.933068 101.197411
98.944293 100.997411
98.954423 100.797411
98.963462 100.597411
98.971418 100.397411
98.978295 100.197411
98.984098 99.997411
98.988835 99.797411
98.992509 99.597411
98.995128 99.397411
98.996695 99.197411
98.997217 98.997411
98.996699 98.797411
98.995146 98.597411
98.992564 98.397411
98.988958 98.197411
98.984334 97.997411
98.978696 97.797411
98.972050 97.597411
98.964402 97.397411
98.955755 97.197411
98.946116 96.997411
98.935490 96.797411
98.923882 96.597411
98.911297 96.397411
98.897739 96.197411
98.883215 95.997411
98.867729 95.797411
98.851285 95.597411
98.833890 95.397411
98.815548 95.197411
98.796263 94.997411
98.776041 94.797411
98.754887 94.597411
98.732805 94.397411
98.709800 94.197411
98.685878 93.997411
98.661042 93.797411
98.635298 93.597411
98.608650 93.397411
98.581102 93.197411
98.552661 92.997411
98.523329 92.797411
98.493135 92.687364
98.463542 92.887364
98.435141 93.087364
98.407923 93.287364
98.381885 93.487364
98.357018 93.687364
99.500000 100.000000
99.502074 99.800000
99.503100 99.600000
99.503084 99.400000
99.502030 99.200000
99.499944 99.000000
99.496832 98.800000
99.492699 98.600000
99.487550 98.400000
99.481390 98.200000
99.474225 98.000000
99.466060 97.800000
99.456900 97.600000
99.446750 97.400000
99.435616 97.200000
99.423501 97.000000
99.410413 96.800000
99.396355 96.600000
99.381332 96.400000
99.365351 96.200000
99.348414 96.000000
99.330529 95.800000
99.311699 95.600000
99.291929 95.400000
99.271224 95.200000
99.249590 95.000000
99.227030 94.800000
99.203550 94.600000
99.179155 94.400000
99.153848 94.200000
99.127636 94.000000
99.100523 93.800000
99.072512 93.600000
99.043610 93.400000
99.013820 93.200000
98.983148 93.000000
98.951597 92.800000
98.919173 92.600000
98.885879 92.400000
98.851721 92.200000
98.816703 92.000000
98.780829 91.800000
98.744104 91.600000
98.706532 91.400000
98.668117 91.200000
98.628865 91.000000
98.588778 90.800000
98.547863 90.600000
98.506122 90.400000
98.464277 90.541787
98.423706 90.741787
98.384383 90.941787
98.346301 91.141787
98.309453 91.341787
98.273835 91.541787
98.239438 91.741787
98.206257 91.941787
98.174285 92.141787
98.143517 92.341787
98.113945 92.541787
98.085564 92.741787
98.058368 92.941787
98.032350 93.141787
98.007504 93.341787
97.983824 93.541787
97.961305 93.741787
97.939939 93.941787
97.919722 94.141787
97.900647 94.341787
97.882708 94.541787
97.865899 94.741787
97.850215 94.941787
97.835650 95.141787
97.822197 95.341787
97.809852 95.541787
97.798607 95.741787
97.788459 95.941787
97.779400 96.141787
97.771426 96.341787
97.764530 96.541787
97.758707 96.741787
97.753952 96.941787
97.750259 97.141787
97.747622 97.341787
97.746036 97.541787
97.745496 97.741787
97.745996 97.941787
97.747531 98.141787
97.750095 98.341787
97.753682 98.541787
97.758289 98.741787
97.763909 98.941787
97.770537 99.141787
97.778168 99.341787
97.786797 99.541787
97.796419 99.741787
97.807027 99.941787
97.818618 100.141787
97.831187 100.341787
97.844727 100.541787
97.859234 100.741787
97.874704 100.941787
97.891130 101.141787
97.908509 101.341787
97.926835 101.541787
97.946103 101.741787
97.966308 101.941787
97.987446 102.141787
98.009512 102.341787
98.032500 102.541787
98.056407 102.741787
98.081227 102.941787
98.106955 103.141787
98.133587 103.341787
98.161119 103.541787
98.189545 103.741787
98.218860 103.941787
98.249062 104.141787
98.280143 104.341787
98.312101 104.541787
98.344931 104.741787
98.378627 104.941787
98.413186 105.141787
98.448603 105.341787
98.484873 105.541787
98.521670 105.506093
98.557375 105.306093
98.591858 105.106093
98.625125 104.906093
98.657182 104.706093
98.688036 104.506093
98.717692 104.306093
98.746157 104.106093
98.773438 103.906093
98.799539 103.706093
98.824468 103.506093
98.848230 103.306093
98.870832 103.106093
98.892279 102.906093
98.912577 102.706093
98.931733 102.506093
98.949753 102.306093
98.966641 102.106093
98.982405 101.906093
98.997050 101.706093
99.010581 101.506093
99.023005 101.306093
99.034327 101.106093
99.044553 100.906093
99.053689 100.706093
99.061740 100.506093
99.068712 100.306093
99.074611 100.106093
99.079441 99.906093
99.083210 99.706093
99.085921 99.506093
99.087581 99.306093
99.088195 99.106093
99.087769 98.906093
99.086308 98.706093
99.083817 98.506093
99.080301 98.306093
99.075767 98.106093
99.070218 97.906093
99.063661 97.706093
99.056101 97.506093
99.047543 97.306093
99.037992 97.106093
99.027453 96.906093
99.015932 96.706093
99.003432 96.506093
98.989961 96.306093
98.975522 96.106093
98.960121 95.906093
98.943762 95.706093
98.926450 95.506093
98.908192 95.306093
98.888990 95.106093
98.868851 94.906093
98.847779 94.706093
98.825779 94.506093
98.802856 94.306093
98.779014 94.106093
98.754259 93.906093
98.728595 93.706093
98.702027 93.506093
98.674559 93.306093
98.646196 93.106093
98.616943 92.906093
98.586805 92.706093
98.555786 92.506093
98.523890 92.306093
98.491164 92.213227
98.459122 92.413227
98.428284 92.613227
98.398643 92.813227
98.370194 93.013227
98.342929 93.213227
98.316843 93.413227
98.291929 93.613227
98.268182 93.813227
98.245596 94.013227
98.224164 94.213227
98.203880 94.413227
98.184739 94.613227
98.166734 94.813227
98.149860 95.013227
98.134111 95.213227
98.119481 95.413227
98.105964 95.613227
98.093555 95.813227
98.082247 96.013227
98.072035 96.213227
98.062914 96.413227
98.054877 96.613227
98.047919 96.813227
98.042034 97.013227
98.037217 97.213227
98.033463 97.413227
98.030765 97.613227
98.029118 97.813227
98.028518 98.013227
98.028958 98.213227
98.030432 98.413227
98.032937 98.613227
98.036466 98.813227
98.041013 99.013227
98.046575 99.213227
98.053145 99.413227
98.060718 99.613227
98.069289 99.813227
98.078853 100.013227
98.089405 100.213227
98.100939 100.413227
98.113451 100.613227
98.126935 100.813227
98.141387 101.013227
98.156801 101.213227
98.173172 101.413227
98.190496 101.613227
98.208767 101.813227
98.227980 102.013227
98.248132 102.213227
98.269216 102.413227
98.291228 102.613227
98.314163 102.813227
98.338017 103.013227
98.362784 103.213227
98.388460 103.413227
98.415040 103.613227
98.442519 103.813227
96.000000 80.000000
95.917535 80.200000
95.836535 80.400000
95.756993 80.600000
95.678900 80.800000
95.602249 81.000000
95.527034 81.200000
95.453246 81.400000
95.380878 81.600000
95.309922 81.800000
95.240372 82.000000
95.172220 82.200000
95.105459 82.400000
95.040081 82.600000
94.976079 82.800000
94.913447 83.000000
94.852177 83.200000
94.792262 83.400000
94.733695 83.600000
94.676469 83.800000
94.620578 84.000000
94.566013 84.200000
94.512769 84.400000
94.460838 84.600000
94.410214 84.800000
94.360890 85.000000
94.312858 85.200000
94.266114 85.400000
94.220649 85.600000
94.176457 85.800000
94.133531 86.000000
94.091866 86.200000
94.051454 86.400000
94.012289 86.600000
93.974364 86.800000
93.937673 87.000000
93.902210 87.200000
93.867968 87.400000
93.834941 87.600000
93.803122 87.800000
93.772506 88.000000
93.743086 88.200000
93.714856 88.400000
93.687810 88.600000
93.661941 88.800000
93.637244 89.000000
93.613712 89.200000
93.591339 89.400000
93.570120 89.600000
93.550048 89.800000
93.531117 90.000000
93.513322 90.200000
93.496657 90.400000
93.481115 90.600000
93.466691 90.800000
93.453379 91.000000
93.441174 91.200000
93.430069 91.400000
93.420059 91.600000
93.411139 91.800000
93.403302 92.000000
93.396543 92.200000
93.390856 92.400000
93.386236 92.600000
93.382677 92.800000
93.380174 93.000000
93.378721 93.200000
93.378314 93.400000
93.378945 93.600000
93.380611 93.800000
93.383305 94.000000
93.387023 94.200000
93.391758 94.400000
93.397507 94.600000
93.404262 94.800000
93.412021 95.000000
93.420776 95.200000
93.430523 95.400000
93.441257 95.600000
93.452972 95.800000
93.465664 96.000000
93.479327 96.200000
93.493957 96.400000
93.509549 96.600000
93.526096 96.800000
93.543596 97.000000
93.562041 97.200000
93.581429 97.400000
93.601753 97.600000
93.623009 97.800000
93.645192 98.000000
93.668297 98.200000
93.692320 98.400000
93.717256 98.600000
93.743099 98.800000
93.769846 99.000000
93.797491 99.200000
93.826030 99.400000
93.855459 99.600000
93.885772 99.800000
93.916965 100.000000
93.949034 100.200000
93.981974 100.400000
94.015780 100.600000
94.050448 100.800000
94.085974 101.000000
94.122353 101.200000
94.159580 101.400000
94.197651 101.600000
94.236563 101.800000
94.276310 102.000000
94.316888 102.200000
94.358293 102.400000
94.400520 102.600000
94.443566 102.800000
94.487426 103.000000
94.532095 103.200000
94.577570 103.400000
94.623847 103.600000
94.670921 103.800000
94.718788 104.000000
94.767444 104.200000
94.816885 104.400000
94.867107 104.600000
94.918106 104.800000
94.969878 105.000000
95.022418 105.200000
95.075723 105.400000
95.129789 105.600000
95.184612 105.800000
95.240188 106.000000
95.296513 106.200000
95.353583 106.400000
95.411394 106.600000
95.469943 106.800000
95.529226 107.000000
95.589238 107.200000
95.649976 107.400000
95.711437 107.600000
95.773616 107.800000
95.836510 108.000000
95.900115 108.200000
95.964428 108.400000
96.029444 108.600000
96.095160 108.800000
96.161573 109.000000
96.228679 109.200000
96.296474 109.400000
96.364954 109.600000
96.434117 109.800000
96.503958 110.000000
96.574475 110.200000
96.645662 110.400000
96.717518 110.600000
96.790039 110.800000
96.863221 111.000000
96.937060 111.200000
97.011554 111.400000
97.086699 111.600000
97.162492 111.800000
97.238928 112.000000
97.316006 112.200000
97.393721 112.400000
97.472070 112.600000
97.551050 112.800000
97.630658 113.000000
97.710890 113.200000
97.791743 113.400000
97.873215 113.600000
97.955301 113.800000
98.037999 114.000000
98.121305 114.200000
98.205216 114.400000
98.289729 114.600000
98.374842 114.800000
98.460550 115.000000
98.546632 114.983388
98.631363 114.783388
98.714616 114.583388
98.796400 114.383388
98.876723 114.183388
98.955592 113.983388
99.033015 113.783388
99.108999 113.583388
99.183551 113.383388
99.256679 113.183388
99.328391 112.983388
99.398694 112.783388
99.467594 112.583388
99.535100 112.383388
99.601219 112.183388
99.665957 111.983388
99.729323 111.783388
99.791322 111.583388
99.851963 111.383388
99.911251 111.183388
99.969195 110.983388
100.025801 110.783388
100.081076 110.583388
100.135027 110.383388
100.187662 110.183388
100.238985 109.983388
100.289006 109.783388
100.337729 109.583388
100.385163 109.383388
100.431313 109.183388
100.476186 108.983388
100.519790 108.783388
100.562130 108.583388
100.603213 108.383388
100.643046 108.183388
100.681635 107.983388
100.718986 107.783388
100.755107 107.583388
100.790003 107.383388
100.823680 107.183388
100.856146 106.983388
100.887406 106.783388
100.917466 106.583388
100.946333 106.383388
100.974014 106.183388
101.000513 105.983388
101.025837 105.783388
101.049993 105.583388
101.072987 105.383388
101.094824 105.183388
101.115510 104.983388
101.135051 104.783388
101.153455 104.583388
101.170725 104.383388
101.186868 104.183388
101.201891 103.983388
101.215798 103.783388
101.228595 103.583388
101.240289 103.383388
101.250886 103.183388
101.260389 102.983388
101.268807 102.783388
101.276143 102.583388
101.282404 102.383388
101.287595 102.183388
101.291722 101.983388
101.294790 101.783388
101.296805 101.583388
101.297772 101.383388
101.297697 101.183388
101.296585 100.983388
101.294442 100.783388
101.291272 100.583388
101.287082 100.383388
101.281876 100.183388
100.500000 90.000000
100.445023 89.800000
100.389293 89.600000
100.332815 89.400000
100.275593 89.200000
100.217630 89.000000
100.158931 88.800000
100.099499 88.600000
100.039337 88.400000
99.978451 88.200000
99.916843 88.000000
99.854517 87.800000
99.791477 87.600000
99.727727 87.400000
99.663270 87.200000
99.598110 87.000000
99.532251 86.800000
99.465696 86.600000
99.398449 86.400000
99.330513 86.200000
99.261893 86.000000
99.192591 85.800000
99.122611 85.600000
99.051957 85.400000
98.980632 85.200000
98.908639 85.000000
98.835983 84.800000
98.762666 84.600000
98.688692 84.400000
98.614065 84.200000
98.538787 84.000000
98.463034 83.995029
98.388515 84.195029
98.315419 84.395029
98.243740 84.595029
98.173470 84.795029
98.104602 84.995029
98.037128 85.195029
97.971042 85.395029
97.906335 85.595029
97.843002 85.795029
97.781034 85.995029
97.720425 86.195029
97.661168 86.395029
97.603255 86.595029
97.546680 86.795029
97.491435 86.995029
97.437515 87.195029
97.384911 87.395029
97.333618 87.595029
97.283628 87.795029
97.234934 87.995029
97.187530 88.195029
97.141410 88.395029
97.096566 88.595029
97.052992 88.795029
97.010681 88.995029
96.969627 89.195029
96.929823 89.395029
96.891263 89.595029
96.853940 89.795029
96.817848 89.995029
96.782980 90.195029
96.749331 90.395029
96.716894 90.595029
96.685662 90.795029
96.655629 90.995029
96.626789 91.195029
96.599137 91.395029
96.572665 91.595029
96.547367 91.795029
96.523238 91.995029
96.500272 92.195029
96.478462 92.395029
96.457802 92.595029
96.438287 92.795029
96.419910 92.995029
96.402666 93.195029
96.386549 93.395029
96.371552 93.595029
96.357671 93.795029
96.344899 93.995029
96.333230 94.195029
96.322660 94.395029
96.313181 94.595029
96.304789 94.795029
96.297478 94.995029
96.291242 95.195029
96.286075 95.395029
96.281973 95.595029
96.278929 95.795029
96.276939 95.995029
96.275996 96.195029
96.276095 96.395029
96.277231 96.595029
96.279398 96.795029
96.282592 96.995029
96.286806 97.195029
96.292035 97.395029
96.298275 97.595029
96.305520 97.795029
96.313764 97.995029
96.323003 98.195029
96.333232 98.395029
96.344444 98.595029
96.356636 98.795029
96.369802 98.995029
96.383937 99.195029
96.399036 99.395029
96.415093 99.595029
96.432105 99.795029
96.450066 99.995029
96.468971 100.195029
96.488815 100.395029
96.509594 100.595029
96.531302 100.795029
96.553935 100.995029
96.577488 101.195029
96.601956 101.395029
96.627335 101.595029
96.653619 101.795029
96.680804 101.995029
96.708885 102.195029
96.737858 102.395029
96.767718 102.595029
96.798461 102.795029
96.830081 102.995029
96.862574 103.195029
96.895937 103.395029
96.930164 103.595029
96.965250 103.795029
97.001192 103.995029
97.037984 104.195029
97.075624 104.395029
97.114105 104.595029
97.153424 104.795029
97.193576 104.995029
97.234557 105.195029
97.276363 105.395029
97.318990 105.595029
97.362433 105.795029
97.406688 105.995029
97.451750 106.195029
97.497616 106.395029
97.544282 106.595029
97.591743 106.795029
97.639995 106.995029
97.689034 107.195029
97.738856 107.395029
97.789457 107.595029
97.840832 107.795029
97.892979 107.995029
97.945892 108.195029
97.999569 108.395029
98.054004 108.595029
98.109194 108.795029
98.165135 108.995029
98.221824 109.195029
98.279255 109.395029
98.337426 109.595029
98.396333 109.795029
98.455972 109.995029
98.516323 110.087444
98.575818 109.887444
98.633966 109.687444
98.690776 109.487444
98.746254 109.287444
98.800407 109.087444
98.853242 108.887444
98.904765 108.687444
98.954984 108.487444
99.003905 108.287444
99.051535 108.087444
99.097880 107.887444
99.142948 107.687444
99.186745 107.487444
99.229278 107.287444
99.270552 107.087444
99.310576 106.887444
99.349354 106.687444
99.386894 106.487444
99.423202 106.287444
99.458284 106.087444
99.492147 105.887444
99.524797 105.687444
99.556241 105.487444
99.586484 105.287444
99.615533 105.087444
99.643394 104.887444
99.670073 104.687444
99.695577 104.487444
99.719911 104.287444
99.743081 104.087444
99.765094 103.887444
99.785955 103.687444
99.805671 103.487444
99.824248 103.287444
99.841691 103.087444
99.858006 102.887444
99.873199 102.687444
99.887276 102.487444
99.900242 102.287444
99.912105 102.087444
99.922868 101.887444
99.932538 101.687444
99.941121 101.487444
99.948622 101.287444
99.955046 101.087444
99.960400 100.887444
99.964689 100.687444
99.967919 100.487444
99.970094 100.287444
99.971221 100.087444
99.971305 99.887444
99.970351 99.687444
99.968364 99.487444
99.965351 99.287444
99.961316 99.087444
99.956265 98.887444
99.950202 98.687444
99.943134 98.487444
99.935065 98.287444
99.926000 98.087444
99.915945 97.887444
99.904905 97.687444
99.892885 97.487444
99.879890 97.287444
99.865926 97.087444
99.850996 96.887444
99.835106 96.687444
99.818262 96.487444
99.800467 96.287444
99.781728 96.087444
99.762049 95.887444
99.741434 95.687444
99.719889 95.487444
99.697418 95.287444
99.674027 95.087444
99.649719 94.887444
99.624500 94.687444
99.598375 94.487444
99.571348 94.287444
99.543424 94.087444
99.514608 93.887444
99.484903 93.687444
99.454316 93.487444
99.422849 93.287444
99.390509 93.087444
99.357299 92.887444
99.323224 92.687444
99.288288 92.487444
