5.000000 5.000000 5.000000
5.053028 6.095245 5.143320
5.205275 7.194455 5.344007
5.448557 8.315308 5.610729
5.776993 9.472161 5.955394
6.186460 10.675933 6.393064
6.674088 11.933727 6.941950
7.237747 13.248164 7.623385
7.875502 14.616403 8.461668
8.585017 16.028844 9.483613
9.362875 17.467560 10.717644
10.203804 18.904560 12.192209
11.099818 20.300114 13.933296
12.039286 21.601513 15.960864
13.006026 22.742833 18.284119
13.978534 23.646417 20.895830
14.929543 24.226870 23.766288
15.826159 24.398193 26.838040
16.630807 24.084107 30.023050
17.303210 23.230704 33.204220
17.803400 21.819292 36.242770
18.095557 19.876260 38.991850
18.152135 17.476551 41.314727
17.957515 14.738405 43.103950
17.510375 11.809427 44.296736
16.824201 8.846847 44.882455
15.925773 5.996771 44.900398
14.851985 3.377387 44.429025
13.645696 1.069383 43.570265
12.351453 -0.885734 42.433180
11.011792 -2.480975 41.120499
9.664521 -3.735546 39.719814
8.341136 -4.685549 38.299561
7.066227 -5.375622 36.908811
5.857652 -5.852500 35.579484
3.081746 -5.269813 33.945261
1.088937 -4.942940 32.512797
-0.367489 -4.846843 31.222553
-1.471098 -4.952672 30.043697
-2.354382 -5.238371 28.962002
-3.113175 -5.690461 27.973296
-3.817708 -6.303901 27.080401
-4.520816 -7.081206 26.292108
-5.263884 -8.031266 25.623399
-6.081026 -9.167900 25.096540
-7.001837 -10.507997 24.742845
-8.052923 -12.068836 24.605006
-9.258246 -13.864038 24.739750
-10.638138 -15.897369 25.220326
-12.206672 -18.153542 26.137760
-13.966972 -20.585342 27.598896
-15.904068 -23.097395 29.718014
-17.975342 -25.529167 32.597716
-20.099753 -27.644082 36.295120
-22.149074 -29.137053 40.773622
-23.947129 -29.675692 45.851098
-25.284629 -28.983178 51.170820
-25.954541 -26.946619 56.230437
-25.803541 -23.701666 60.487790
-24.781806 -19.632830 63.514400
-22.966969 -15.268335 65.120639
-20.547748 -11.118922 65.382925
-17.774394 -7.546732 64.568027
-14.899554 -4.718574 63.012621
-12.132667 -2.636106 61.024155
-9.618187 -1.200336 58.832530
-7.434977 -0.272453 56.585329
-5.608225 0.285725 54.365255
-4.125626 0.591728 52.212295
-2.952564 0.736397 50.141930
-2.043989 0.785311 48.157266
-1.352604 0.783241 46.256030
-0.833837 0.759219 44.434130
-0.632026 0.835813 43.151595
-0.488590 0.908803 42.011272
-0.353137 0.956109 40.901911
-0.227130 0.982271 39.822842
-0.111474 0.991515 38.773295
-0.006608 0.987664 37.752438
0.087418 0.974104 36.759412
0.170857 0.953770 35.793353
0.244196 0.929157 34.853414
0.308091 0.902342 33.938775
0.363318 0.875023 33.048651
0.410722 0.848557 32.182296
0.451181 0.824006 31.339003
0.485580 0.802179 30.518101
0.514785 0.783676 29.718955
0.539629 0.768926 28.940962
0.560898 0.758221 28.183549
0.579329 0.751751 27.446167
0.595600 0.749631 26.728293
0.610333 0.751921 26.029424
0.624098 0.758653 25.349077
0.637408 0.769841 24.686791
0.650733 0.785499 24.042117
0.664496 0.805652 23.414627
0.679087 0.830344 22.803909
0.694862 0.859646 22.209567
0.712151 0.893663 21.631222
0.731265 0.932538 21.068513
0.752503 0.976457 20.521095
0.776152 1.025653 19.988645
0.802498 1.080408 19.470857
0.831831 1.141058 18.967449
0.864444 1.207998 18.478161
0.900647 1.281682 18.002759
0.940763 1.362629 17.541037
0.985139 1.451426 17.092823
1.034149 1.548735 16.657978
1.088197 1.655299 16.236405
1.147723 1.771942 15.828054
1.213209 1.899582 15.432927
1.285182 2.039235 15.051089
1.364222 2.192024 14.682676
1.450964 2.359182 14.327909
1.546109 2.542068 13.987107
1.650424 2.742168 13.660703
1.764752 2.961109 13.349266
1.890018 3.200660 13.053527
2.027233 3.462744 12.774405
2.177505 3.749441 12.513043
2.342040 4.062985 12.270849
2.522150 4.405769 12.049542
2.719256 4.780327 11.851211
2.934894 5.189323 11.678376
3.170709 5.635518 11.534069
3.428458 6.121727 11.421914
3.709998 6.650753 11.346226
4.017269 7.225292 11.312115
4.352277 7.847809 11.325601
4.717052 8.520367 11.393730
5.113598 9.244401 11.524683
5.543824 10.020427 11.727875
6.009448 10.847675 12.014015
6.511869 11.723633 12.395113
7.052009 12.643498 12.884390
7.630110 13.599536 13.496054
8.245482 14.580366 14.244883
8.896213 15.570215 15.145558
9.578829 16.548204 16.211662
10.287929 17.487790 17.454318
11.015816 18.356515 18.880416
11.752157 19.116289 20.490483
12.483746 19.724416 22.276311
13.194421 20.135611 24.218619
13.865248 20.305131 26.285154
14.475031 20.192987 28.429749
15.001212 19.768913 30.592927
15.421179 19.017466 32.704508
15.713900 17.942317 34.688368
15.861725 16.568689 36.469031
15.852128 14.943085 37.979202
15.679106 13.129910 39.166934
15.343983 11.205335 40.001016
14.855459 9.249460 40.473482
14.228891 7.338237 40.598804
13.484918 5.536641 40.410161
12.647669 3.894132 39.953751
11.742854 2.442814 39.282442
10.795963 1.198032 38.449922
9.830803 0.160758 37.506131
8.868446 -0.679080 36.494317
7.926610 -1.339056 35.449644
7.019423 -1.841019 34.399038
6.157492 -2.208489 33.361880
5.348175 -2.464735 32.351155
4.595982 -2.631528 31.374764
3.903024 -2.728416 30.436786
3.269473 -2.772415 29.538590
2.545184 -2.700118 28.620406
1.317269 -2.318643 27.451671
0.457451 -2.124595 26.356532
-0.164359 -2.076618 25.320413
-0.638133 -2.146713 24.336110
-1.026482 -2.317831 23.400222
-1.373730 -2.581770 22.511576
-1.712324 -2.937566 21.670644
-2.067357 -3.390387 20.879509
-2.459761 -3.950874 20.142174
-2.908618 -4.634820 19.465193
-3.432857 -5.463096 18.858653
-4.052532 -6.461688 18.337612
-4.789799 -7.661661 17.924161
-5.669600 -9.098736 17.650313
-6.719980 -10.812009 17.561929
-7.971819 -12.840984 17.723872
-9.457563 -15.219653 18.226277
-11.208235 -17.965708 19.191209
-13.247663 -21.062415 20.777513
-15.582493 -24.430830 23.179005
-18.186564 -27.892338 26.607099
-20.979374 -31.128739 31.244915
-23.801886 -33.661612 37.161053
-26.399836 -34.891225 44.188276
-28.433174 -34.238806 51.814465
-29.531765 -31.389264 59.183571
-29.399097 -26.525380 65.296153
-27.926592 -20.367342 69.368309
-25.252622 -13.925648 71.134496
-21.723368 -8.110715 70.880226
-17.778165 -3.459248 69.212305
-13.826603 -0.101302 66.766680
-10.171457 2.108096 64.026853
-6.988501 3.429643 61.282760
-4.344546 4.130346 58.670961
-3.381385 5.157739 56.892700
-2.528969 5.932187 55.233827
-1.697694 6.429199 53.651650
-0.910072 6.687933 52.155787
-0.182691 6.748249 50.747557
0.473170 6.648414 49.422250
1.050812 6.423748 48.171358
1.547363 6.105925 46.984509
1.963048 5.722706 45.850956
2.300522 5.297930 44.760641
2.564275 4.851660 43.704837
2.760102 4.400401 42.676465
2.894656 3.957368 41.670159
2.975067 3.532787 40.682152
3.008630 3.134212 39.710060
3.002548 2.766860 38.752611
2.963733 2.433942 37.809376
2.898665 2.137003 36.880506
2.813284 1.876242 35.966518
2.712933 1.650807 35.068110
2.602324 1.459073 34.186039
2.485539 1.298874 33.321020
2.366049 1.167712 32.473673
2.246744 1.062919 31.644489
2.129987 0.981794 30.833823
2.017659 0.921705 30.041894
1.911218 0.880163 29.268795
1.811756 0.854875 28.514515
1.720055 0.843774 27.778951
1.636636 0.845038 27.061930
1.561809 0.857096 26.363225
1.495717 0.878621 25.682569
1.438376 0.908523 25.019670
1.389707 0.945933 24.374218
1.349565 0.990192 23.745898
1.317767 1.040826 23.134392
1.294108 1.097538 22.539393
1.278386 1.160185 21.960601
1.270408 1.228771 21.397733
1.270008 1.303426 20.850525
1.277054 1.384403 20.318736
1.291455 1.472064 19.802151
1.313170 1.566877 19.300587
1.342210 1.669408 18.813895
1.378643 1.780319 18.341964
1.422599 1.900370 17.884732
1.474273 2.030412 17.442187
1.533926 2.171396 17.014377
1.601890 2.324373 16.601421
1.678570 2.490496 16.203516
1.764448 2.671027 15.820957
1.860086 2.867339 15.454144
1.966128 3.080925 15.103606
2.083304 3.313399 14.770021
2.212436 3.566500 14.454244
2.354438 3.842095 14.157332
2.510321 4.142177 13.880582
2.681196 4.468861 13.625575
2.868274 4.824371 13.394219
3.072869 5.211027 13.188803
3.296393 5.631209 13.012065
3.540350 6.087325 12.867257
3.806331 6.581743 12.758226
4.095995 7.116716 12.689494
4.411048 7.694268 12.666354
4.753210 8.316051 12.694952
5.124168 8.983157 12.782375
5.525516 9.695877 12.936722
5.958675 10.453400 13.167136
6.424782 11.253448 13.483807
6.924565 12.091838 13.897880
7.458170 12.961979 14.421274
8.024963 13.854308 15.066343
8.623294 14.755715 15.845345
9.250226 15.648984 16.769674
9.901249 16.512352 17.848811
10.569978 17.319289 19.088968
11.247888 18.038654 20.491469
11.924101 18.635395 22.050921
12.585305 19.071950 23.753379
13.215846 19.310475 25.574756
13.798063 19.315902 27.479858
14.312924 19.059652 29.422445
14.740962 18.523624 31.346699
15.063498 17.703845 33.190297
15.264048 16.613042 34.888990
15.329752 15.281427 36.382218
15.252650 13.755257 37.618931
15.030573 12.093124 38.562601
14.667516 10.360510 39.194479
14.173406 8.623515 39.514507
13.563298 6.942855 39.539804
12.856134 5.369120 39.301195
12.073253 3.939879 38.838584
11.236862 2.678779 38.196099
10.368663 1.596362 37.417774
9.488737 0.692075 36.544268
8.614772 -0.043113 35.610780
7.761610 -0.623999 34.646094
6.941099 -1.068694 33.672517
6.162155 -1.396628 32.706412
5.430995 -1.627080 31.759066
4.751460 -1.778178 30.837681
4.125380 -1.866319 29.946341
3.552948 -1.905887 29.086861
3.033067 -1.909196 28.259498
2.563674 -1.886569 27.463502
2.142007 -1.846506 26.697534
1.700157 -1.762116 25.924047
0.894853 -1.473038 24.887414
0.338016 -1.324430 23.903357
-0.060630 -1.281622 22.964465
-0.362454 -1.322008 22.066802
-0.609540 -1.432160 21.208163
-0.831353 -1.605686 20.387333
-1.049332 -1.841740 19.603828
-1.280076 -2.144082 18.857889
-1.537582 -2.520563 18.150632
-1.834842 -2.982957 17.484353
-2.185066 -3.547063 16.863006
-2.602639 -4.233027 16.292924
-3.103960 -5.065797 15.783880
-3.708183 -6.075641 15.350649
-4.437905 -7.298560 15.015258
-5.319736 -8.776308 14.810226
-6.384640 -10.555521 14.783103
-7.667777 -12.685055 15.002615
-9.207336 -15.210022 15.566536
-11.041550 -18.160143 16.610672
-13.202502 -21.529090 18.316718
-15.704850 -25.241133 20.913365
-18.527332 -29.103667 24.659439
-21.586015 -32.752912 29.791235
-24.702558 -35.619789 36.415396
-27.580165 -36.971231 44.349524
-29.812406 -36.092244 52.972276
-30.953875 -32.610172 61.221989
-30.655921 -26.804522 67.874219
-28.813705 -19.632657 72.029487
-25.631719 -12.359944 73.488404
-21.555677 -6.037627 72.728627
-17.115223 -1.196385 70.551933
-12.773975 2.126593 67.710404
-8.850062 4.181414 64.719099
-5.508299 5.306496 61.848865
-4.309151 6.790028 59.886201
-3.196845 7.879711 58.038491
-2.106392 8.570906 56.296269
-1.070962 8.919527 54.678348
-0.115141 8.982793 53.187915
0.744169 8.815482 51.816788
1.496686 8.467941 50.549660
2.137644 7.985242 49.367772
2.666759 7.407008 48.251791
3.087281 6.767539 47.183819
3.405172 6.096063 46.148640
3.628370 5.416999 45.134310
3.766160 4.750231 44.132264
3.828630 4.111395 43.137056
3.826202 3.512205 42.145900
3.769245 2.960819 41.158100
3.667764 2.462265 40.174469
3.531157 2.018897 39.196791
3.368041 1.630865 38.227370
3.186140 1.296583 37.268676
2.992226 1.013173 36.323088
2.792106 0.776857 35.392732
2.590646 0.583305 34.479388
2.391821 0.427923 33.584458
2.198790 0.306074 32.708971
2.013971 0.213256 31.853617
1.839139 0.145224 31.018789
1.675510 0.098072 30.204638
1.523831 0.068279 29.411119
1.384463 0.052731 28.638041
1.257456 0.048722 27.885102
1.142617 0.053938 27.151925
1.039569 0.066434 26.438083
0.947803 0.084601 25.743120
0.866718 0.107136 25.066562
0.795663 0.133004 24.407935
0.733959 0.161407 23.766766
0.680928 0.191749 23.142591
0.635907 0.223609 22.534957
0.598264 0.256713 21.943426
0.567407 0.290912 21.367574
0.542791 0.326161 20.806989
0.523925 0.362502 20.261279
0.510370 0.400050 19.730062
0.501743 0.438984 19.212973
0.497719 0.479532 18.709661
0.498025 0.521972 18.219788
0.502444 0.566621 17.743033
0.510814 0.613836 17.279087
0.523020 0.664009 16.827657
0.538999 0.717572 16.388468
0.558738 0.774992 15.961257
0.582269 0.836779 15.545783
0.609674 0.903482 15.141822
0.641081 0.975703 14.749172
0.676665 1.054092 14.367655
0.716649 1.139359 13.997117
0.761306 1.232277 13.637437
0.810960 1.333694 13.288527
0.865988 1.444535 12.950338
0.926824 1.565814 12.622868
0.993961 1.698644 12.306170
1.067957 1.844248 12.000357
1.149440 2.003966 11.705619
1.239109 2.179271 11.422235
1.337747 2.371778 11.150588
1.446220 2.583258 10.891187
1.565491 2.815650 10.644691
1.696624 3.071074 10.411940
1.840791 3.351838 10.193988
1.999284 3.660450 9.992147
2.173519 3.999624 9.808037
2.365045 4.372275 9.643648
2.575552 4.781520 9.501414
2.806874 5.230652 9.384291
3.060992 5.723113 9.295864
3.340030 6.262442 9.240457
3.646249 6.852190 9.223265
3.982029 7.495810 9.250501
4.349840 8.196494 9.329550
4.752201 8.956943 9.469143
5.191611 9.779073 9.679510
5.670461 10.663619 9.972532
6.190907 11.609622 10.361832
6.754701 12.613795 10.862798
7.362972 13.669743 11.492456
8.015947 14.767049 12.269149
8.712605 15.890254 13.211916
9.450261 17.017787 14.339479
10.224099 18.120988 15.668732
11.026660 19.163396 17.212651
11.847339 20.100594 18.977605
12.671953 20.880951 20.960166
13.482483 21.447638 23.143694
14.257104 21.742236 25.495203
14.970638 21.710034 27.963255
15.595547 21.306753 30.477783
16.103500 20.505907 32.952681
16.467480 19.305472 35.291637
16.664220 17.732234 37.396948
16.676650 15.842309 39.180167
16.495936 13.717019 40.572594
16.122713 11.454464 41.533364
15.567259 9.158347 42.053287
14.848537 6.926372 42.153685
13.992311 4.840572 41.880803
13.028678 2.961182 41.297403
11.989450 1.324615 40.473603
10.905775 -0.055016 39.478737
9.806254 -1.181962 38.375363
8.715674 -2.073813 37.215763
7.654353 -2.756479 36.040686
6.637980 -3.259892 34.879748
5.677850 -3.614731 33.752844
4.781316 -3.850209 32.672020
3.888030 -3.959444 31.623578
2.040704 -3.459640 30.277927
0.735589 -3.194519 29.046735
-0.211187 -3.119995 27.900490
-0.929291 -3.203584 26.824682
-1.510260 -3.424122 25.812813
-2.019416 -3.770450 24.863091
-2.504527 -4.240003 23.977072
-3.002037 -4.837622 23.159385
-3.541519 -5.574646 22.418131
-4.148848 -6.468235 21.765826
-4.848450 -7.540755 21.220895
-5.664834 -8.819000 20.809793
-6.623496 -10.332860 20.569893
-7.751157 -12.112861 20.553191
-9.075092 -14.185685 20.830765
-10.621153 -16.566422 21.497475
-12.409784 -19.245937 22.675496
-14.449136 -22.171820 24.513713
-16.724323 -25.222592 27.177563
-19.182467 -28.178763 30.821290
-21.715058 -30.702334 35.534269
-24.143055 -32.347811 41.260391
-26.215606 -32.634708 47.710941
-27.636576 -31.195722 54.323931
-28.126940 -27.960826 60.338447
-27.510437 -23.270506 65.005793
-25.784547 -17.810473 67.849762
-23.134422 -12.374320 68.815966
-19.878100 -7.597198 68.219050
-16.373714 -3.813041 66.550434
-12.935427 -1.070381 64.285525
-9.786940 0.763661 61.778407
-7.053677 1.894714 59.245071
2.000000 2.000000 2.000000
2.024161 2.499713 1.991985
2.093840 3.006734 1.995442
2.205939 3.532078 2.012222
2.358665 4.085923 2.044978
2.551331 4.677867 2.097234
2.784210 5.317113 2.173511
3.058410 6.012590 2.279511
3.375772 6.772999 2.422352
3.738780 7.606773 2.610860
4.150463 8.521934 2.855914
4.614295 9.525817 3.170835
5.134068 10.624617 3.571823
5.713722 11.822720 4.078385
6.357112 13.121759 4.713732
7.067701 14.519320 5.505054
7.848128 16.007256 6.483528
8.699645 17.569579 7.683895
9.621386 19.179946 9.143318
10.609447 20.798920 10.899214
11.655799 22.371309 12.985669
12.747081 23.824219 15.428156
13.863389 25.066737 18.236426
14.977274 25.992473 21.395940
16.053281 26.486245 24.858964
17.048396 26.435836 28.537374
17.913818 25.748584 32.300115
18.598299 24.370746 35.978442
19.052981 22.305351 39.380925
19.237161 19.622874 42.317525
19.123972 16.459573 44.628330
18.704659 13.001577 46.209627
17.990354 9.457617 47.029596
17.010810 6.027626 47.129040
15.810419 2.875758 46.607693
14.442535 0.114144 45.601378
12.963393 -2.200733 44.257254
11.426803 -4.061287 42.713285
9.880308 -5.496203 41.085105
8.363017 -6.556431 39.460497
6.427523 -7.050395 37.805776
3.209639 -6.512647 36.009197
0.877625 -6.220281 34.473871
-0.843973 -6.163711 33.123885
-2.159319 -6.323028 31.918817
-3.217897 -6.679762 30.839794
-4.128870 -7.221217 29.881544
-4.972501 -7.941451 29.048427
-5.808816 -8.840704 28.352912
-6.683878 -9.923950 27.815524
-7.634099 -11.198748 27.465713
-8.688863 -12.672220 27.343243
-9.871616 -14.346794 27.499685
-11.199452 -16.214212 27.999382
-12.681053 -18.247372 28.918815
-14.312854 -20.389919 30.342669
-16.073403 -22.544534 32.354202
-17.916347 -24.562821 35.017289
-19.763465 -26.242587 38.348711
-21.500586 -27.341123 42.283333
-22.980736 -27.612832 46.642349
-24.039039 -26.872012 51.123279
-24.521050 -25.065106 55.331954
-24.319560 -22.319186 58.862119
-23.407351 -18.932407 61.398786
-21.851014 -15.299214 62.798043
-19.797963 -11.802968 63.103855
-17.441823 -8.727392 62.500204
-14.980987 -6.220096 61.232469
-12.585168 -4.306465 59.538044
-10.377453 -2.930007 57.607148
-8.431264 -1.994869 55.572840
-6.777187 -1.397379 53.518603
-5.414087 -1.044114 51.492032
-4.320490 -0.859426 49.517774
-3.464118 -0.786493 47.607144
-2.808891 -0.785166 45.764326
-2.319517 -0.828677 43.989966
-1.964134 -0.900323 42.283096
-1.715556 -0.990618 40.642087
-1.551596 -1.095064 39.065092
-1.454846 -1.212524 37.550250
-1.412173 -1.344104 36.095778
-1.414131 -1.492439 34.700027
-1.454372 -1.661279 33.361532
-1.529132 -1.855298 32.079063
-1.636822 -2.080053 30.851701
-1.777720 -2.342061 29.678929
-1.953764 -2.648958 28.560770
-2.168449 -3.009712 27.497965
-2.426808 -3.434901 26.492224
-2.735465 -3.937018 25.546577
-3.102759 -4.530813 24.665864
-3.538921 -5.233634 23.857409
-4.056283 -6.065731 23.131974
-4.669506 -7.050435 22.505051
-5.395756 -8.214081 21.998645
-6.254766 -9.585422 21.643640
-7.268636 -11.194137 21.482870
-8.461127 -13.067797 21.574883
-9.856105 -15.226355 21.998132
-11.474558 -17.672891 22.854748
-13.329458 -20.379199 24.271943
-15.417582 -23.265321 26.397347
-17.707662 -26.174308 29.382261
-20.125262 -28.848600 33.345298
-22.537310 -30.923141 38.311385
-24.743408 -31.959473 44.133089
-26.485439 -31.543459 50.425551
-27.486673 -29.440450 56.571434
-27.520387 -25.744694 61.844681
-26.486260 -20.918967 65.632839
-24.456115 -15.663717 67.644276
-21.660032 -10.676670 67.971196
-18.418598 -6.446790 66.982400
-15.057597 -3.182121 65.138980
-11.842819 -0.860598 62.846140
-8.951093 0.669646 60.388805
-6.472199 1.602177 57.934062
-4.427468 2.118990 55.563103
-2.792719 2.367949 53.305581
-2.055196 2.776114 51.650823
-1.575607 3.163158 50.238455
-1.111278 3.419831 48.872879
-0.672254 3.565038 47.556186
-0.265816 3.617659 46.288281
0.103206 3.595706 45.067480
0.432093 3.515771 43.891088
0.719878 3.392703 42.755885
0.967011 3.239470 41.658506
1.175039 3.067128 40.595712
1.346326 2.884894 39.564562
1.483802 2.700264 38.562499
1.590755 2.519170 37.587383
1.670657 2.346159 36.637468
1.727022 2.184574 35.711369
1.763296 2.036735 34.808001
1.782777 1.904115 33.926524
1.788555 1.787502 33.066288
1.783471 1.687145 32.226778
1.770102 1.602883 31.407580
1.750748 1.534261 30.608344
1.727436 1.480624 29.828758
1.701932 1.441196 29.068537
1.675757 1.415148 28.327401
1.650207 1.401646 27.605080
1.626379 1.399892 26.901300
1.605189 1.409155 26.215788
1.587404 1.428790 25.548273
1.573659 1.458254 24.898486
1.564484 1.497115 24.266164
1.560321 1.545057 23.651052
1.561547 1.601883 23.052912
1.568491 1.667515 22.471521
1.581446 1.741993 21.906678
1.600690 1.825472 21.358209
1.626493 1.918221 20.825972
1.659130 2.020623 20.309862
1.698892 2.133170 19.809817
1.746095 2.256463 19.325824
1.801088 2.391215 18.857932
1.864257 2.538244 18.406254
1.936038 2.698483 17.970982
2.016918 2.872972 17.552400
2.107441 3.062866 17.150893
2.208217 3.269433 16.766973
2.319922 3.494056 16.401290
2.443306 3.738232 16.054658
2.579196 4.003569 15.728084
2.728496 4.291783 15.422796
2.892196 4.604691 15.140280
3.071366 4.944192 14.882317
3.267159 5.312255 14.651036
3.480809 5.710881 14.448961
3.713621 6.142069 14.279069
3.966964 6.607755 14.144854
4.242257 7.109739 14.050394
4.540943 7.649587 14.000418
4.864461 8.228498 14.000374
5.214202 8.847147 14.056486
5.591456 9.505477 14.175799
5.997341 10.202448 14.366199
6.432707 10.935737 14.636381
6.898029 11.701387 14.995767
7.393262 12.493400 15.454327
7.917682 13.303308 16.022289
8.469687 14.119722 16.709692
9.046588 14.927922 17.525761
9.644374 15.709529 18.478071
10.257485 16.442369 19.571486
10.878599 17.100606 20.806907
11.498476 17.655290 22.179873
12.105890 18.075423 23.679155
12.687701 18.329619 25.285525
13.229100 18.388390 26.970966
13.714089 18.226926 28.698595
14.126175 17.828129 30.423594
14.449304 17.185493 32.095293
14.668933 16.305324 33.660405
14.773172 15.207771 35.067136
14.753834 13.926292 36.269651
14.607256 12.505434 37.232201
14.334755 10.997151 37.932220
13.942641 9.456211 38.361834
13.441777 7.935432 38.527584
12.846753 6.481511 38.448499
12.174788 5.132005 38.153006
11.444527 3.913758 37.675270
10.674865 2.842720 37.051622
9.883922 1.924911 36.317516
9.088258 1.158116 35.505304
8.302325 0.533913 34.642880
7.538182 0.039707 33.753108
6.805417 -0.339465 32.853858
6.111223 -0.619474 31.958437
5.460604 -0.816007 31.076252
4.856633 -0.943833 30.213545
4.300748 -1.016348 29.374108
3.793054 -1.045361 28.559919
3.332600 -1.041031 27.771675
2.917636 -1.011919 27.009215
2.545838 -0.965104 26.271838
2.214496 -0.906335 25.558543
1.920666 -0.840196 24.868181
1.661300 -0.770273 24.199574
1.433339 -0.699307 23.551572
1.233790 -0.629342 22.923098
1.059778 -0.561850 22.313163
0.908587 -0.497839 21.720870
0.777679 -0.437952 21.145415
0.664713 -0.382544 20.586075
0.567547 -0.331753 20.042201
0.484239 -0.285549 19.513207
0.413038 -0.243784 18.998562
0.352383 -0.206226 18.497781
0.300881 -0.172588 18.010417
0.257305 -0.142550 17.536053
0.220573 -0.115775 17.074301
0.189741 -0.091924 16.624794
0.163985 -0.070660 16.187184
0.142591 -0.051663 15.761138
0.124944 -0.034625 15.346338
0.110515 -0.019257 14.942480
0.098851 -0.005292 14.549267
0.089568 0.007521 14.166415
0.082342 0.019412 13.793648
0.076899 0.030597 13.430698
0.073013 0.041272 13.077306
0.070495 0.051622 12.733219
0.069193 0.061820 12.398193
0.068984 0.072029 12.071989
0.069774 0.082406 11.754377
0.071490 0.093101 11.445130
0.074082 0.104263 11.144031
0.077519 0.116040 10.850867
0.081784 0.128580 10.565430
0.086881 0.142037 10.287521
0.092823 0.156571 10.016945
0.099642 0.172348 9.753513
0.107381 0.189548 9.497041
0.116097 0.208361 9.247353
0.125860 0.228995 9.004277
0.136755 0.251676 8.767647
0.148880 0.276650 8.537305
0.162349 0.304190 8.313098
0.177294 0.334594 8.094880
0.193862 0.368195 7.882513
0.212220 0.405360 7.675865
0.232556 0.446495 7.474815
0.255082 0.492054 7.279249
0.280034 0.542540 7.089066
0.307677 0.598515 6.904176
0.338306 0.660604 6.724504
0.372252 0.729501 6.549989
0.409885 0.805983 6.380592
0.451617 0.890915 6.216297
0.497907 0.985261 6.057112
0.549268 1.090098 5.903083
0.606274 1.206624 5.754292
0.669563 1.336175 5.610871
0.739847 1.480243 5.473013
0.817921 1.640484 5.340982
0.904671 1.818748 5.215131
1.001084 2.017087 5.095924
1.108258 2.237785 4.983959
1.227419 2.483374 4.880000
1.359927 2.756659 4.785017
1.507296 3.060739 4.700231
1.671205 3.399030 4.627176
1.853513 3.775281 4.567769
2.056278 4.193587 4.524397
2.281767 4.658397 4.500029
2.532473 5.174500 4.498342
2.811121 5.747003 4.523880
3.120678 6.381267 4.582242
3.464345 7.082818 4.680299
3.845549 7.857186 4.826456
4.267906 8.709676 5.030934
4.735170 9.645035 5.306089
5.251143 10.666972 5.666743
5.819544 11.777513 6.130496
6.443813 12.976124 6.717978
7.126847 14.258580 7.452967
7.870624 15.615528 8.362261
8.675733 17.030756 9.475150
9.540749 18.479213 10.822287
10.461487 19.924921 12.433721
11.430131 21.319085 14.335836
12.434291 22.598872 16.547015
13.456096 23.687562 19.072035
14.471488 24.496947 21.895514
15.449959 24.932847 24.975316
16.355009 24.904291 28.237413
17.145607 24.336116 31.574270
17.778826 23.183449 34.848888
18.213573 21.445127 37.905860
18.415043 19.172132 40.588983
18.359149 16.467443 42.762584
18.036032 13.475665 44.331639
17.451800 10.363944 45.255289
16.628035 7.298699 45.550050
15.599175 4.424065 45.282269
14.408382 1.846982 44.552716
13.102811 -0.368771 43.478119
11.729175 -2.200293 42.174282
10.330250 -3.657679 40.743835
8.942595 -4.773779 39.269541
7.595475 -5.594244 37.812488
6.310739 -6.169420 36.413688
3.463893 -5.658029 34.737951
1.286188 -5.306382 33.251649
-0.304575 -5.191135 31.924830
-1.505996 -5.285424 30.720997
-2.461372 -5.567204 29.622874
-3.274585 -6.022185 28.624830
-4.021703 -6.644184 27.729209
-4.759673 -7.434430 26.944966
-5.532656 -8.400362 26.287701
-6.376478 -9.554073 25.780632
-7.321545 -10.910237 25.456259
-8.394447 -12.483146 25.358516
-9.618269 -14.282320 25.545127
-11.011497 -16.305968 26.089566
-12.585238 -18.531553 27.081418
-14.338401 -20.903084 28.623100
-16.250579 -23.315851 30.819762
-18.272944 -25.601864 33.758497
-20.318617 -27.523287 37.474011
-22.256070 -28.785792 41.902910
-23.911359 -29.084671 46.839379
-25.085812 -28.186953 51.918234
-25.592146 -26.028868 56.655441
-25.302546 -22.780777 60.555521
-24.191079 -18.829718 63.250669
-22.349465 -14.671781 64.601774
-19.966340 -10.766531 64.707397
-17.279388 -7.428077 63.826644
-14.522126 -4.792914 62.270899
-11.884730 -2.852229 60.319301
-9.496485 -1.510562 58.179529
-7.426631 -0.639251 55.985515
-5.695810 -0.111545 53.813421
-4.290917 0.180095 51.701215
-3.178881 0.318830 49.664661
-2.317409 0.364781 47.708021
-1.662375 0.359050 45.830305
-1.172333 0.328277 44.028516
-0.810848 0.288757 42.299153
-0.547363 0.249760 40.638803
-0.357139 0.216022 39.044311
-0.220706 0.189521 37.512795
-0.158927 0.190143 36.349637
-0.125229 0.199383 35.392851
-0.094042 0.204961 34.461296
-0.065437 0.207693 33.554311
-0.039402 0.208299 32.671248
-0.015864 0.207399 31.811472
0.005298 0.205521 30.974367
0.024237 0.203107 30.159330
0.041134 0.200522 29.365775
0.056181 0.198062 28.593133
0.069578 0.195965 27.840848
0.081525 0.194419 27.108383
0.092221 0.193573 26.395213
0.101858 0.193541 25.700828
0.110617 0.194412 25.024733
0.118673 0.196256 24.366447
0.126186 0.199128 23.725501
0.133310 0.203076 23.101440
0.140185 0.208141 22.493820
0.146944 0.214364 21.902211
0.153709 0.221789 21.326195
0.160597 0.230462 20.765362
0.167718 0.240436 20.219319
0.175175 0.251774 19.687679
0.183071 0.264549 19.170068
0.191503 0.278844 18.666124
0.200571 0.294756 18.175494
0.210374 0.312399 17.697835
0.221011 0.331900 17.232815
0.232587 0.353406 16.780113
0.245212 0.377082 16.339418
0.259001 0.403117 15.910428
0.274078 0.431718 15.492855
0.290575 0.463124 15.086418
0.308637 0.497596 14.690850
0.328421 0.535429 14.305894
0.350099 0.576951 13.931306
0.373858 0.622527 13.566856
0.399905 0.672562 13.212325
0.428469 0.727507 12.867513
0.459801 0.787864 12.532234
0.494179 0.854187 12.206320
0.531910 0.927094 11.889627
0.573335 1.007271 11.582033
0.618829 1.095475 11.283442
0.668810 1.192551 10.993792
0.723739 1.299430 10.713057
0.784128 1.417150 10.441252
0.850542 1.546855 10.178446
0.923610 1.689817 9.924769
1.004027 1.847441 9.680421
1.092563 2.021280 9.445690
1.190069 2.213051 9.220968
1.297489 2.424648 9.006774
1.415866 2.658157 8.803777
1.546351 2.915870 8.612830
1.690214 3.200303 8.435005
1.848858 3.514201 8.271643
2.023821 3.860555 8.124410
2.216794 4.242603 7.995361
2.429626 4.663827 7.887020
2.664334 5.127941 7.802483
2.923106 5.638862 7.745523
3.208301 6.200658 7.720728
3.522446 6.817471 7.733652
3.868222 7.493392 7.790991
4.248432 8.232293 7.900774
4.665964 9.037577 8.072571
5.123715 9.911848 8.317702
5.624502 10.856460 8.649433
6.170917 11.870930 9.083122
6.765141 12.952191 9.636285
7.408694 14.093664 10.328502
8.102111 15.284145 11.181082
8.844537 16.506545 12.216382
9.633231 17.736547 13.456627
10.462998 18.941344 14.922115
11.325565 20.078683 16.628665
12.208952 21.096607 18.584288
13.096938 21.934322 20.785187
13.968723 22.524728 23.211445
14.798976 22.799020 25.823085
15.558414 22.693510 28.557522
16.215070 22.158244 31.329616
16.736307 21.166305 34.035453
17.091488 19.721918 36.560376
17.255005 17.865136 38.790749
17.209231 15.671185 40.627631
16.946826 13.243685 41.999532
16.471913 10.702661 42.871230
15.799846 8.169847 43.246535
14.955604 5.754550 43.164553
13.971139 3.543037 42.690821
12.882216 1.593048 41.905879
11.725281 -0.066475 40.893973
10.534811 -1.431663 39.733970
9.341396 -2.517743 38.493464
8.170607 -3.352511 37.226044
7.042572 -3.970427 35.971109
5.972094 -4.407979 34.755325
4.969133 -4.700475 33.594909
2.951204 -4.300600 32.193323
1.230299 -3.946746 30.848601
-0.012857 -3.813111 29.617196
-0.944089 -3.864962 28.474752
-1.681504 -4.077566 27.409890
-2.309619 -4.436234 26.418729
-2.889912 -4.935392 25.502407
-3.468530 -5.577454 24.666270
-4.081845 -6.371772 23.920071
-4.760414 -7.333665 23.278881
-5.531725 -8.483387 22.764645
-6.421993 -9.844781 22.408385
-7.457091 -11.443144 22.253095
-8.662581 -13.301678 22.357237
-10.062573 -15.435571 22.798530
-11.677000 -17.842514 23.677073
-13.516650 -20.488421 25.115820
-15.575226 -23.287763 27.254747
-17.818007 -26.080245 30.233047
-20.167765 -28.610554 34.152716
-22.491052 -30.525905 39.020044
-24.591865 -31.413508 44.673595
-26.223264 -30.896349 50.729534
-27.126385 -28.777044 56.595541
-27.095139 -25.168627 61.592942
-26.045350 -20.519990 65.161784
-24.053646 -15.488590 67.043946
-21.341673 -10.720897 67.332977
-18.212561 -6.668577 66.373267
3.000000 3.000000 3.000000
3.034777 3.719067 3.020967
3.134974 4.446891 3.065629
3.295919 5.198128 3.137831
3.514711 5.985995 3.243018
3.789919 6.822494 3.388329
4.121339 7.718515 3.582788
4.509765 8.683794 3.837577
4.956782 9.726710 4.166360
5.464538 10.853881 4.585649
6.035497 12.069529 5.115158
6.672138 13.374548 5.778090
7.376581 14.765244 6.601272
8.150101 16.231700 7.614989
8.992533 17.755763 8.852327
9.901504 19.308741 10.347780
10.871532 20.848982 12.134810
11.892977 22.319740 14.242063
12.950927 23.647946 16.688026
14.024165 24.744802 19.474184
15.084407 25.509285 22.577186
16.096138 25.835601 25.941280
17.017391 25.625109 29.473057
17.801778 24.802036 33.041147
18.401915 23.330618 36.483364
18.774070 21.229560 39.622434
18.883404 18.578871 42.288825
18.708837 15.515263 44.346137
18.246413 12.215405 45.712485
17.510291 8.870509 46.371681
16.531058 5.658892 46.371190
15.351799 2.723611 45.808229
14.022855 0.159946 44.808989
12.596425 -1.986304 43.507144
11.121956 -3.712041 42.026532
9.642868 -5.045485 40.470369
8.194752 -6.033932 38.916915
6.804824 -6.733165 37.420056
3.636466 -6.183305 35.640791
1.287643 -5.836919 34.102251
-0.433914 -5.729308 32.743543
-1.736827 -5.837685 31.522938
-2.773348 -6.141477 30.420445
-3.654305 -6.626565 29.429458
-4.460958 -7.286237 28.552568
-5.253983 -8.120668 27.799910
-6.080032 -9.135670 27.189045
-6.976314 -10.340877 26.745824
-7.973532 -11.747238 26.505903
-9.097366 -13.363461 26.516597
-10.368531 -15.190879 26.838633
-11.801306 -17.216116 27.546968
-13.400293 -19.401122 28.729251
-15.155203 -21.670721 30.479656
-17.033725 -23.899433 32.885062
-18.973268 -25.902038 36.000688
-20.873738 -27.436119 39.814736
-22.595391 -28.227338 44.208098
-23.967202 -28.025072 48.925445
-24.810221 -26.682331 53.582271
-24.975005 -24.231398 57.727066
-24.383128 -20.911534 60.950615
-23.055671 -17.119448 62.997955
-21.113887 -13.297713 63.825950
-18.750315 -9.816527 63.580063
-16.183359 -6.903089 62.513827
-13.614042 -4.635233 60.900128
-11.198021 -2.979083 58.971054
-9.035841 -1.839390 56.894810
-7.177018 -1.101177 54.778954
-5.631317 -0.655618 52.685120
-4.381733 -0.412108 50.644905
-3.396005 -0.301295 48.672350
-2.635375 -0.273397 46.772178
-2.060517 -0.294630 44.944630
-1.635086 -0.343356 43.188021
-1.327507 -0.406654 41.499979
-1.111572 -0.477584 39.877980
-0.966317 -0.553155 38.319553
-0.875515 -0.632887 36.822343
-0.826996 -0.717863 35.384127
-0.811963 -0.810139 34.002810
-0.824354 -0.912411 32.676427
-0.860310 -1.027862 31.403156
-0.917751 -1.160133 30.181334
-0.996056 -1.313377 29.009487
-1.095850 -1.492376 27.886368
-1.218867 -1.702697 26.811023
-1.367901 -1.950900 25.782874
-1.546819 -2.244779 24.801837
-1.760633 -2.593650 23.868501
-2.015636 -3.008679 22.984371
-2.319590 -3.503268 22.152219
-2.681964 -4.093478 21.376589
-3.114226 -4.798486 20.664512
-3.630173 -5.641035 20.026524
-4.246283 -6.647796 19.478115
-4.982046 -7.849512 19.041740
-5.860189 -9.280639 18.749609
-6.906650 -10.978040 18.647423
-8.150045 -12.977971 18.799173
-9.620182 -15.310158 19.292842
-11.344938 -17.987228 20.246197
-13.344500 -20.987356 21.810447
-15.621692 -24.228260 24.167147
-18.147220 -27.533150 27.510135
-20.839865 -30.596017 32.001155
-23.544971 -32.966628 37.689802
-26.020769 -34.090944 44.404702
-27.949130 -33.443372 51.659983
-28.987839 -30.744215 58.662539
-28.864597 -26.164747 64.494484
-27.479220 -20.360074 68.431579
-24.956635 -14.252294 70.212785
-21.613270 -8.685391 70.076506
-17.855452 -4.175161 68.564761
-14.067853 -0.867747 66.263384
-10.540669 1.350999 63.631772
-7.447649 2.713144 60.956295
-4.859995 3.465732 58.380326
-3.341232 4.146858 56.296989
-2.589292 4.917384 54.682818
-1.847794 5.440513 53.130550
-1.137751 5.748460 51.650250
-0.475017 5.874952 50.245166
0.129252 5.853042 48.913349
0.668018 5.713716 47.649343
1.137724 5.485089 46.445717
1.537674 5.192017 45.294308
1.869439 4.855993 44.187132
2.136327 4.495207 43.116992
2.342906 4.124708 42.077800
2.494601 3.756641 41.064711
2.597346 3.400504 40.074089
2.657297 3.063436 39.103387
2.680602 2.750514 38.150971
2.673219 2.465051 37.215924
2.640781 2.208885 36.297855
2.588500 1.982657 35.396737
2.521105 1.786070 34.512760
2.442811 1.618117 33.646223
2.357310 1.477286 32.797458
2.267782 1.361736 31.966767
2.176920 1.269442 31.154396
2.086962 1.198311 30.360511
1.999735 1.146272 29.585200
1.916699 1.111347 28.828468
1.838995 1.091701 28.090251
1.767487 1.085671 27.370423
1.702809 1.091787 26.668808
1.645403 1.108782 25.985192
1.595559 1.135594 25.319335
1.553450 1.171358 24.670978
1.519156 1.215403 24.039853
1.492698 1.267237 23.425691
1.474053 1.326540 22.828228
1.463179 1.393147 22.247211
1.460031 1.467042 21.682403
1.464572 1.548345 21.133587
1.476785 1.637305 20.600573
1.496687 1.734288 20.083201
1.524331 1.839778 19.581348
1.559818 1.954364 19.094931
1.603300 2.078747 18.623918
1.654987 2.213728 18.168330
1.715150 2.360218 17.728255
1.784124 2.519232 17.303853
1.862319 2.691891 16.895373
1.950212 2.879431 16.503164
2.048361 3.083196 16.127691
2.157405 3.304649 15.769556
2.278065 3.545370 15.429520
2.411151 3.807054 15.108529
2.557561 4.091517 14.807747
2.718288 4.400683 14.528587
2.894418 4.736579 14.272758
3.087129 5.101315 14.042311
3.297694 5.497068 13.839690
3.527471 5.926034 13.667797
3.777898 6.390390 13.530055
4.050480 6.892216 13.430486
4.346767 7.433405 13.373783
4.668330 8.015545 13.365391
5.016719 8.639755 13.411581
5.393412 9.306487 13.519510
5.799749 10.015273 13.697267
6.236839 10.764423 13.953869
6.705453 11.550653 14.299215
7.205880 12.368660 14.743940
7.737762 13.210647 15.299166
8.299891 14.065817 15.976094
8.889981 14.919878 16.785399
9.504417 15.754609 17.736403
10.137993 16.547591 18.835988
10.783657 17.272200 20.087264
11.432309 17.898010 21.488039
12.072670 18.391745 23.029194
12.691293 18.718895 24.693175
13.272757 18.846055 26.452856
13.800104 18.743918 28.271126
14.255535 18.390678 30.101525
14.621371 17.775435 31.890188
14.881226 16.901015 33.579152
15.021276 15.785590 35.110814
15.031488 14.462566 36.432988
14.906622 12.978513 37.503791
14.646858 11.389292 38.295502
14.257918 9.754956 38.796693
13.750676 8.134275 39.012284
13.140298 6.579805 38.961626
12.445051 5.134213 38.675108
11.684960 3.828257 38.190016
10.880473 2.680432 37.546391
10.051296 1.697965 36.783483
9.215475 0.878718 35.937123
8.388777 0.213505 35.038137
7.584349 -0.311583 34.111659
6.812618 -0.713103 33.177179
6.081386 -1.008597 32.249047
5.396046 -1.215362 31.337239
4.759878 -1.349618 30.448215
4.174382 -1.426031 29.585734
3.639601 -1.457469 28.751585
3.154442 -1.454965 27.946187
2.716951 -1.427780 27.169060
2.324559 -1.383548 26.419184
1.974286 -1.328454 25.695250
1.662911 -1.267425 24.995836
1.387102 -1.204317 24.319520
1.143523 -1.142089 23.664949
0.617292 -0.928870 22.730241
0.255913 -0.815628 21.835345
0.000476 -0.776936 20.978226
-0.190704 -0.795373 20.156426
-0.345834 -0.860661 19.368279
-0.484427 -0.967798 18.612569
-0.620549 -1.115826 17.888404
-0.765022 -1.307057 17.195211
-0.926963 -1.546670 16.532794
-1.114879 -1.842578 15.901466
-1.337488 -2.205537 15.302247
-1.604398 -2.649424 14.737174
-1.926708 -3.191705 14.209769
-2.317594 -3.854038 13.725736
-2.792914 -4.662996 13.293997
-3.371858 -5.650856 12.928238
-4.077619 -6.856317 12.649192
-4.938048 -8.324914 12.487977
-5.986160 -10.108634 12.490895
-7.260231 -12.263835 12.726144
-8.802983 -14.845897 13.292764
-10.658982 -17.897968 14.331528
-12.868742 -21.429832 16.035885
-15.457332 -25.381962 18.657403
-18.414651 -29.571220 22.493510
-21.665290 -33.623232 27.836138
-25.030167 -36.919084 34.855001
-28.192933 -38.621517 43.408233
-30.700905 -37.869980 52.843352
-32.039276 -34.169220 61.959712
-31.790231 -27.793194 69.319590
-29.815577 -19.849214 73.851276
-26.343588 -11.828739 75.330827
-21.888323 -4.952846 74.352936
-17.057296 0.198954 71.879387
-12.372044 3.631735 68.777960
-8.179237 5.667471 65.612040
-5.663919 7.308971 63.037332
-4.346363 8.932180 60.976753
-3.026221 10.017795 59.027554
-1.751683 10.633879 57.231483
-0.559557 10.853691 55.603975
0.523788 10.748899 54.140110
1.481079 10.385967 52.821250
2.302693 9.824729 51.621150
2.985289 9.118176 50.510943
3.530564 8.312774 49.462839
3.944179 7.448866 48.452563
4.234811 6.560999 47.460711
4.413328 5.678139 46.473217
4.492058 4.823831 45.481161
4.484139 4.016392 44.480130
4.402963 3.269184 43.469329
4.261692 2.591016 42.450608
4.072876 1.986658 41.427524
3.848152 1.457448 40.404533
3.598039 1.001939 39.386345
3.331807 0.616555 38.377457
3.057427 0.296200 37.381855
2.781575 0.034809 36.402855
2.509687 -0.174197 35.443051
2.246045 -0.337533 34.504337
1.993890 -0.461771 33.587985
1.755547 -0.553135 32.694732
1.532546 -0.617369 31.824887
1.325754 -0.659654 30.978428
1.135491 -0.684578 30.155092
0.961637 -0.696138 29.354443
0.803734 -0.697755 28.575938
0.604379 -0.662684 27.728942
0.308072 -0.568577 26.638980
0.100768 -0.522033 25.593393
-0.049415 -0.512222 24.589752
-0.164420 -0.532014 23.626134
-0.259478 -0.577195 22.700900
-0.345374 -0.645858 21.812602
-0.430043 -0.737982 20.959948
-0.519687 -0.855160 20.141802
-0.619572 -1.000471 19.357205
-0.734620 -1.178458 18.605419
-0.869853 -1.395218 17.885993
-1.030774 -1.658587 17.198873
-1.223706 -1.978417 16.544554
-1.456134 -2.366957 15.924317
-1.737060 -2.839329 15.340580
-2.077411 -3.414111 14.797411
-2.490496 -4.114019 14.301305
-2.992531 -4.966663 13.862320
-3.603222 -6.005314 13.495774
-4.346385 -7.269534 13.224715
-5.250512 -8.805381 13.083519
-6.349147 -10.664627 13.122996
-7.680747 -12.901968 13.417416
-9.287461 -15.568484 14.073622
-11.211835 -18.698505 15.241637
-13.489854 -22.285825 17.124150
-16.138005 -26.244695 19.978171
-19.131765 -30.353732 24.095077
-22.374242 -34.191918 29.736907
-25.659189 -37.101230 37.006129
-28.644554 -38.246079 45.654495
-30.868270 -36.848210 54.915488
-31.840279 -32.582349 63.539082
-31.207620 -25.911447 70.171356
-28.916862 -18.032772 73.940175
-25.262033 -10.369695 74.820646
-20.775733 -3.978737 73.496295
-16.039059 0.711805 70.898308
-11.525451 3.786241 67.809020
-7.534726 5.580929 64.712521
-5.331760 7.158587 62.275661
-4.067032 8.645144 60.269911
-2.805909 9.630637 58.374164
-1.592661 10.179867 56.623729
-0.460918 10.361771 55.030596
0.565400 10.243505 53.588935
1.470816 9.887280 52.281052
2.246950 9.349079 51.082822
2.891234 8.678431 49.968069
3.405754 7.918651 48.911792
3.796234 7.107186 47.892265
4.071145 6.275918 46.892170
4.240925 5.451393 45.898960
4.317297 4.655034 44.904653
4.312668 3.903367 43.905239
4.239611 3.208345 42.899886
4.110436 2.577755 41.890087
3.936843 2.015725 40.878837
3.729654 1.523292 39.869932
3.498637 1.099006 38.867407
3.252395 0.739514 37.875136
2.998325 0.440119 36.896564
2.742626 0.195264 35.934570
2.490355 -0.001058 34.991416
2.245508 -0.154970 34.068768
2.011123 -0.272462 33.167747
1.789393 -0.359205 32.289014
1.581782 -0.420436 31.432851
1.389142 -0.460884 30.599250
1.211818 -0.484739 29.787981
1.049752 -0.495652 28.998661
0.902568 -0.496753 28.230804
0.769651 -0.490688 27.483861
0.650215 -0.479660 26.757248
0.543361 -0.465475 26.050372
0.444786 -0.447879 25.355159
0.237587 -0.370173 24.359630
0.095004 -0.329479 23.403921
-0.006500 -0.316376 22.486109
-0.082856 -0.324750 21.604562
-0.144942 -0.350963 20.757816
-0.200341 -0.393247 19.944522
-0.254545 -0.451296 19.163428
-0.311788 -0.526011 18.413374
-0.375630 -0.619366 17.693303
-0.449374 -0.734371 17.002271
-0.536390 -0.875120 16.339484
-0.640374 -1.046916 15.704337
-0.765593 -1.256471 15.096482
-0.917115 -1.512173 14.515935
-1.101075 -1.824449 13.963227
-1.324960 -2.206212 13.439636
-1.597961 -2.673416 12.947540
-1.931380 -3.245725 12.490948
-2.339116 -3.947302 12.076290
-2.838248 -4.807686 11.713618
-3.449680 -5.862726 11.418397
-4.198867 -7.155389 11.214175
-5.116498 -8.736176 11.136506
-6.239018 -10.662511 11.238630
-7.608614 -12.995986 11.599416
-9.272067 -15.795462 12.333898
-11.277316 -19.102676 13.605867
-13.665885 -22.915453 15.639716
-16.458394 -27.142679 18.723755
-19.629896 -31.538185 23.188443
-23.073268 -35.624026 29.332073
-26.555575 -38.645749 37.264956
-29.687356 -39.648179 46.679521
-31.944436 -37.769285 56.656663
-32.783282 -32.721452 65.736876
-31.840077 -25.160868 72.416997
-29.111771 -16.543468 75.849285
-24.984876 -8.460623 76.193240
-20.081970 -1.972961 74.345595
-15.037305 2.595919 71.366183
-10.335408 5.449747 68.064014
-6.621663 7.207846 65.016847
-5.201457 9.252660 62.824616
-3.752824 10.666761 60.731109
-2.335112 11.522646 58.800266
-0.994547 11.902727 57.061648
0.234953 11.889505 55.516946
1.330317 11.560191 54.148146
2.277667 10.984524 52.925439
3.070701 10.224447 51.813924
3.709252 9.334576 50.778747
4.198039 8.362814 49.788644
4.545583 7.350784 48.818067
4.763260 6.334039 47.848121
4.864456 5.342111 46.866557
4.863805 4.398546 45.867111
4.776501 3.521046 44.848428
4.617709 2.721767 43.812809
4.402057 2.007823 42.764965
4.143239 1.381937 41.710902
3.853726 0.843208 40.657024
3.544572 0.387903 39.609470
3.225317 0.010241 38.573690
2.903976 -0.296909 37.554212
2.587079 -0.541419 36.554567
2.279772 -0.731416 35.577326
1.985941 -0.874898 34.624200
1.708358 -0.979472 33.696175
1.448834 -1.052166 32.793659
1.208372 -1.099329 31.916621
0.787033 -1.020910 30.825936
0.359988 -0.917954 29.611910
0.054618 -0.873697 28.449068
-0.171668 -0.877313 27.334116
-0.348875 -0.921508 26.264656
-0.498303 -1.002068 25.238816
-0.635366 -1.117427 24.255085
-0.771636 -1.268344 23.312257
-0.916314 -1.457686 22.409439
-1.077316 -1.690344 21.546115
-1.262077 -1.973262 20.722255
-1.478193 -2.315590 19.938482
-1.733944 -2.728944 19.196329
-2.038783 -3.227768 18.498613
-2.403788 -3.829803 17.849978
-2.842146 -4.556624 17.257699
-3.369643 -5.434218 16.732840
-4.005178 -6.493516 16.291934
-4.771261 -7.770709 15.959391
-5.694397 -9.307029 15.770902
-6.805209 -11.147438 15.778126
-8.137965 -13.337228 16.054893
-9.728955 -15.914940 16.704829
-11.612825 -18.899171 17.869448
-13.815449 -22.266097 19.733855
-16.341554 -25.914788 22.523569
-19.155299 -29.620822 26.480562
-22.153791 -32.989089 31.801531
-25.138516 -35.437013 38.524785
-27.799286 -36.263030 46.379453
-29.735627 -34.850849 54.671576
-30.538390 -30.979644 62.340313
-29.923164 -25.064262 68.271008
-27.854962 -18.094687 71.743948
-24.582493 -11.243883 72.709987
-20.552868 -5.411649 71.694274
-16.261954 -1.005048 69.452260
-12.125974 1.995990 66.653934
-8.420730 3.844578 63.744573
-5.282166 4.856239 60.954060
-4.052109 6.144377 59.003991
-3.030353 7.145157 57.218963
-2.028274 7.788198 55.527116
-1.075674 8.123072 53.944587
-0.194702 8.200719 52.474550
0.599377 8.070155 51.110672
1.297239 7.776614 49.840582
1.894535 7.360691 48.648903
2.390953 6.858077 47.519624
2.789372 6.299607 46.437781
3.095107 5.711463 45.390508
3.315239 5.115421 44.367543
3.458051 4.529135 43.361343
3.532525 3.966439 42.366899
3.547937 3.437681 41.381383
4.000000 4.000000 4.000000
4.044403 4.917678 4.071520
4.172144 5.843205 4.182289
4.376878 6.793475 4.338520
4.654356 7.783119 4.548889
5.002023 8.824597 4.824586
5.418644 9.928098 5.179489
5.903948 11.101204 5.630387
6.458266 12.348307 6.197201
7.082121 13.669715 6.903122
7.775775 15.060432 7.774562
8.538668 16.508600 8.840756
9.368759 17.993625 10.132838
10.261738 19.484119 11.682135
11.210110 20.935895 13.517419
12.202207 22.290452 15.660895
13.221191 23.474610 18.122841
14.244205 24.402143 20.895100
15.241905 24.978362 23.944155
16.178637 25.108372 27.205139
17.013569 24.709066 30.578768
17.703006 23.723733 33.933489
18.203889 22.136651 37.114599
18.478201 19.983792 39.960561
18.497621 17.355621 42.324321
18.247505 14.389493 44.095023
17.729263 11.252211 45.214436
16.960537 8.116643 45.683513
15.973071 5.138390 45.557537
14.808816 2.438137 44.932012
13.515135 0.092946 43.923938
12.140088 -1.863441 42.653554
10.728540 -3.433654 41.230263
9.319489 -4.646444 39.744247
7.944649 -5.546130 38.263461
6.628119 -6.183670 36.834567
3.969078 -5.842683 35.181479
1.628620 -5.446967 33.650923
-0.075030 -5.292978 32.293062
-1.353071 -5.354428 31.065737
-2.358999 -5.608366 29.948424
-3.204109 -6.039094 28.933578
-3.969710 -6.638952 28.022314
-4.716361 -7.407779 27.222655
-5.490633 -8.351782 26.549344
-6.329892 -9.482002 26.024653
-7.265482 -10.812274 25.679924
-8.324529 -12.356349 25.557622
-9.530447 -14.123662 25.713601
-10.902033 -16.113054 26.219031
-12.450920 -18.303739 27.160861
-14.177035 -20.643101 28.638882
-16.061833 -23.031944 30.756391
-18.059535 -25.310119 33.600746
-20.087727 -27.249310 37.210892
-22.020574 -28.564173 41.533477
-23.690142 -28.954412 46.378948
-24.902276 -28.182131 51.401826
-25.470384 -26.166743 56.134555
-25.261816 -23.053041 60.086791
-24.240564 -19.202852 62.880304
-22.485750 -15.097556 64.353663
-20.174808 -11.197028 64.580814
-17.538659 -7.827397 63.802978
-14.809348 -5.141471 62.323889
-12.179757 -3.144722 60.423408
-9.784109 -1.751123 58.314302
-7.697047 -0.836673 56.136541
-5.943971 -0.275900 53.971444
-4.515414 0.039358 51.860690
-3.380782 0.193692 49.822442
-2.499276 0.248814 47.862404
-1.827528 0.247245 45.980404
-1.324352 0.216756 44.173899
-0.953275 0.174465 42.439637
-0.683548 0.130178 40.774337
-0.490185 0.088932 39.174925
-0.353484 0.052812 37.638563
-0.258282 0.022189 36.162622
-0.193158 -0.003474 34.744644
-0.149672 -0.025129 33.382311
-0.121699 -0.043860 32.073417
-0.104873 -0.060733 30.815858
-0.096147 -0.076738 29.607618
-0.093447 -0.092776 28.446765
-0.095417 -0.109675 27.331445
-0.101228 -0.128223 26.259878
-0.110444 -0.149202 25.230357
-0.122931 -0.173432 24.241245
-0.138797 -0.201809 23.290972
-0.158356 -0.235354 22.378038
-0.182117 -0.275261 21.501008
-0.210785 -0.322952 20.658516
-0.245273 -0.380140 19.849269
-0.286739 -0.448908 19.072047
-0.336620 -0.531798 18.325717
-0.396695 -0.631926 17.609243
-0.469158 -0.753117 16.921708
-0.556708 -0.900077 16.262347
-0.662670 -1.078601 15.630592
-0.791139 -1.295832 15.026151
-0.947160 -1.560586 14.449112
-1.136953 -1.883737 13.900110
-1.368189 -2.278703 13.380580
-1.650331 -2.762029 12.893131
-1.995042 -3.354076 12.442107
-2.416683 -4.079832 12.034447
-2.932898 -4.969810 11.680958
-3.565280 -6.060966 11.398231
-4.340082 -7.397475 11.211490
-5.288899 -9.031025 11.158766
-6.449116 -11.019942 11.296908
-7.863766 -13.425924 11.709938
-9.580094 -16.306167 12.519992
-11.645588 -19.697318 13.900046
-14.099483 -23.586087 16.085046
-16.956818 -27.860805 19.372484
-20.181860 -32.242339 24.094101
-23.649757 -36.208691 30.529868
-27.103197 -38.963038 38.737773
-30.127260 -39.539922 48.319043
-32.184397 -37.137842 58.250932
-32.746371 -31.609138 67.023601
-31.499351 -23.767770 73.197715
-28.507720 -15.143642 76.084333
-24.210614 -7.275716 75.996491
-19.246864 -1.102524 73.895965
-14.233668 3.159859 70.820060
-9.622966 5.769933 67.518602
-6.390942 7.571958 64.643800
-4.963370 9.508207 62.463224
-3.517874 10.825245 60.393954
-2.111579 11.597895 58.493943
-0.788574 11.908967 56.787689
0.419131 11.840228 55.273164
1.490094 11.467646 53.930007
2.411784 10.859587 52.727269
3.178990 10.076680 51.629857
3.792413 9.172337 50.603388
4.257444 8.193346 49.617493
4.583113 7.180272 48.647723
4.781154 6.167626 47.676312
4.865180 5.183913 46.692052
4.849932 4.251676 45.689550
4.750611 3.387659 44.668110
4.582296 2.603146 43.630482
4.359463 1.904482 42.581627
4.095601 1.293755 41.527640
3.802940 0.769561 40.474894
3.492274 0.327803 39.429417
3.172883 -0.037546 38.396503
2.852524 -0.333751 37.380507
2.537490 -0.568732 36.384793
2.232707 -0.750596 35.411780
1.941869 -0.887273 34.463049
1.667581 -0.986269 33.539484
1.411516 -1.054491 32.641415
1.174560 -1.098161 31.768754
0.723290 -0.999493 30.634241
0.315970 -0.904627 29.428324
0.023756 -0.866781 28.273021
-0.193988 -0.875586 27.165193
-0.365894 -0.924152 26.102529
-0.512316 -1.008612 25.083211
-0.648033 -1.127702 24.105767
-0.784203 -1.282442 23.169025
-0.929776 -1.475937 22.272132
-1.092536 -1.713306 21.414617
-1.279873 -2.001731 20.596507
-1.499409 -2.350615 19.818505
-1.759511 -2.771861 19.082255
-2.069771 -3.280244 18.390729
-2.441462 -3.893890 17.748796
-2.888018 -4.634823 17.164053
-3.425531 -5.529545 16.648033
-4.073266 -6.609558 16.217947
-4.854151 -7.911647 15.899187
-5.795147 -9.477583 15.728851
-6.927334 -11.352656 15.760585
-8.285343 -13.581989 16.070962
-9.905590 -16.202949 16.767238
-11.822310 -19.231144 17.995415
-14.059988 -22.636761 19.945435
-16.620296 -26.308477 22.846564
-19.461873 -30.006085 26.940373
-22.473178 -33.314366 32.414020
-25.444261 -35.632108 39.281560
-28.053195 -36.252944 47.231730
-29.892895 -34.584737 55.524484
-30.559519 -30.464189 63.072197
-29.789021 -24.376286 68.777920
-27.576368 -17.354937 71.983170
-24.197308 -10.566549 72.709904
-20.112315 -4.865981 71.526856
-15.814936 -0.609123 69.194737
-11.709007 2.258705 66.364675
-8.055194 4.004823 63.457770
-4.976455 4.945289 60.685069
-3.946682 6.296804 58.831042
-2.922386 7.258203 57.053107
-1.921570 7.865864 55.371292
-0.973261 8.169936 53.800210
-0.098874 8.221479 52.341793
0.686983 8.069346 50.988808
1.375560 7.758448 49.728316
1.962990 7.328984 48.544657
2.449360 6.816226 47.421762
2.837870 6.250592 46.344769
3.134084 5.657855 45.301013
3.345274 5.059403 44.280484
3.479854 4.472520 43.275903
3.546897 3.910689 42.282511
3.555726 3.383934 41.297696
3.515575 2.899185 40.320545
3.435328 2.460679 39.351383
3.323312 2.070372 38.391346
3.187155 1.728360 37.442031
3.033694 1.433282 36.505205
2.868932 1.182690 35.582608
2.698027 0.973388 34.675815
2.525318 0.801721 33.786155
2.354373 0.663806 32.914683
2.188045 0.555730 32.062176
2.028549 0.473689 31.229152
1.877537 0.414094 30.415902
1.736176 0.373639 29.622525
1.605221 0.349345 28.848968
1.485090 0.338576 28.095054
1.375927 0.339044 27.360521
1.277659 0.348796 26.645038
1.190053 0.366197 25.948235
1.112754 0.389906 25.269712
1.045328 0.418845 24.609055
0.987291 0.452180 23.965846
0.938135 0.489283 23.339667
0.897352 0.529716 22.730109
0.864447 0.573200 22.136770
0.838953 0.619597 21.559264
0.820440 0.668891 20.997217
0.808523 0.721173 20.450272
0.802867 0.776626 19.918087
0.803190 0.835516 19.400340
0.809266 0.898184 18.896726
0.820927 0.965039 18.406961
0.838061 1.036555 17.930782
0.860618 1.113270 17.467951
0.888604 1.195782 17.018253
0.922086 1.284755 16.581505
0.961190 1.380918 16.157554
1.006104 1.485072 15.746283
1.057077 1.598092 15.347618
1.114422 1.720934 14.961529
1.178517 1.854644 14.588045
1.249808 2.000363 14.227257
1.328812 2.159336 13.879328
1.416123 2.332924 13.544513
1.512410 2.522608 13.223166
1.618428 2.730006 12.915763
1.735022 2.956874 12.622924
1.863128 3.205122 12.345440
2.003784 3.476816 12.084299
2.158134 3.774189 11.840733
2.327432 4.099636 11.616254
2.513051 4.455717 11.412710
2.716483 4.845144 11.232346
2.939342 5.270763 11.077877
3.183367 5.735522 10.952567
3.450411 6.242419 10.860327
3.742440 6.794432 10.805819
4.061507 7.394411 10.794572
4.409734 8.044942 10.833109
4.789262 8.748149 10.929074
5.202202 9.505444 11.091349
5.650547 10.317196 11.330161
6.136073 11.182322 11.657143
6.660190 12.097764 12.085327
7.223764 13.057880 12.629024
7.826889 14.053721 13.303551
8.468604 15.072241 14.124727
9.146569 16.095473 15.108069
9.856687 17.099780 16.267622
10.592703 18.055300 17.614362
11.345806 18.925793 19.154147
12.104284 19.669132 20.885298
12.853298 20.238707 22.795979
13.574865 20.585968 24.861713
14.248151 20.664236 27.043548
14.850148 20.433626 29.287488
15.356794 19.866644 31.525826
15.744524 18.953603 33.680804
15.992131 17.706745 35.670618
16.082730 16.161920 37.417167
16.005548 14.376999 38.854353
15.757218 12.426891 39.935359
15.342345 10.395870 40.637383
14.773208 8.368649 40.962869
14.068652 6.421927 40.937130
13.252368 4.617904 40.603113
12.350849 3.000660 40.014637
11.391349 1.595472 39.229522
10.400087 0.410545 38.303777
9.400868 -0.559732 37.287447
8.414188 -1.330911 36.222292
7.456784 -1.924720 35.141030
6.541566 -2.365858 34.067738
5.677826 -2.679561 33.018943
4.871611 -2.889920 32.005031
4.126201 -3.018870 31.031685
3.442602 -3.085689 30.101192
2.359829 -2.865810 29.037095
1.131531 -2.524360 27.853458
0.261921 -2.368774 26.745223
-0.376824 -2.360802 25.698245
-0.873631 -2.474876 24.705662
-1.290860 -2.696019 23.764510
-1.673134 -3.017969 22.874264
-2.053598 -3.441724 22.036354
-2.458366 -3.974548 21.254245
-2.909680 -4.629360 20.533917
-3.428190 -5.424421 19.884722
-4.034630 -6.383183 19.320672
-4.751044 -7.534116 18.862312
-5.601643 -8.910250 18.539322
-6.613255 -10.547966 18.394070
-7.815208 -12.484342 18.486246
-9.238283 -14.751916 18.898533
-10.912149 -17.369221 19.742676
-12.860342 -20.324899 21.164170
-15.091525 -23.553281 23.341481
-17.585760 -26.901048 26.472325
-20.275322 -30.090342 30.735793
-23.022428 -32.695579 36.219145
-25.601965 -34.167658 42.810472
-27.704880 -33.946098 50.092135
-28.981022 -31.667913 57.315805
-29.127616 -27.395302 63.547579
-27.997062 -21.701243 67.977155
-25.667147 -15.498419 70.225929
-22.426077 -9.692729 70.443084
-18.678559 -4.889485 69.142451
-14.828372 -1.307098 66.932177
-11.193387 1.131347 64.314021
-7.973370 2.649953 61.612917
-5.258838 3.503690 58.997864
-3.522945 4.180235 56.803243
-2.747438 5.012464 55.166125
-1.979432 5.583157 53.590944
-1.241525 5.925485 52.089489
-0.550890 6.074556 50.666042
0.080267 6.065010 49.319082
0.644109 5.929455 48.043110
1.136513 5.697572 46.830338
1.556411 5.395675 45.672060
1.905170 5.046581 44.559686
2.186034 4.669658 43.485416
2.403617 4.280990 42.442638
2.563479 3.893606 41.426073
2.671750 3.517747 40.431762
2.734829 3.161155 39.456943
2.759137 2.829383 38.499857
2.750914 2.526095 37.559540
2.716080 2.253372 36.635615
2.660122 2.012002 35.728105
2.588031 1.801755 34.837276
2.504260 1.621624 33.963516
2.412715 1.470045 33.107246
2.316760 1.345088 32.268853
2.219248 1.244609 31.448658
2.122547 1.166381 30.646895
2.028590 1.108192 29.863702
1.938921 1.067917 29.099127
1.854738 1.043579 28.353137
1.776947 1.033379 27.625626
1.706207 1.035719 26.916433
1.642971 1.049215 26.225351
1.587528 1.072694 25.552140
1.540039 1.105195 24.896538
1.500567 1.145958 24.258272
1.469106 1.194410 23.637063
1.445606 1.250159 23.032632
1.429989 1.312974 22.444713
1.422175 1.382778 21.873049
1.422087 1.459634 21.317406
1.429670 1.543735 20.777569
1.444898 1.635398 20.253353
1.467781 1.735051 19.744605
1.498379 1.843237 19.251209
1.536798 1.960599 18.773095
1.583204 2.087890 18.310240
1.637821 2.225961 17.862683
1.700939 2.375769 17.430525
1.772918 2.538378 17.013950
1.854187 2.714957 16.613228
1.945254 2.906789 16.228736
2.046703 3.115268 15.860973
2.159204 3.341907 15.510578
2.283510 3.588338 15.178358
2.420466 3.856311 14.865314
2.571007 4.147695 14.572673
2.736163 4.464470 14.301925
2.917059 4.808718 14.054870
3.114917 5.182604 13.833662
3.331049 5.588352 13.640874
3.566858 6.028201 13.479553
3.823823 6.504357 13.353297
4.103489 7.018912 13.266327
4.407442 7.573748 13.223567
4.737282 8.170403 13.230728
5.094579 8.809900 13.294378
5.480820 9.492535 13.422004
5.897329 10.217605 13.622050
6.345179 10.983079 13.903911
6.825065 11.785209 14.277858
7.337161 12.618084 14.754879
7.880935 13.473123 15.346384
8.454940 14.338563 16.063748
9.056573 15.198945 16.917642
9.681810 16.034712 17.917121
10.324942 16.821970 19.068451
10.978321 17.532572 20.373677
11.632160 18.134652 21.829018
12.274437 18.593761 23.423200
12.890941 18.874713 25.135967
13.465532 18.944170 26.937068
13.980649 18.773862 28.786069
14.418103 18.344142 30.633339
14.760122 17.647391 32.422424
14.990594 16.690658 34.093802
15.096377 15.496882 35.589708
15.068513 14.104238 36.859379
14.903164 12.563447 37.863874
14.602119 10.933352 38.579602
14.172770 9.275463 38.999921
13.627560 7.648389 39.134566
12.982989 6.103073 39.007157
12.258321 4.679502 38.651384
11.474195 3.405163 38.106669
10.651296 2.295152 37.414027
9.809227 1.353551 36.612688
8.965668 0.575572 35.737733
8.135831 -0.050013 34.818773
7.332194 -0.538535 33.879520
6.564474 -0.907426 32.938016
5.839766 -1.174646 32.007269
5.162806 -1.357573 31.096097
4.536280 -1.472275 30.210000
3.961173 -1.533110 29.351985
3.437098 -1.552568 28.523272
2.962609 -1.541265 27.723865
2.535473 -1.508052 26.952994
2.152905 -1.460179 26.209446
1.811768 -1.403481 25.491789
1.508725 -1.342580 24.798532
1.148047 -1.233033 24.060477
0.595885 -1.022916 23.107624
0.215794 -0.917814 22.197817
-0.056208 -0.890698 21.326789
-0.263200 -0.924405 20.492015
-0.434521 -1.009034 19.691841
-0.590653 -1.140133 18.925124
-0.746548 -1.317482 18.191113
-0.913913 -1.544361 17.489465
-1.102800 -1.827172 16.820334
-1.322755 -2.175357 16.184553
-1.583703 -2.601543 15.583912
-1.896671 -3.121888 15.021584
-2.274442 -3.756588 14.502756
-2.732196 -4.530524 14.035576
-3.288155 -5.473979 13.632549
-3.964254 -6.623329 13.312599
-4.786786 -8.021480 13.104075
-5.786922 -9.717651 13.049082
-7.000891 -11.765711 13.209536
-8.469389 -14.219736 13.675291
-10.235455 -17.124493 14.574212
-12.339534 -20.497368 16.082747
-14.809757 -24.297209 18.432641
-17.644864 -28.376227 21.903741
-20.787515 -32.417313 26.784633
-24.088833 -35.877042 33.276541
-27.273726 -37.987407 41.326867
-29.931431 -37.898804 50.432350
-31.567640 -35.012067 59.550151
-31.739201 -29.384953 67.305738
-30.232050 -21.901127 72.521538
-27.176947 -13.958472 74.747546
-23.013594 -6.852490 74.373122
-18.324552 -1.320837 72.273234
-13.650171 2.503419 69.338298
-9.377138 4.867780 66.201079
-5.931534 6.270322 63.281653
-4.681349 8.019799 61.241384
-3.409678 9.239847 59.285134
-2.166152 9.990404 57.460948
-0.989506 10.339573 55.791447
0.091770 10.356102 54.278562
1.058280 10.104996 52.909466
1.898392 9.645442 51.662380
2.606900 9.030175 50.511508
3.183800 8.305556 49.430842
3.633209 7.511900 48.396790
