-0.507000 -1.000000
-0.508280 -1.000000
-0.509557 -1.000000
-0.510830 -1.000000
-0.512101 -1.000000
-0.513368 -1.000000
-0.514631 -1.000000
-0.515891 -1.000000
-0.517148 -1.000000
-0.518402 -1.000000
-0.519653 -1.000000
-0.520900 -1.000000
-0.522144 -1.000000
-0.523385 -1.000000
-0.524623 -1.000000
-0.525857 -1.000000
-0.527088 -1.000000
-0.528316 -1.000000
-0.529541 -1.000000
-0.530762 -1.000000
-0.528151 1.000000
-0.524183 1.000000
-0.520225 1.000000
-0.516278 1.000000
-0.512341 1.000000
-0.508414 1.000000
-0.504497 1.000000
-0.500590 1.000000
-0.496694 1.000000
-0.492807 1.000000
-0.488931 1.000000
-0.485065 1.000000
-0.481209 1.000000
-0.477363 1.000000
-0.473527 1.000000
-0.469700 1.000000
-0.465884 1.000000
-0.462078 1.000000
-0.458281 1.000000
-0.454495 1.000000
-0.450718 1.000000
-0.446951 1.000000
-0.443194 1.000000
-0.439446 1.000000
-0.435709 1.000000
-0.431981 1.000000
-0.428262 1.000000
-0.424554 1.000000
-0.420855 1.000000
-0.417165 1.000000
-0.413485 1.000000
-0.409815 1.000000
-0.406154 1.000000
-0.402503 1.000000
-0.398861 1.000000
-0.395229 1.000000
-0.391606 1.000000
-0.387993 1.000000
-0.384389 1.000000
-0.380794 1.000000
-0.377208 1.000000
-0.373632 1.000000
-0.370066 1.000000
-0.366508 1.000000
-0.362960 1.000000
-0.359421 1.000000
-0.355891 1.000000
-0.352370 1.000000
-0.348858 1.000000
-0.345356 1.000000
-0.341862 1.000000
-0.338378 1.000000
-0.334903 1.000000
-0.331437 1.000000
-0.327979 1.000000
-0.324531 1.000000
-0.321092 1.000000
-0.317661 1.000000
-0.314240 1.000000
-0.310827 1.000000
-0.307424 1.000000
-0.304029 1.000000
-0.300643 1.000000
-0.297265 1.000000
-0.293897 1.000000
-0.290537 1.000000
-0.287186 1.000000
-0.283844 1.000000
-0.280510 1.000000
-0.277185 1.000000
-0.273869 1.000000
-0.270561 1.000000
-0.267262 1.000000
-0.263971 1.000000
-0.260689 1.000000
-0.257416 1.000000
-0.254151 1.000000
-0.250894 1.000000
-0.247646 1.000000
-0.244406 1.000000
-0.241175 1.000000
-0.237952 1.000000
-0.234738 1.000000
-0.231532 1.000000
-0.228334 1.000000
-0.225144 1.000000
-0.221963 1.000000
-0.218790 1.000000
-0.215625 1.000000
-0.212469 1.000000
-0.209320 1.000000
-0.206180 1.000000
-0.203048 1.000000
-0.199924 1.000000
-0.196809 1.000000
-0.193701 1.000000
-0.190601 1.000000
-0.187510 1.000000
-0.184426 1.000000
-0.181351 1.000000
-0.178283 1.000000
-0.175224 1.000000
-0.172172 1.000000
-0.169128 1.000000
-0.166093 1.000000
-0.163065 1.000000
-0.160045 1.000000
-0.157033 1.000000
-0.154028 1.000000
-0.151032 1.000000
-0.148043 1.000000
-0.145062 1.000000
-0.142088 1.000000
-0.139123 1.000000
-0.136165 1.000000
-0.133215 1.000000
-0.130272 1.000000
-0.127337 1.000000
-0.124410 1.000000
-0.121490 1.000000
-0.118578 1.000000
-0.115674 1.000000
-0.112777 1.000000
-0.109887 1.000000
-0.107005 1.000000
-0.104131 1.000000
-0.101264 1.000000
-0.098404 1.000000
-0.095552 1.000000
-0.092707 1.000000
-0.089870 1.000000
-0.087040 1.000000
-0.084218 1.000000
-0.081402 1.000000
-0.078594 1.000000
-0.075794 1.000000
-0.073000 1.000000
-0.070214 1.000000
-0.067435 1.000000
-0.064663 1.000000
-0.061899 1.000000
-0.059141 1.000000
-0.056391 1.000000
-0.053648 1.000000
-0.050912 1.000000
-0.048183 1.000000
-0.045462 1.000000
-0.042747 1.000000
-0.040039 1.000000
-0.037339 1.000000
-0.034645 1.000000
-0.031959 1.000000
-0.029279 1.000000
-0.026606 1.000000
-0.023941 1.000000
-0.021282 1.000000
-0.018630 1.000000
-0.015985 1.000000
-0.013347 1.000000
-0.010716 1.000000
-0.008091 1.000000
-0.005473 1.000000
-0.002863 1.000000
-0.000259 1.000000
0.002339 1.000000
0.004929 1.000000
0.007513 1.000000
0.010090 1.000000
0.012661 1.000000
0.015224 1.000000
0.017781 1.000000
0.020332 1.000000
0.022876 1.000000
0.025413 1.000000
0.027944 1.000000
0.030468 1.000000
0.032985 1.000000
0.035496 1.000000
0.038001 1.000000
0.040499 1.000000
0.042990 1.000000
0.045475 1.000000
0.047954 1.000000
0.050426 1.000000
0.052891 1.000000
0.055351 1.000000
0.057804 1.000000
0.060250 1.000000
0.062690 1.000000
0.065124 1.000000
0.067552 1.000000
0.069973 1.000000
0.072388 1.000000
0.074796 1.000000
0.077199 1.000000
0.079595 1.000000
0.081985 1.000000
0.084369 1.000000
0.086746 1.000000
0.089118 1.000000
0.091483 1.000000
0.093842 1.000000
0.096195 1.000000
0.098542 1.000000
0.100882 1.000000
0.103217 1.000000
0.105546 1.000000
0.107868 1.000000
0.110185 1.000000
0.112495 1.000000
0.114800 1.000000
0.117098 1.000000
0.119391 1.000000
0.121678 1.000000
0.123958 1.000000
0.126233 1.000000
0.128502 1.000000
0.130765 1.000000
0.133022 1.000000
0.135273 1.000000
0.137518 1.000000
0.139758 1.000000
0.141992 1.000000
0.144220 1.000000
0.146442 1.000000
0.148658 1.000000
0.150869 1.000000
0.153074 1.000000
0.155273 1.000000
0.157466 1.000000
0.159654 1.000000
0.161836 1.000000
0.164012 1.000000
0.166183 1.000000
0.168348 1.000000
0.170508 1.000000
0.172662 1.000000
0.174810 1.000000
0.176953 1.000000
0.179090 1.000000
0.181221 1.000000
0.183347 1.000000
0.185468 1.000000
0.187583 1.000000
0.189692 1.000000
0.191797 1.000000
0.193895 1.000000
0.195988 1.000000
0.198076 1.000000
0.200158 1.000000
0.202235 1.000000
0.204307 1.000000
0.206373 1.000000
0.208434 1.000000
0.210489 1.000000
0.212539 1.000000
0.214584 1.000000
0.216623 1.000000
0.218657 1.000000
0.220686 1.000000
0.222710 1.000000
0.224728 1.000000
0.226741 1.000000
0.228749 1.000000
0.230752 1.000000
0.232749 1.000000
0.234741 1.000000
0.236728 1.000000
0.238710 1.000000
0.240687 1.000000
0.242659 1.000000
0.244625 1.000000
0.246587 1.000000
0.248543 1.000000
0.250494 1.000000
0.252441 1.000000
0.254382 1.000000
0.256318 1.000000
0.258249 1.000000
0.260175 1.000000
0.262096 1.000000
0.264012 1.000000
0.265923 1.000000
0.267829 1.000000
0.269730 1.000000
0.271627 1.000000
0.273518 1.000000
0.275404 1.000000
0.277286 1.000000
0.279162 1.000000
0.281034 1.000000
0.282901 1.000000
0.284763 1.000000
0.286620 1.000000
0.288473 1.000000
0.290320 1.000000
0.292163 1.000000
0.294001 1.000000
0.295834 1.000000
0.297663 1.000000
0.299486 1.000000
0.301305 1.000000
0.303120 1.000000
0.304929 1.000000
0.306734 1.000000
0.308534 1.000000
0.310330 1.000000
0.312120 1.000000
0.313907 1.000000
0.315688 1.000000
0.317465 1.000000
0.319237 1.000000
0.321005 1.000000
0.322768 1.000000
0.324527 1.000000
0.326281 1.000000
0.328030 1.000000
0.329775 1.000000
0.331515 1.000000
0.333251 1.000000
0.334982 1.000000
0.336709 1.000000
0.338431 1.000000
0.340149 1.000000
0.341863 1.000000
0.343571 1.000000
0.345276 1.000000
0.346976 1.000000
0.348672 1.000000
0.350363 1.000000
0.352050 1.000000
0.353732 1.000000
0.355410 1.000000
0.357084 1.000000
0.358754 1.000000
0.360419 1.000000
0.362079 1.000000
0.363736 1.000000
0.365388 1.000000
0.367036 1.000000
0.368679 1.000000
0.370319 1.000000
0.371954 1.000000
0.373585 1.000000
0.375211 1.000000
0.376833 1.000000
0.378452 1.000000
0.380065 1.000000
0.381675 1.000000
0.383281 1.000000
0.384882 1.000000
0.386479 1.000000
0.388072 1.000000
0.389661 1.000000
0.391246 1.000000
0.387707 -1.000000
0.384104 -1.000000
0.380510 -1.000000
0.376925 -1.000000
0.373350 -1.000000
0.369784 -1.000000
0.366227 -1.000000
0.362680 -1.000000
0.359141 -1.000000
0.355612 -1.000000
0.352092 -1.000000
0.348581 -1.000000
0.345079 -1.000000
0.341587 -1.000000
0.338103 -1.000000
0.334629 -1.000000
0.331163 -1.000000
0.327707 -1.000000
0.324259 -1.000000
0.320820 -1.000000
0.317391 -1.000000
0.313970 -1.000000
0.310558 -1.000000
0.307155 -1.000000
0.303761 -1.000000
0.300376 -1.000000
0.296999 -1.000000
0.293631 -1.000000
0.290272 -1.000000
0.286922 -1.000000
0.283580 -1.000000
0.280247 -1.000000
0.276923 -1.000000
0.273607 -1.000000
0.270300 -1.000000
0.267002 -1.000000
0.263712 -1.000000
0.260430 -1.000000
0.257157 -1.000000
0.253893 -1.000000
0.250637 -1.000000
0.247390 -1.000000
0.244151 -1.000000
0.240920 -1.000000
0.237698 -1.000000
0.234484 -1.000000
0.231279 -1.000000
0.228081 -1.000000
0.224893 -1.000000
0.221712 -1.000000
0.218540 -1.000000
0.215376 -1.000000
0.212220 -1.000000
0.209072 -1.000000
0.205932 -1.000000
0.202801 -1.000000
0.199678 -1.000000
0.196563 -1.000000
0.193456 -1.000000
0.190357 -1.000000
0.187266 -1.000000
0.184183 -1.000000
0.181108 -1.000000
0.178041 -1.000000
0.174982 -1.000000
0.171931 -1.000000
0.168888 -1.000000
0.165853 -1.000000
0.162826 -1.000000
0.159806 -1.000000
0.156795 -1.000000
0.153791 -1.000000
0.150795 -1.000000
0.147807 -1.000000
0.144826 -1.000000
0.141854 -1.000000
0.138889 -1.000000
0.135932 -1.000000
0.132982 -1.000000
0.130040 -1.000000
0.127106 -1.000000
0.124179 -1.000000
0.121260 -1.000000
0.118349 -1.000000
0.115445 -1.000000
0.112548 -1.000000
0.109659 -1.000000
0.106778 -1.000000
0.103904 -1.000000
0.101038 -1.000000
0.098179 -1.000000
0.095327 -1.000000
0.092483 -1.000000
0.089646 -1.000000
0.086817 -1.000000
0.083995 -1.000000
0.081180 -1.000000
0.078373 -1.000000
0.075573 -1.000000
0.072780 -1.000000
0.069994 -1.000000
0.067216 -1.000000
0.064445 -1.000000
0.061681 -1.000000
0.058924 -1.000000
0.056174 -1.000000
0.053432 -1.000000
0.050696 -1.000000
0.047968 -1.000000
0.045247 -1.000000
0.042533 -1.000000
0.039826 -1.000000
0.037126 -1.000000
0.034433 -1.000000
0.031747 -1.000000
0.029068 -1.000000
0.026395 -1.000000
0.023730 -1.000000
0.021072 -1.000000
0.018421 -1.000000
0.015776 -1.000000
0.013139 -1.000000
0.010508 -1.000000
0.007884 -1.000000
0.005267 -1.000000
0.002657 -1.000000
0.065000 1.000000
0.067428 1.000000
0.069849 1.000000
0.072265 1.000000
0.074674 1.000000
0.077076 1.000000
0.079473 1.000000
0.081863 1.000000
0.084247 1.000000
0.086625 1.000000
0.088997 1.000000
0.091362 1.000000
0.093722 1.000000
0.096075 1.000000
0.098422 1.000000
0.100763 1.000000
0.103098 1.000000
0.105427 1.000000
0.107750 1.000000
0.110067 1.000000
0.112378 1.000000
0.114682 1.000000
0.116981 1.000000
0.119274 1.000000
0.121561 1.000000
0.123842 1.000000
0.126117 1.000000
0.128386 1.000000
0.130649 1.000000
0.132907 1.000000
0.135158 1.000000
0.137404 1.000000
0.139644 1.000000
0.141878 1.000000
0.144106 1.000000
0.146328 1.000000
0.148545 1.000000
0.150756 1.000000
0.152961 1.000000
0.155161 1.000000
0.157354 1.000000
0.159542 1.000000
0.161725 1.000000
0.163901 1.000000
0.166072 1.000000
0.168238 1.000000
0.170398 1.000000
0.172552 1.000000
0.174700 1.000000
0.176843 1.000000
0.178981 1.000000
0.181113 1.000000
0.183239 1.000000
0.185360 1.000000
0.187475 1.000000
0.189585 1.000000
0.191689 1.000000
0.193788 1.000000
0.195882 1.000000
0.197970 1.000000
0.200052 1.000000
0.202129 1.000000
0.204201 1.000000
0.206267 1.000000
0.208329 1.000000
0.210384 1.000000
0.212435 1.000000
0.214480 1.000000
0.216519 1.000000
0.218554 1.000000
0.216792 -1.000000
0.213633 -1.000000
0.210482 -1.000000
0.207338 -1.000000
0.204203 -1.000000
0.201077 -1.000000
0.197958 -1.000000
0.194847 -1.000000
0.191745 -1.000000
0.188650 -1.000000
0.185564 -1.000000
0.182485 -1.000000
0.179415 -1.000000
0.176352 -1.000000
0.173298 -1.000000
0.170251 -1.000000
0.167212 -1.000000
0.164181 -1.000000
0.161159 -1.000000
0.158143 -1.000000
0.155136 -1.000000
0.152137 -1.000000
0.149145 -1.000000
0.146161 -1.000000
0.143185 -1.000000
0.140217 -1.000000
0.137256 -1.000000
0.134303 -1.000000
0.131358 -1.000000
0.128420 -1.000000
0.125490 -1.000000
0.122567 -1.000000
0.119652 -1.000000
0.116745 -1.000000
0.113845 -1.000000
0.110953 -1.000000
0.108068 -1.000000
0.105191 -1.000000
0.102321 -1.000000
0.099459 -1.000000
0.096604 -1.000000
0.093757 -1.000000
0.090917 -1.000000
0.088084 -1.000000
0.085259 -1.000000
0.082441 -1.000000
0.079630 -1.000000
0.076826 -1.000000
0.074030 -1.000000
0.071241 -1.000000
0.068460 -1.000000
0.065685 -1.000000
0.062918 -1.000000
0.060158 -1.000000
0.057405 -1.000000
0.054660 -1.000000
0.051921 -1.000000
0.049190 -1.000000
0.046465 -1.000000
0.043748 -1.000000
0.041038 -1.000000
0.038335 -1.000000
0.035639 -1.000000
0.032949 -1.000000
0.030267 -1.000000
0.027592 -1.000000
0.024924 -1.000000
0.022262 -1.000000
0.019608 -1.000000
0.016960 -1.000000
0.014320 -1.000000
0.011686 -1.000000
0.009059 -1.000000
0.006439 -1.000000
0.003826 -1.000000
0.001219 -1.000000
-0.001381 -1.000000
-0.003974 -1.000000
-0.006560 -1.000000
-0.009140 -1.000000
-0.011713 -1.000000
-0.014279 -1.000000
-0.016838 -1.000000
-0.019391 -1.000000
-0.021938 -1.000000
-0.024477 -1.000000
-0.027010 -1.000000
-0.029537 -1.000000
-0.032057 -1.000000
-0.034570 -1.000000
-0.037077 -1.000000
-0.039577 -1.000000
-0.042071 -1.000000
-0.044559 -1.000000
-0.047039 -1.000000
-0.049514 -1.000000
-0.051982 -1.000000
-0.054444 -1.000000
-0.056899 -1.000000
-0.059348 -1.000000
-0.061790 -1.000000
-0.064226 -1.000000
-0.066656 -1.000000
-0.069080 -1.000000
-0.071497 -1.000000
-0.073908 -1.000000
-0.076313 -1.000000
-0.078711 -1.000000
-0.081103 -1.000000
-0.083489 -1.000000
-0.085869 -1.000000
-0.088243 -1.000000
-0.090610 -1.000000
-0.092972 -1.000000
-0.095327 -1.000000
-0.097676 -1.000000
-0.100019 -1.000000
-0.102356 -1.000000
-0.104687 -1.000000
-0.107012 -1.000000
-0.109330 -1.000000
-0.111643 -1.000000
-0.113950 -1.000000
-0.116251 -1.000000
-0.118545 -1.000000
-0.120834 -1.000000
-0.123117 -1.000000
-0.125394 -1.000000
-0.127665 -1.000000
-0.129930 -1.000000
-0.132189 -1.000000
-0.134443 -1.000000
-0.136690 -1.000000
-0.138932 -1.000000
-0.141168 -1.000000
-0.143398 -1.000000
-0.145622 -1.000000
-0.147841 -1.000000
-0.150053 -1.000000
-0.152260 -1.000000
-0.154462 -1.000000
-0.156657 -1.000000
-0.158847 -1.000000
-0.161031 -1.000000
-0.163210 -1.000000
-0.165383 -1.000000
-0.167550 -1.000000
-0.169711 -1.000000
-0.171867 -1.000000
-0.174018 -1.000000
-0.176162 -1.000000
-0.178302 -1.000000
-0.180435 -1.000000
-0.182563 -1.000000
-0.184686 -1.000000
-0.186803 -1.000000
-0.188914 -1.000000
-0.191021 -1.000000
-0.188214 1.000000
-0.185129 1.000000
-0.182051 1.000000
-0.178982 1.000000
-0.175921 1.000000
-0.172867 1.000000
-0.169822 1.000000
-0.166784 1.000000
-0.163754 1.000000
-0.160733 1.000000
-0.157719 1.000000
-0.154713 1.000000
-0.151714 1.000000
-0.148724 1.000000
-0.145741 1.000000
-0.142766 1.000000
-0.139798 1.000000
-0.136839 1.000000
-0.133887 1.000000
-0.130943 1.000000
-0.128006 1.000000
-0.125077 1.000000
-0.122156 1.000000
-0.119242 1.000000
-0.116335 1.000000
-0.113437 1.000000
-0.110546 1.000000
-0.107662 1.000000
-0.104786 1.000000
-0.101917 1.000000
-0.099056 1.000000
-0.096202 1.000000
-0.093355 1.000000
-0.090516 1.000000
-0.087685 1.000000
-0.084860 1.000000
-0.082044 1.000000
-0.079234 1.000000
-0.076431 1.000000
-0.073636 1.000000
-0.070849 1.000000
-0.068068 1.000000
-0.065295 1.000000
-0.062528 1.000000
-0.059769 1.000000
-0.057018 1.000000
-0.054273 1.000000
-0.051535 1.000000
-0.048805 1.000000
-0.046082 1.000000
-0.043365 1.000000
-0.040656 1.000000
-0.037954 1.000000
-0.035259 1.000000
-0.032571 1.000000
-0.029889 1.000000
-0.027215 1.000000
-0.024548 1.000000
-0.021887 1.000000
-0.019234 1.000000
-0.016587 1.000000
-0.013948 1.000000
-0.011315 1.000000
-0.008689 1.000000
-0.006070 1.000000
-0.003457 1.000000
-0.000852 1.000000
0.001747 1.000000
0.004339 1.000000
0.006925 1.000000
0.009503 1.000000
0.012075 1.000000
0.014640 1.000000
0.017199 1.000000
0.019751 1.000000
0.022296 1.000000
0.024835 1.000000
0.027367 1.000000
0.029893 1.000000
0.032412 1.000000
0.034924 1.000000
0.037430 1.000000
0.039930 1.000000
0.042422 1.000000
0.044909 1.000000
0.047389 1.000000
0.049863 1.000000
0.052330 1.000000
0.054790 1.000000
0.057245 1.000000
0.059693 1.000000
0.062134 1.000000
0.064570 1.000000
0.066999 1.000000
0.069421 1.000000
0.071838 1.000000
0.074248 1.000000
0.076652 1.000000
0.079049 1.000000
0.081441 1.000000
0.083826 1.000000
0.086205 1.000000
0.088577 1.000000
0.090944 1.000000
0.093304 1.000000
0.095659 1.000000
0.098007 1.000000
0.100349 1.000000
0.102685 1.000000
0.105015 1.000000
0.107339 1.000000
0.109657 1.000000
0.111969 1.000000
0.114275 1.000000
0.116575 1.000000
0.118869 1.000000
0.121157 1.000000
0.123439 1.000000
0.125715 1.000000
0.127985 1.000000
0.130249 1.000000
0.132508 1.000000
0.134760 1.000000
0.137007 1.000000
0.139248 1.000000
0.141483 1.000000
0.143712 1.000000
0.145936 1.000000
0.148153 1.000000
0.150365 1.000000
0.152571 1.000000
0.154772 1.000000
0.156967 1.000000
0.159156 1.000000
0.161339 1.000000
0.163517 1.000000
0.165689 1.000000
0.167855 1.000000
0.168799 -1.000000
0.165764 -1.000000
0.162737 -1.000000
0.159718 -1.000000
0.156706 -1.000000
0.153703 -1.000000
0.150707 -1.000000
0.147719 -1.000000
0.144739 -1.000000
0.141767 -1.000000
0.138802 -1.000000
0.135845 -1.000000
0.132895 -1.000000
0.129954 -1.000000
0.127020 -1.000000
0.124093 -1.000000
0.121174 -1.000000
0.118263 -1.000000
0.115359 -1.000000
0.112463 -1.000000
0.109575 -1.000000
0.106693 -1.000000
0.103820 -1.000000
0.100954 -1.000000
0.098095 -1.000000
0.095244 -1.000000
0.092400 -1.000000
0.089563 -1.000000
0.086734 -1.000000
0.083912 -1.000000
0.081098 -1.000000
0.078290 -1.000000
0.075490 -1.000000
0.072698 -1.000000
0.069912 -1.000000
0.067134 -1.000000
0.064363 -1.000000
0.061600 -1.000000
0.058843 -1.000000
0.056094 -1.000000
0.053351 -1.000000
0.050616 -1.000000
0.047888 -1.000000
0.045167 -1.000000
0.042453 -1.000000
0.039746 -1.000000
0.037046 -1.000000
0.034354 -1.000000
0.031668 -1.000000
0.028989 -1.000000
0.026317 -1.000000
0.023652 -1.000000
0.020994 -1.000000
0.018343 -1.000000
0.015699 -1.000000
0.013061 -1.000000
0.010431 -1.000000
0.007807 -1.000000
0.005190 -1.000000
0.002580 -1.000000
-0.000023 -1.000000
-0.002620 -1.000000
-0.005210 -1.000000
-0.007793 -1.000000
-0.010369 -1.000000
-0.012939 -1.000000
-0.015502 -1.000000
-0.018058 -1.000000
-0.020608 -1.000000
-0.023151 -1.000000
-0.025688 -1.000000
-0.028217 -1.000000
-0.030741 -1.000000
-0.033258 -1.000000
-0.035768 -1.000000
-0.038272 -1.000000
-0.040769 -1.000000
-0.043260 -1.000000
-0.045744 -1.000000
-0.048222 -1.000000
-0.050693 -1.000000
-0.053158 -1.000000
-0.055617 -1.000000
-0.058069 -1.000000
-0.060515 -1.000000
-0.062954 -1.000000
-0.065387 -1.000000
-0.067814 -1.000000
-0.070235 -1.000000
-0.072649 -1.000000
-0.075057 -1.000000
-0.077459 -1.000000
-0.079854 -1.000000
-0.082244 -1.000000
-0.084627 -1.000000
-0.087004 -1.000000
-0.089374 -1.000000
-0.091739 -1.000000
-0.094097 -1.000000
-0.096449 -1.000000
-0.098796 -1.000000
-0.101136 -1.000000
-0.103470 -1.000000
-0.105798 -1.000000
-0.108120 -1.000000
-0.110435 -1.000000
-0.112745 -1.000000
-0.115049 -1.000000
-0.117347 -1.000000
-0.119639 -1.000000
-0.121925 -1.000000
-0.124205 -1.000000
-0.126479 -1.000000
-0.128747 -1.000000
-0.131010 -1.000000
-0.133266 -1.000000
-0.135517 -1.000000
-0.137761 -1.000000
-0.140000 -1.000000
-0.142233 -1.000000
-0.144461 -1.000000
-0.146682 -1.000000
-0.148898 -1.000000
-0.151108 -1.000000
-0.150892 1.000000
-0.147903 1.000000
-0.144923 1.000000
-0.141950 1.000000
-0.138984 1.000000
-0.136027 1.000000
-0.133077 1.000000
-0.130135 1.000000
-0.127200 1.000000
-0.124273 1.000000
-0.121354 1.000000
-0.273000 -1.000000
-0.274888 -1.000000
-0.276771 -1.000000
-0.278649 -1.000000
-0.280522 -1.000000
-0.282390 -1.000000
-0.284253 -1.000000
-0.286112 -1.000000
-0.287965 -1.000000
-0.289814 -1.000000
-0.291658 -1.000000
-0.293498 -1.000000
-0.295332 -1.000000
-0.297162 -1.000000
-0.298987 -1.000000
-0.300807 -1.000000
-0.302623 -1.000000
-0.304434 -1.000000
-0.306240 -1.000000
-0.308041 -1.000000
-0.309838 -1.000000
-0.311630 -1.000000
-0.313417 -1.000000
-0.315200 -1.000000
-0.316978 -1.000000
-0.318752 -1.000000
-0.320521 -1.000000
-0.322285 -1.000000
-0.324045 -1.000000
-0.325800 -1.000000
-0.327551 -1.000000
-0.329297 -1.000000
-0.331039 -1.000000
-0.332776 -1.000000
-0.334508 -1.000000
-0.336236 -1.000000
-0.337960 -1.000000
-0.339679 -1.000000
-0.341393 -1.000000
-0.343103 -1.000000
-0.344809 -1.000000
-0.346510 -1.000000
-0.348207 -1.000000
-0.349900 -1.000000
-0.351588 -1.000000
-0.353272 -1.000000
-0.354951 -1.000000
-0.356626 -1.000000
-0.358296 -1.000000
-0.359963 -1.000000
-0.361625 -1.000000
-0.363282 -1.000000
-0.364936 -1.000000
-0.366585 -1.000000
-0.368229 -1.000000
-0.369870 -1.000000
-0.371506 -1.000000
-0.373138 -1.000000
-0.374766 -1.000000
-0.376389 -1.000000
-0.378008 -1.000000
-0.379624 -1.000000
-0.376167 1.000000
-0.372593 1.000000
-0.369029 1.000000
-0.365474 1.000000
-0.361929 1.000000
-0.358392 1.000000
-0.354865 1.000000
-0.351347 1.000000
-0.347838 1.000000
-0.344338 1.000000
-0.340847 1.000000
-0.337366 1.000000
-0.333893 1.000000
-0.330429 1.000000
-0.326975 1.000000
-0.323529 1.000000
-0.320092 1.000000
-0.316665 1.000000
-0.313246 1.000000
-0.309836 1.000000
-0.306435 1.000000
-0.303042 1.000000
-0.299659 1.000000
-0.296284 1.000000
-0.292918 1.000000
-0.289561 1.000000
-0.286212 1.000000
-0.282873 1.000000
-0.279541 1.000000
-0.276219 1.000000
-0.272905 1.000000
-0.269600 1.000000
-0.266303 1.000000
-0.263015 1.000000
-0.259735 1.000000
-0.256464 1.000000
-0.253202 1.000000
-0.249948 1.000000
-0.246702 1.000000
-0.243465 1.000000
-0.240236 1.000000
-0.237016 1.000000
-0.233804 1.000000
-0.230600 1.000000
-0.227404 1.000000
-0.224217 1.000000
-0.221039 1.000000
-0.217868 1.000000
-0.214706 1.000000
-0.211551 1.000000
-0.208406 1.000000
-0.205268 1.000000
-0.202138 1.000000
-0.199017 1.000000
-0.195903 1.000000
-0.192798 1.000000
-0.189701 1.000000
-0.186611 1.000000
-0.183530 1.000000
-0.180457 1.000000
-0.177392 1.000000
-0.174335 1.000000
-0.171285 1.000000
-0.168244 1.000000
-0.165210 1.000000
-0.162185 1.000000
-0.159167 1.000000
-0.156157 1.000000
-0.153155 1.000000
-0.150161 1.000000
-0.147174 1.000000
-0.144195 1.000000
-0.141224 1.000000
-0.138261 1.000000
-0.135305 1.000000
-0.132358 1.000000
-0.129417 1.000000
-0.126485 1.000000
-0.123559 1.000000
-0.120642 1.000000
-0.117732 1.000000
-0.114830 1.000000
-0.111935 1.000000
-0.109048 1.000000
-0.106168 1.000000
-0.103296 1.000000
-0.100431 1.000000
-0.097573 1.000000
-0.094723 1.000000
-0.091881 1.000000
-0.089046 1.000000
-0.086218 1.000000
-0.083397 1.000000
-0.080584 1.000000
-0.077778 1.000000
-0.074980 1.000000
-0.072188 1.000000
-0.069404 1.000000
-0.066627 1.000000
-0.063858 1.000000
-0.061095 1.000000
-0.058340 1.000000
-0.055592 1.000000
-0.052851 1.000000
-0.050117 1.000000
-0.047390 1.000000
-0.044671 1.000000
-0.041958 1.000000
-0.039253 1.000000
-0.036554 1.000000
-0.033862 1.000000
-0.031178 1.000000
-0.028500 1.000000
-0.025830 1.000000
-0.023166 1.000000
-0.020509 1.000000
-0.017859 1.000000
-0.015216 1.000000
-0.012580 1.000000
-0.009951 1.000000
-0.007328 1.000000
-0.004713 1.000000
-0.002104 1.000000
0.000498 1.000000
0.003093 1.000000
0.005682 1.000000
0.008264 1.000000
0.010839 1.000000
0.013408 1.000000
0.015969 1.000000
0.018525 1.000000
0.021073 1.000000
0.023615 1.000000
0.026150 1.000000
0.028679 1.000000
0.031201 1.000000
0.033717 1.000000
0.036226 1.000000
0.038728 1.000000
0.041224 1.000000
0.043714 1.000000
0.046197 1.000000
0.048674 1.000000
0.051144 1.000000
0.053608 1.000000
0.056065 1.000000
0.058516 1.000000
0.060961 1.000000
0.063399 1.000000
0.065831 1.000000
0.068257 1.000000
0.070676 1.000000
0.073089 1.000000
0.075496 1.000000
0.077897 1.000000
0.080291 1.000000
0.082679 1.000000
0.085061 1.000000
0.087437 1.000000
0.089807 1.000000
0.092170 1.000000
0.094527 1.000000
0.096879 1.000000
0.099224 1.000000
0.101563 1.000000
0.103896 1.000000
0.106222 1.000000
0.108543 1.000000
0.110858 1.000000
0.113167 1.000000
0.115469 1.000000
0.117766 1.000000
0.120057 1.000000
0.122342 1.000000
0.124621 1.000000
0.126894 1.000000
0.129161 1.000000
0.131422 1.000000
0.133678 1.000000
0.135927 1.000000
0.138171 1.000000
0.140409 1.000000
0.142641 1.000000
0.144867 1.000000
0.147087 1.000000
0.149302 1.000000
0.151511 1.000000
0.153714 1.000000
0.155912 1.000000
0.158104 1.000000
0.160290 1.000000
0.162470 1.000000
0.164645 1.000000
0.166814 1.000000
0.168977 1.000000
0.171135 1.000000
0.173287 1.000000
0.175434 1.000000
0.177575 1.000000
0.179711 1.000000
0.181841 1.000000
0.183965 1.000000
0.186084 1.000000
0.188198 1.000000
0.190305 1.000000
0.192408 1.000000
0.194505 1.000000
0.196597 1.000000
0.198683 1.000000
0.200763 1.000000
0.202839 1.000000
0.204909 1.000000
0.206973 1.000000
0.209032 1.000000
0.211086 1.000000
0.213135 1.000000
0.215178 1.000000
0.217216 1.000000
0.219248 1.000000
0.221276 1.000000
0.223298 1.000000
0.225315 1.000000
0.227326 1.000000
0.229332 1.000000
0.231334 1.000000
0.233330 1.000000
0.235320 1.000000
0.237306 1.000000
0.239286 1.000000
0.241262 1.000000
0.243232 1.000000
0.245197 1.000000
0.247157 1.000000
0.249112 1.000000
0.251061 1.000000
0.253006 1.000000
0.254946 1.000000
0.256880 1.000000
0.258810 1.000000
0.260735 1.000000
0.262654 1.000000
0.264569 1.000000
0.266478 1.000000
0.268383 1.000000
0.270283 1.000000
0.272178 1.000000
0.274068 1.000000
0.275952 1.000000
0.277833 1.000000
0.279708 1.000000
0.281578 1.000000
0.283444 1.000000
0.285304 1.000000
0.287160 1.000000
0.289011 1.000000
0.290857 1.000000
0.292698 1.000000
0.294535 1.000000
0.296367 1.000000
0.298194 1.000000
0.300016 1.000000
0.301834 1.000000
0.300836 -1.000000
0.297459 -1.000000
0.294090 -1.000000
0.290729 -1.000000
0.287378 -1.000000
0.284035 -1.000000
0.280701 -1.000000
0.277375 -1.000000
0.274058 -1.000000
0.270750 -1.000000
0.267451 -1.000000
0.264159 -1.000000
0.260877 -1.000000
0.257603 -1.000000
0.254337 -1.000000
0.251080 -1.000000
0.247832 -1.000000
0.244592 -1.000000
0.241360 -1.000000
0.238136 -1.000000
0.234922 -1.000000
0.231715 -1.000000
0.228517 -1.000000
0.225327 -1.000000
0.222145 -1.000000
0.218971 -1.000000
0.215806 -1.000000
0.212649 -1.000000
0.209500 -1.000000
0.206360 -1.000000
0.203227 -1.000000
0.200103 -1.000000
0.196987 -1.000000
0.193879 -1.000000
0.190779 -1.000000
0.187687 -1.000000
0.184603 -1.000000
0.181527 -1.000000
0.178459 -1.000000
0.175399 -1.000000
0.172347 -1.000000
0.169302 -1.000000
0.166266 -1.000000
0.163238 -1.000000
0.160217 -1.000000
0.157205 -1.000000
0.154200 -1.000000
0.151203 -1.000000
0.148214 -1.000000
0.145232 -1.000000
0.142258 -1.000000
0.139292 -1.000000
0.136334 -1.000000
0.133384 -1.000000
0.130441 -1.000000
0.127505 -1.000000
0.124578 -1.000000
0.121657 -1.000000
0.118745 -1.000000
0.115840 -1.000000
0.112943 -1.000000
0.110053 -1.000000
0.107170 -1.000000
0.104295 -1.000000
0.101428 -1.000000
0.098568 -1.000000
0.095715 -1.000000
0.092870 -1.000000
0.090032 -1.000000
0.087202 -1.000000
0.084379 -1.000000
0.081563 -1.000000
0.078755 -1.000000
0.075954 -1.000000
0.073160 -1.000000
0.070373 -1.000000
0.067594 -1.000000
0.064822 -1.000000
0.062057 -1.000000
0.059299 -1.000000
0.056548 -1.000000
0.053805 -1.000000
0.051069 -1.000000
0.048339 -1.000000
0.045617 -1.000000
0.042902 -1.000000
0.040194 -1.000000
0.037493 -1.000000
0.034799 -1.000000
0.032112 -1.000000
0.029432 -1.000000
0.026759 -1.000000
0.024093 -1.000000
0.021434 -1.000000
0.018782 -1.000000
0.016136 -1.000000
0.013498 -1.000000
0.010866 -1.000000
0.008241 -1.000000
0.005623 -1.000000
0.003012 -1.000000
0.000407 -1.000000
-0.002190 -1.000000
-0.004781 -1.000000
-0.007365 -1.000000
-0.009943 -1.000000
-0.012514 -1.000000
-0.015078 -1.000000
-0.017635 -1.000000
-0.020186 -1.000000
-0.022730 -1.000000
-0.025268 -1.000000
-0.027799 -1.000000
-0.030323 -1.000000
-0.032841 -1.000000
-0.035353 -1.000000
-0.037857 -1.000000
-0.040356 -1.000000
-0.042848 -1.000000
-0.045333 -1.000000
-0.047812 -1.000000
-0.050284 -1.000000
-0.052750 -1.000000
-0.055210 -1.000000
-0.057663 -1.000000
-0.060110 -1.000000
-0.062551 -1.000000
-0.064985 -1.000000
-0.067413 -1.000000
-0.069834 -1.000000
-0.072250 -1.000000
-0.074659 -1.000000
-0.077061 -1.000000
-0.079458 -1.000000
-0.081848 -1.000000
-0.084232 -1.000000
-0.086610 -1.000000
-0.088982 -1.000000
-0.091348 -1.000000
-0.093707 -1.000000
-0.096060 -1.000000
-0.098407 -1.000000
-0.100749 -1.000000
-0.103084 -1.000000
-0.105413 -1.000000
-0.107735 -1.000000
-0.110052 -1.000000
-0.112363 -1.000000
-0.114668 -1.000000
-0.116967 -1.000000
-0.119260 -1.000000
-0.121547 -1.000000
-0.123828 -1.000000
-0.126103 -1.000000
-0.128372 -1.000000
-0.130635 -1.000000
-0.132893 -1.000000
-0.135144 -1.000000
-0.137390 -1.000000
-0.139630 -1.000000
-0.141864 -1.000000
-0.144092 -1.000000
-0.146315 -1.000000
-0.148531 -1.000000
-0.150742 -1.000000
-0.152947 -1.000000
-0.155147 -1.000000
-0.157341 -1.000000
-0.159529 -1.000000
-0.161711 -1.000000
-0.163888 -1.000000
-0.166059 -1.000000
-0.168224 -1.000000
-0.170384 -1.000000
-0.172538 -1.000000
-0.174687 -1.000000
-0.176830 -1.000000
-0.416000 1.000000
-0.412323 1.000000
-0.408656 1.000000
-0.404998 1.000000
-0.401350 1.000000
-0.397711 1.000000
-0.394082 1.000000
-0.390462 1.000000
-0.386851 1.000000
-0.383250 1.000000
-0.379658 1.000000
-0.376076 1.000000
-0.372503 1.000000
-0.368939 1.000000
-0.365384 1.000000
-0.361839 1.000000
-0.358303 1.000000
-0.354776 1.000000
-0.351258 1.000000
-0.347749 1.000000
-0.344250 1.000000
-0.340759 1.000000
-0.337278 1.000000
-0.333805 1.000000
-0.330342 1.000000
-0.326888 1.000000
-0.323442 1.000000
-0.320006 1.000000
-0.316578 1.000000
-0.313159 1.000000
-0.309750 1.000000
-0.306349 1.000000
-0.302957 1.000000
-0.299573 1.000000
-0.296199 1.000000
-0.292833 1.000000
-0.289476 1.000000
-0.286128 1.000000
-0.282788 1.000000
-0.279457 1.000000
-0.276135 1.000000
-0.272821 1.000000
-0.269516 1.000000
-0.266220 1.000000
-0.262932 1.000000
-0.259653 1.000000
-0.256382 1.000000
-0.253119 1.000000
-0.249866 1.000000
-0.246620 1.000000
-0.243383 1.000000
-0.240155 1.000000
-0.236934 1.000000
-0.233722 1.000000
-0.230519 1.000000
-0.227324 1.000000
-0.224137 1.000000
-0.220958 1.000000
-0.217788 1.000000
-0.214626 1.000000
-0.211472 1.000000
-0.208326 1.000000
-0.205189 1.000000
-0.202059 1.000000
-0.198938 1.000000
-0.195825 1.000000
-0.192720 1.000000
-0.189622 1.000000
-0.186533 1.000000
-0.183452 1.000000
-0.180379 1.000000
-0.177314 1.000000
-0.174257 1.000000
-0.171208 1.000000
-0.168167 1.000000
-0.165134 1.000000
-0.162108 1.000000
-0.159091 1.000000
-0.156081 1.000000
-0.153079 1.000000
-0.150085 1.000000
-0.147099 1.000000
-0.144120 1.000000
-0.141149 1.000000
-0.138186 1.000000
-0.135231 1.000000
-0.132283 1.000000
-0.129343 1.000000
-0.126410 1.000000
-0.123486 1.000000
-0.120568 1.000000
-0.117659 1.000000
-0.114756 1.000000
-0.111862 1.000000
-0.108975 1.000000
-0.106095 1.000000
-0.103223 1.000000
-0.100358 1.000000
-0.097501 1.000000
-0.094651 1.000000
-0.091809 1.000000
-0.088974 1.000000
-0.086146 1.000000
-0.083326 1.000000
-0.080513 1.000000
-0.077707 1.000000
-0.074909 1.000000
-0.072118 1.000000
-0.069334 1.000000
-0.066557 1.000000
-0.063788 1.000000
-0.061026 1.000000
-0.058271 1.000000
-0.055523 1.000000
-0.052782 1.000000
-0.050048 1.000000
-0.047322 1.000000
-0.044602 1.000000
-0.041890 1.000000
-0.039184 1.000000
-0.036486 1.000000
-0.033794 1.000000
-0.031110 1.000000
-0.028433 1.000000
-0.025762 1.000000
-0.023099 1.000000
-0.020442 1.000000
-0.017792 1.000000
-0.015150 1.000000
-0.012514 1.000000
-0.009885 1.000000
-0.007262 1.000000
-0.004647 1.000000
-0.002038 1.000000
0.000564 1.000000
0.003159 1.000000
0.005747 1.000000
0.008329 1.000000
0.010904 1.000000
0.013472 1.000000
0.016034 1.000000
0.018589 1.000000
0.021137 1.000000
0.023679 1.000000
0.026214 1.000000
0.028743 1.000000
0.031265 1.000000
0.033780 1.000000
0.036289 1.000000
0.038792 1.000000
0.041287 1.000000
0.043777 1.000000
0.046260 1.000000
0.048736 1.000000
0.051206 1.000000
0.053670 1.000000
0.056127 1.000000
0.058578 1.000000
0.061023 1.000000
0.063461 1.000000
0.065893 1.000000
0.068318 1.000000
0.070737 1.000000
0.073150 1.000000
0.075557 1.000000
0.077958 1.000000
0.080352 1.000000
0.082740 1.000000
0.085121 1.000000
0.087497 1.000000
0.089867 1.000000
0.092230 1.000000
0.094587 1.000000
0.096938 1.000000
0.099283 1.000000
0.101622 1.000000
0.103954 1.000000
0.106281 1.000000
0.108602 1.000000
0.110916 1.000000
0.113225 1.000000
0.115528 1.000000
0.117824 1.000000
0.120115 1.000000
0.122400 1.000000
0.124678 1.000000
0.126951 1.000000
0.129218 1.000000
0.131479 1.000000
0.133735 1.000000
0.135984 1.000000
0.138228 1.000000
0.140465 1.000000
0.142697 1.000000
0.144923 1.000000
0.147144 1.000000
0.149358 1.000000
0.151567 1.000000
0.153770 1.000000
0.155967 1.000000
0.158159 1.000000
0.160345 1.000000
0.162525 1.000000
0.164700 1.000000
0.166869 1.000000
0.169032 1.000000
0.171190 1.000000
0.173342 1.000000
0.175488 1.000000
0.177629 1.000000
0.179765 1.000000
0.181895 1.000000
0.184019 1.000000
0.186138 1.000000
0.188251 1.000000
0.190359 1.000000
0.192461 1.000000
0.194558 1.000000
0.196649 1.000000
0.198735 1.000000
0.200816 1.000000
0.202891 1.000000
0.204961 1.000000
0.207025 1.000000
0.209084 1.000000
0.211138 1.000000
0.213186 1.000000
0.215230 1.000000
0.217267 1.000000
0.219300 1.000000
0.221327 1.000000
0.223349 1.000000
0.225366 1.000000
0.227377 1.000000
0.229383 1.000000
0.231384 1.000000
0.233380 1.000000
0.235371 1.000000
0.237356 1.000000
0.239336 1.000000
0.241312 1.000000
0.243282 1.000000
0.245246 1.000000
0.247206 1.000000
0.249161 1.000000
0.251111 1.000000
0.253055 1.000000
0.254995 1.000000
0.256929 1.000000
0.258859 1.000000
0.260783 1.000000
0.262703 1.000000
0.264617 1.000000
0.266527 1.000000
0.268431 1.000000
0.270331 1.000000
0.272225 1.000000
0.274115 1.000000
0.276000 1.000000
0.277880 1.000000
0.279755 1.000000
0.281625 1.000000
0.283491 1.000000
0.285351 1.000000
0.287207 1.000000
0.289058 1.000000
0.290904 1.000000
0.292745 1.000000
0.294581 1.000000
0.296413 1.000000
0.298240 1.000000
0.300062 1.000000
0.301880 1.000000
0.303693 1.000000
0.305501 1.000000
0.307304 1.000000
0.309103 1.000000
0.310897 1.000000
0.312686 1.000000
0.314471 1.000000
0.316251 1.000000
0.318026 1.000000
0.319797 1.000000
0.321563 1.000000
0.323325 1.000000
0.325082 1.000000
0.326834 1.000000
0.328582 1.000000
0.330326 1.000000
0.332065 1.000000
0.333799 1.000000
0.335529 1.000000
0.337254 1.000000
0.338975 1.000000
0.340692 1.000000
0.342404 1.000000
0.344111 1.000000
0.345814 1.000000
0.347513 1.000000
0.349207 1.000000
0.350897 1.000000
0.352583 1.000000
0.354264 1.000000
0.355940 1.000000
0.357613 1.000000
0.359281 1.000000
0.360945 1.000000
0.362604 1.000000
0.364259 1.000000
0.365910 1.000000
0.367556 1.000000
0.369198 1.000000
0.370836 1.000000
0.372470 1.000000
0.374100 1.000000
0.375725 1.000000
0.377346 1.000000
0.378963 1.000000
0.380575 1.000000
0.382184 1.000000
0.383788 1.000000
0.385388 1.000000
0.386984 1.000000
0.388576 1.000000
0.390163 1.000000
0.391747 1.000000
0.393326 1.000000
0.394901 1.000000
0.396473 1.000000
0.398040 1.000000
0.399603 1.000000
0.401162 1.000000
0.402717 1.000000
0.404268 1.000000
0.405815 1.000000
0.407358 1.000000
0.408896 1.000000
0.410431 1.000000
0.411962 1.000000
0.413489 1.000000
0.415012 1.000000
0.416531 1.000000
0.418046 1.000000
0.419557 1.000000
0.421064 1.000000
0.422568 1.000000
0.424067 1.000000
0.425563 1.000000
0.427054 1.000000
0.428542 1.000000
0.430026 1.000000
0.431070 -1.000000
0.427354 -1.000000
0.423648 -1.000000
0.419951 -1.000000
0.416264 -1.000000
0.412587 -1.000000
0.408919 -1.000000
0.405260 -1.000000
0.401611 -1.000000
0.397972 -1.000000
0.394342 -1.000000
0.390721 -1.000000
0.387110 -1.000000
0.383508 -1.000000
0.379916 -1.000000
0.376333 -1.000000
0.372759 -1.000000
0.369194 -1.000000
0.365639 -1.000000
0.362093 -1.000000
0.358556 -1.000000
0.355029 -1.000000
0.351510 -1.000000
0.348001 -1.000000
0.344500 -1.000000
0.341009 -1.000000
0.337527 -1.000000
0.334054 -1.000000
0.330590 -1.000000
0.327135 -1.000000
0.323689 -1.000000
0.320252 -1.000000
0.316824 -1.000000
0.313404 -1.000000
0.309994 -1.000000
0.306592 -1.000000
0.303200 -1.000000
0.299816 -1.000000
0.296441 -1.000000
0.293074 -1.000000
0.289717 -1.000000
0.286368 -1.000000
0.283027 -1.000000
0.279696 -1.000000
0.276373 -1.000000
0.273059 -1.000000
0.269753 -1.000000
0.266456 -1.000000
0.263168 -1.000000
0.259888 -1.000000
0.256616 -1.000000
0.253353 -1.000000
0.250099 -1.000000
0.246853 -1.000000
0.243615 -1.000000
0.240386 -1.000000
0.237165 -1.000000
0.233953 -1.000000
0.230748 -1.000000
0.227553 -1.000000
0.224365 -1.000000
0.221186 -1.000000
0.218015 -1.000000
0.214852 -1.000000
0.211698 -1.000000
0.208551 -1.000000
0.205413 -1.000000
0.202283 -1.000000
0.199161 -1.000000
0.196048 -1.000000
0.192942 -1.000000
0.189844 -1.000000
0.186755 -1.000000
0.183673 -1.000000
0.180600 -1.000000
0.177534 -1.000000
0.174476 -1.000000
0.171427 -1.000000
0.168385 -1.000000
0.165351 -1.000000
0.162325 -1.000000
0.159307 -1.000000
0.156297 -1.000000
0.153294 -1.000000
0.150300 -1.000000
0.147313 -1.000000
0.144334 -1.000000
0.141362 -1.000000
0.138399 -1.000000
0.135443 -1.000000
0.132494 -1.000000
0.129554 -1.000000
0.126621 -1.000000
0.123695 -1.000000
0.120777 -1.000000
0.117867 -1.000000
0.114964 -1.000000
0.112069 -1.000000
0.109182 -1.000000
0.106302 -1.000000
0.103429 -1.000000
0.100564 -1.000000
0.097706 -1.000000
0.094856 -1.000000
0.092013 -1.000000
0.089177 -1.000000
0.086349 -1.000000
0.083528 -1.000000
0.080715 -1.000000
0.077908 -1.000000
0.075109 -1.000000
0.072318 -1.000000
0.069533 -1.000000
0.066756 -1.000000
0.063986 -1.000000
0.061224 -1.000000
0.058468 -1.000000
0.055719 -1.000000
0.052978 -1.000000
0.050244 -1.000000
0.047517 -1.000000
0.044797 -1.000000
0.042084 -1.000000
0.039378 -1.000000
0.036679 -1.000000
0.033987 -1.000000
0.031302 -1.000000
0.028625 -1.000000
0.025954 -1.000000
0.023290 -1.000000
0.020632 -1.000000
0.017982 -1.000000
0.015339 -1.000000
0.012703 -1.000000
0.010073 -1.000000
0.007450 -1.000000
0.004834 -1.000000
0.002225 -1.000000
-0.000377 -1.000000
-0.002973 -1.000000
-0.005562 -1.000000
-0.008144 -1.000000
-0.010720 -1.000000
-0.013288 -1.000000
-0.015851 -1.000000
-0.018406 -1.000000
-0.020955 -1.000000
-0.023497 -1.000000
-0.026033 -1.000000
-0.028562 -1.000000
