0.000000 110.000000 11.666667
10.422162 109.400209 17.083924
19.891794 110.736222 23.198429
28.667505 113.673922 30.344489
36.951688 117.879364 38.839556
44.894736 122.994502 48.998058
52.596386 128.609560 61.134882
60.104164 134.232626 75.557835
67.409003 139.257776 92.547063
74.438270 142.934652 112.318261
81.046857 144.344970 134.966190
87.007557 142.395048 160.385879
92.002951 135.837744 188.172118
95.622264 123.341092 217.504496
97.368070 103.622174 247.036234
96.678831 75.659466 274.820017
92.973273 38.980510 298.319337
85.720346 -6.008823 314.561572
74.532998 -57.729067 320.476679
59.274938 -113.280409 313.421172
40.158918 -168.568625 291.810187
17.807036 -218.779898 255.693724
-6.755833 -259.167263 207.064111
-32.191098 -285.967810 149.721252
-57.009477 -297.171392 88.662868
-79.773533 -292.880664 29.154589
-99.290018 -275.148664 -24.231177
-114.745980 -247.381012 -68.316501
-125.763127 -213.536477 -101.594900
-132.371878 -177.385015 -124.095254
-134.927669 -141.999226 -136.974646
-134.000671 -109.530838 -142.021768
-130.266851 -81.224487 -141.214965
-124.418486 -57.576056 -136.408858
-117.101515 -38.545478 -129.160529
-233.843633 45.254661 -152.021265
-168.892545 20.631471 -135.433737
-125.421931 -0.921789 -123.109053
-97.484085 -19.874017 -112.888924
-80.751701 -37.041612 -103.514882
-72.164001 -53.293954 -94.177778
-69.613388 -69.437905 -84.255147
-71.690944 -86.173691 -73.155602
-77.486698 -104.071564 -60.217948
-86.432479 -123.541131 -44.635918
-98.172495 -144.772823 -25.396097
-112.445586 -167.632080 -1.230621
-128.962179 -191.486167 29.397669
-147.258483 -214.946751 68.237099
-166.512345 -235.528451 117.043290
-185.314360 -249.271989 177.119327
-201.413166 -250.484159 248.470483
-211.507093 -231.918787 328.504659
-211.241208 -185.913391 410.458750
-195.663409 -106.999528 482.264234
-160.399738 4.078547 527.243236
-103.559388 136.463586 528.145617
-27.778164 268.594740 474.465375
58.852514 373.798699 369.635742
144.171328 430.872038 232.479400
215.561758 433.281842 90.184831
264.007102 390.490453 -33.062891
286.374511 321.229702 -124.133514
285.067436 244.491456 -181.745833
265.903717 173.757118 -212.113627
235.699821 115.777274 -223.785059
200.550654 72.133945 -224.315631
165.030589 41.468937 -219.063427
132.085922 21.242303 -211.290427
103.290907 8.776556 -202.741980
79.220395 1.743648 -194.234231
59.803663 -1.681329 -186.083537
44.605552 -2.832028 -178.369585
14.678390 8.740392 -115.599175
13.973931 5.936962 -112.474092
13.092454 3.600030 -109.409400
12.094011 1.703046 -106.417348
11.029892 0.209432 -103.505981
9.942713 -0.923222 -100.679695
8.866854 -1.739838 -97.939944
7.829132 -2.285321 -95.285983
6.849616 -2.602732 -92.715541
5.942509 -2.732028 -90.225395
5.117045 -2.709291 -87.811823
4.378349 -2.566318 -85.470935
3.728246 -2.330500 -83.198898
3.165990 -2.024918 -80.992080
2.688912 -1.668568 -78.847122
2.292969 -1.276696 -76.760965
1.973223 -0.861173 -74.730845
1.724221 -0.430899 -72.754267
1.540308 0.007798 -70.828967
1.415877 0.450788 -68.952873
1.345552 0.895782 -67.124066
1.324327 1.342026 -65.340739
1.347664 1.790025 -63.601162
1.411557 2.241312 -61.903653
1.512567 2.698256 -60.246548
1.647843 3.163905 -58.628177
1.815123 3.641868 -57.046836
2.012727 4.136219 -55.500768
2.239543 4.651439 -53.988134
2.495009 5.192374 -52.506992
2.779093 5.764215 -51.055261
3.092278 6.372493 -49.630698
3.435544 7.023098 -48.230849
3.810357 7.722298 -46.853014
4.218659 8.476774 -45.494189
4.662864 9.293663 -44.151005
5.145861 10.180609 -42.819651
5.671016 11.145810 -41.495789
6.242188 12.198080 -40.174445
6.863734 13.346900 -38.849882
7.540537 14.602469 -37.515448
8.278021 15.975757 -36.163397
9.082178 17.478534 -34.784670
9.959587 19.123395 -33.368637
10.917441 20.923755 -31.902799
11.963563 22.893807 -30.372419
13.106418 25.048441 -28.760101
14.355108 27.403089 -27.045290
15.719355 29.973486 -25.203689
17.209454 32.775313 -23.206591
18.836191 35.823672 -21.020104
20.610705 39.132369 -18.604295
22.544287 42.712912 -15.912225
24.648085 46.573164 -12.888928
26.932688 50.715551 -9.470350
29.407552 55.134710 -5.582325
32.080225 59.814434 -1.139699
34.955318 64.723797 3.954237
38.033154 69.812270 9.807735
41.308033 75.003746 16.539664
44.766031 80.189374 24.277155
48.382276 85.219265 33.151164
52.117644 89.893344 43.289128
55.914888 93.951927 54.803695
59.694256 97.067172 67.776477
63.348839 98.837201 82.235790
66.740024 98.785637 98.127793
69.693758 96.370267 115.281315
71.998605 91.005442 133.368292
73.406992 82.103139 151.864215
73.641317 69.136734 170.016349
72.406704 51.728667 186.831094
69.411902 29.757520 201.094735
64.398831 3.471633 211.441943
57.179562 -26.413616 216.481449
47.677013 -58.665963 214.976517
35.962870 -91.566530 206.059740
22.284163 -123.042666 189.441456
7.069638 -150.902130 165.557235
-9.090428 -173.134668 135.601836
-25.491965 -188.217449 101.420099
-41.386479 -195.348725 65.265091
-56.059991 -194.548757 29.475691
-68.906542 -186.605249 -3.848497
-79.482766 -172.886635 -33.099282
-87.535371 -155.081220 -57.291636
-93.000402 -134.930887 -76.067574
-95.979306 -114.015003 -89.599216
-96.700446 -93.613659 -98.435966
-95.475260 -74.652316 -103.340564
-92.656653 -57.711366 -105.146556
-88.604424 -43.076534 -104.653662
-83.659806 -30.807243 -102.563764
-78.129105 -20.806008 -99.451583
-72.275100 -12.878830 -95.760493
-66.314399 -6.782420 -91.813836
-60.418876 -2.257962 -87.833908
-146.868466 49.275958 -121.353922
-101.805531 27.963675 -112.860960
-72.297283 11.531365 -106.398025
-53.543255 -1.473471 -100.940340
-42.240216 -12.264824 -95.974550
-36.157766 -21.824802 -91.221676
-33.825139 -30.948805 -86.499649
-34.306754 -40.297523 -81.652512
-37.044848 -50.444600 -76.508895
-41.751184 -61.916171 -70.850489
-48.333656 -75.220730 -64.379851
-56.846690 -90.867487 -56.680588
-67.456388 -109.369343 -47.164251
-80.412151 -131.222569 -34.998830
-96.015825 -156.848674 -19.015058
-114.576809 -186.473632 2.408762
-136.336598 -219.905277 31.470515
-161.338517 -256.153049 71.035727
-189.209233 -292.825096 124.599037
-218.813048 -325.264447 195.917730
-247.753434 -345.513067 287.977226
-271.761662 -341.529535 400.837386
-284.182220 -297.724738 528.081813
-276.072338 -198.619732 652.565646
-237.758881 -37.225830 744.369521
-162.557720 173.403974 766.260064
-52.009968 393.554153 690.246099
80.464074 566.767688 518.637599
211.658996 647.272120 291.317214
317.155260 625.405168 67.121141
381.154292 528.607522 -107.328855
400.929655 399.775514 -215.350134
384.308418 274.513466 -265.666051
343.827456 171.893520 -277.549815
291.708041 96.944523 -269.099103
237.296972 46.922243 -252.628323
85.391233 92.539591 -169.154166
84.611556 62.941319 -162.292522
81.268925 37.119452 -153.985877
75.980055 15.295572 -145.168599
69.309399 -2.592475 -136.559663
61.752437 -16.784781 -128.646835
53.729357 -27.620061 -121.706802
45.585624 -35.481849 -115.843942
37.596581 -40.764981 -111.035274
29.974075 -43.856162 -107.173703
22.873847 -45.123186 -104.105239
16.402987 -44.908940 -101.658353
10.627120 -43.527771 -99.665209
5.577195 -41.263043 -97.975462
1.255820 -38.365455 -96.463805
-2.356880 -35.052088 -95.032667
-5.297914 -31.506314 -93.611448
-7.616617 -27.878615 -92.153561
-9.370427 -24.288320 -90.632312
-10.621261 -20.826117 -89.036432
-11.432515 -17.557151 -87.365790
-11.866653 -14.524479 -85.627650
-11.983368 -11.752639 -83.833597
-11.838254 -9.251154 -81.997197
-11.481929 -7.017801 -80.132320
-10.959535 -5.041550 -78.252030
-10.310544 -3.305107 -76.367937
-9.568815 -1.787050 -74.489881
-8.762815 -0.463557 -72.625864
-7.915976 0.690241 -70.782127
-7.047126 1.699233 -68.963313
-6.170963 2.587600 -67.172684
-5.298539 3.378314 -65.412323
-4.437740 4.092842 -63.683345
-3.593737 4.750998 -61.986065
-2.769408 5.370910 -60.320147
-1.965708 5.969079 -58.684715
-1.182006 6.560497 -57.078438
-0.416373 7.158802 -55.499581
0.334179 7.776465 -53.946038
1.073489 8.424985 -52.415338
1.806089 9.115091 -50.904632
2.537069 9.856932 -49.410657
3.271981 10.660272 -47.929690
4.016767 11.534661 -46.457480
4.777707 12.489600 -44.989155
5.561392 13.534683 -43.519117
6.374710 14.679731 -42.040911
7.224840 15.934891 -40.547065
8.119266 17.310726 -39.028905
9.065785 18.818266 -37.476329
10.072529 20.469037 -35.877551
11.147971 22.275036 -34.218789
12.300945 24.248671 -32.483906
13.540637 26.402617 -30.653999
14.876569 28.749605 -28.706912
16.318560 31.302091 -26.616694
17.876647 34.071787 -24.352978
19.560967 37.069019 -21.880296
21.381571 40.301849 -19.157337
23.348168 43.774909 -16.136163
25.469756 47.487874 -12.761427
27.754129 51.433488 -8.969644
30.207213 55.595037 -4.688619
32.832198 59.943185 0.162844
35.628411 64.432060 5.674735
38.589893 68.994510 11.944875
41.703606 73.536516 19.076804
44.947252 77.930810 27.176046
48.286656 82.009934 36.344136
51.672730 85.559214 46.669712
55.038083 88.310470 58.215912
58.293446 89.937814 71.003397
61.324213 90.057447 84.988612
63.987581 88.234070 100.037513
66.111031 83.997101 115.896078
67.493104 76.870122 132.160591
67.907665 66.416457 148.252840
67.112945 52.302019 163.407877
64.866449 34.373070 176.683967
60.946293 12.741169 187.004909
55.178385 -12.138954 193.242407
47.467277 -39.418998 194.339489
37.826623 -67.857186 189.464840
26.403472 -95.887875 178.174389
13.489939 -121.766916 160.544952
-0.483250 -143.778757 137.241246
-14.973934 -160.469451 109.486972
-29.374495 -170.855071 78.932978
-43.070060 -174.555720 47.444344
-55.498911 -171.823305 16.852565
-66.204431 -163.460667 -11.271460
-74.870144 -150.658803 -35.777058
-81.333739 -134.796839 -56.002407
-85.580833 -117.250934 -71.755195
-87.723007 -99.246091 -83.228590
-87.966618 -81.766392 -90.884460
-86.578846 -65.522015 -95.333487
-83.856096 -50.960394 -97.232822
-80.097928 -38.304813 -97.211288
-75.587832 -27.605013 -95.823338
-70.580748 -18.788389 -93.527503
-65.296379 -11.704953 -90.682758
-59.916991 -6.163079 -87.556185
-54.588347 -1.955674 -84.336480
-49.422630 1.122122 -81.149380
-44.502427 3.261975 -78.072553
-39.885120 4.636396 -75.148651
-96.943651 37.458529 -106.692062
-66.300966 21.188973 -100.867807
-46.548495 9.104423 -96.061106
-34.187771 -0.170803 -91.780156
-26.867510 -7.686128 -87.788043
-23.033353 -14.240243 -83.959693
-21.681312 -20.452329 -80.214439
-22.187427 -26.821983 -76.482717
-24.192152 -33.777567 -72.686968
-27.523480 -41.714688 -68.726957
-32.147197 -51.026815 -64.464157
-38.135924 -62.129448 -59.701457
-45.650845 -75.478212 -54.154651
-54.931418 -91.579482 -47.411490
-66.288823 -110.989304 -38.873002
-80.098356 -134.291651 -27.670713
-96.784022 -162.039196 -12.553269
-116.784642 -194.627014 8.260793
-140.483798 -232.050324 37.255709
-168.075193 -273.471869 77.777644
-199.320580 -316.501828 134.073442
-233.144461 -356.105787 210.970970
-267.015918 -383.189158 312.754734
-296.137373 -383.325145 440.575557
-312.673117 -336.988863 587.839887
-305.682451 -223.870801 734.238333
-262.949829 -33.922910 842.274546
-175.835458 216.525166 864.107523
-46.376317 475.312143 764.523256
107.839164 669.175416 550.220438
257.069344 743.129984 277.571623
371.609698 693.353817 22.853011
434.505385 562.360053 -160.769365
445.727449 405.662179 -261.731328
417.215905 263.449514 -298.006661
364.881321 153.341713 -295.882165
302.814268 76.926158 -276.625226
110.991790 130.612436 -188.955791
110.765554 88.148676 -179.959519
106.772979 51.032139 -168.177074
99.904891 19.651959 -155.361399
90.979345 -6.082626 -142.868729
80.713135 -26.539194 -131.617895
69.712550 -42.217692 -122.125247
58.475978 -53.661938 -114.577786
47.402491 -61.413648 -108.918742
36.802580 -65.993387 -104.930221
26.908912 -67.895301 -102.304896
17.886294 -67.586610 -100.703287
9.840708 -65.506922 -99.795907
2.827653 -62.065587 -99.291137
-3.139972 -57.637275 -98.950664
-8.084264 -52.556923 -98.594884
-12.054990 -47.115345 -98.100910
-15.122600 -41.556525 -97.395732
-17.371762 -36.077069 -96.446833
-18.895566 -30.827884 -95.252039
-19.790529 -25.917734 -93.829926
-20.152490 -21.418147 -92.211553
-20.073402 -17.369104 -90.433898
-19.638984 -13.784949 -88.535040
-18.927159 -10.660111 -86.550932
-18.007150 -7.974329 -84.513487
-16.939146 -5.697196 -82.449682
-15.774377 -3.791964 -80.381379
-14.555520 -2.218585 -78.325605
-13.317321 -0.936075 -76.295105
-12.087344 0.095757 -74.299006
-10.886794 0.915087 -72.343503
-9.731359 1.557287 -70.432493
-8.632020 2.054477 -68.568134
-7.595825 2.435328 -66.751309
-6.626588 2.725069 -64.982000
-5.725522 2.945614 -63.259576
-4.891790 3.115796 -61.583008
-4.122981 3.251649 -59.951024
-3.415509 3.366715 -58.362221
-2.764950 3.472372 -56.815131
-2.166309 3.578144 -55.308268
-1.614236 3.692010 -53.840154
-1.103197 3.820678 -52.409325
-0.627596 3.969848 -51.014338
-0.181865 4.144442 -49.653756
0.239472 4.348815 -48.326146
0.641764 4.586936 -47.030058
1.030217 4.862555 -45.764009
1.409896 5.179345 -44.526463
1.785731 5.541031 -43.315810
2.162549 5.951505 -42.130335
2.545096 6.414926 -40.968192
2.938082 6.935817 -39.827363
3.346219 7.519152 -38.705621
3.774269 8.170439 -37.600478
4.227095 8.895795 -36.509124
4.709712 9.702030 -35.428358
5.227340 10.596722 -34.354498
5.785467 11.588291 -33.283285
6.389901 12.686075 -32.209749
7.046836 13.900409 -31.128067
7.762909 15.242689 -30.031373
8.545264 16.725445 -28.911546
9.401617 18.362392 -27.758939
10.340312 20.168467 -26.562063
11.370379 22.159850 -25.307206
12.501591 24.353935 -23.977968
13.744499 26.769251 -22.554717
15.110464 29.425315 -21.013935
16.611661 32.342363 -19.327445
18.261050 35.540945 -17.461509
20.072306 39.041314 -15.375771
22.059680 42.862545 -13.022052
24.237777 47.021297 -10.342996
26.621214 51.530093 -7.270568
29.224117 56.394993 -3.724476
32.059408 61.612460 0.389416
35.137817 67.165236 5.180531
38.466536 73.016978 10.774637
42.047419 79.105413 17.314144
45.874626 85.333781 24.957117
49.931582 91.560435 33.874217
54.187152 97.586629 44.242532
58.590939 103.142875 56.234945
63.067705 107.874843 70.003385
67.511019 111.330626 85.654162
71.776492 112.952478 103.213725
75.675264 112.077698 122.583911
78.968890 107.955114 143.487480
81.367356 99.785035 165.407844
82.532546 86.790783 187.531602
82.089973 68.327502 208.708658
79.651548 44.027432 227.450908
74.851322 13.968921 241.994113
67.393953 -21.159938 250.444386
57.112062 -59.949138 251.016386
44.024074 -100.261413 242.343062
28.379920 -139.380352 223.801431
10.680136 -174.325045 195.768646
-8.343413 -202.290049 159.716209
-27.789167 -221.113725 118.081488
-46.682491 -229.649008 73.921401
-64.089118 -227.929492 30.428255
-79.221642 -217.087883 -9.563331
-91.517397 -199.065082 -43.951357
-100.674960 -176.208767 -71.546117
-106.648347 -150.876262 -92.048197
-109.607910 -125.129510 -105.876624
-109.882160 -100.561476 -113.924925
-107.894876 -78.247777 -117.316716
-104.108322 -58.789769 -117.207563
-98.978726 -42.407738 -114.651760
-92.925808 -29.049053 -110.531484
-86.315254 -18.488194 -105.534453
-219.729264 63.432393 -141.888747
-154.009616 37.421177 -128.171808
-110.043006 16.341892 -118.536790
-81.446623 -0.896673 -110.943058
-63.680201 -15.470814 -104.321667
-53.588122 -28.453226 -98.079937
-49.028947 -40.771628 -91.838255
-48.593333 -53.221180 -85.289084
-51.396365 -66.492628 -78.114820
-56.927558 -81.199187 -69.929810
-64.942834 -97.892610 -60.227581
-75.384542 -117.060079 -48.322601
-88.316665 -139.090976 -33.281004
-103.862193 -164.196974 -13.839911
-122.127713 -192.260419 11.675926
-143.096603 -222.576531 45.413344
-166.467520 -253.450110 89.964601
-191.412287 -281.623128 148.135943
-216.235166 -301.579660 222.308788
-237.951545 -304.956298 313.120522
-251.896282 -280.634216 417.253037
-251.643744 -216.539470 524.565891
-229.733170 -104.292446 615.933405
-179.734863 53.369702 664.694890
-99.656068 235.815015 644.847218
4.651187 405.380684 545.098675
118.718066 520.818567 380.158598
223.274074 557.474889 187.835915
301.282859 518.924819 11.008862
343.865262 430.981842 -121.858332
351.698844 325.236156 -203.768096
332.221298 225.700857 -243.296270
295.416846 144.654679 -254.587537
250.554951 85.042354 -250.344989
0.000000 50.000000 -1.333333
4.755512 50.144707 -0.252138
9.128946 51.442639 0.974440
13.261389 53.795384 2.425625
17.272582 57.133282 4.184050
21.265360 61.408666 6.342165
25.329032 66.589252 9.007929
29.541802 72.651205 12.310267
33.972261 79.571321 16.404496
38.679925 87.317636 21.477755
43.714716 95.837658 27.754200
49.115221 105.043274 35.499370
54.905482 114.791315 45.022647
61.089985 124.858734 56.676041
67.646472 134.911655 70.846542
74.516192 144.468228 87.938064
81.591287 152.856763 108.337583
88.699331 159.173334 132.358717
95.585601 162.247469 160.155489
101.894737 160.630961 191.600467
107.155101 152.632717 226.127033
110.771372 136.430096 262.547507
112.033486 110.289485 298.879449
110.151987 72.918339 332.240542
104.329640 23.937684 358.900561
93.874399 -35.597196 374.588926
78.347665 -102.780065 375.121799
57.724464 -172.756202 357.311912
32.523706 -239.145906 319.967633
3.857124 -295.051405 264.641648
-26.643987 -334.459294 195.763527
-57.030817 -353.606442 119.964403
-85.327370 -351.806791 44.733633
-109.831841 -331.428087 -23.142645
-129.346612 -297.071192 -78.820237
-143.283915 -254.322669 -119.955146
-151.641262 -208.548450 -146.548311
-154.880893 -164.064513 -160.309614
-153.765115 -123.788669 -163.864462
-149.194475 -89.287900 -160.059532
-377.381678 65.632276 -196.539673
-272.224018 41.532392 -164.940035
-198.741385 17.143317 -143.354559
-148.952680 -5.479835 -127.293535
-116.583858 -26.069305 -114.021837
-96.932222 -45.064687 -101.864389
-86.585720 -63.128351 -89.710710
-83.130605 -80.924967 -76.704831
-84.892890 -99.012084 -62.057627
-90.722040 -117.768029 -44.931626
-99.810171 -137.317212 -24.370496
-111.534014 -157.427535 0.734212
-125.304966 -177.363104 31.627304
-140.413273 -195.686341 69.592761
-155.856942 -210.026601 115.720627
-170.157805 -216.879003 170.467262
-181.191665 -211.577403 232.950566
-186.101275 -188.690278 300.006855
-181.415439 -143.155776 365.249601
-163.535041 -72.349941 418.716853
-129.698694 21.232203 447.993823
-79.323245 127.914801 441.484226
-15.233565 231.335063 393.294903
56.010463 312.746253 307.344298
125.298425 357.842430 197.562350
183.450391 362.250559 83.111171
223.859854 332.210328 -18.740708
244.004057 280.474550 -97.779196
245.304941 220.635014 -151.746698
231.803694 163.106675 -183.954595
208.528480 113.835376 -200.022584
180.219036 74.949240 -205.472088
150.634624 46.117345 -204.604111
122.359263 25.797497 -200.315206
96.909800 12.083082 -194.357956
74.973488 3.166841 -187.704071
56.664297 -2.460997 -180.851855
41.743514 -5.967587 -174.037732
29.786698 -8.207176 -167.364030
20.298261 -9.779492 -160.868888
12.782910 -11.092583 -154.561271
6.785017 -12.419019 -148.436964
1.905946 -13.941575 -142.485003
-2.192605 -15.788209 -136.689605
-5.793408 -18.057771 -131.030013
-9.132644 -20.838450 -125.479260
-12.410442 -24.220901 -120.002125
-15.801560 -28.307736 -114.552185
-19.465446 -33.220637 -109.067642
-23.555379 -39.105978 -103.465452
-28.226606 -46.139386 -97.633051
-33.643481 -54.529228 -91.416735
-39.985506 -64.518410 -84.605434
-47.451986 -76.383042 -76.908221
-56.264539 -90.425240 -67.923573
-66.666005 -106.955316 -57.098157
-78.913106 -126.255460 -43.673407
-93.258373 -148.512296 -26.619987
-109.914046 -173.699089 -4.565377
-128.986756 -201.380456 24.268756
-150.366992 -230.406189 62.080020
-173.553315 -258.465252 111.369628
-197.392739 -281.507130 174.555907
-219.736694 -293.144362 253.105603
-237.066111 -284.378046 345.956753
-244.253473 -244.345839 447.204454
-234.803284 -163.091881 543.678881
-202.049809 -36.998209 614.253934
-141.624557 124.389516 633.740168
-54.705770 294.726258 582.934295
49.719400 436.477687 461.125227
155.884211 516.552081 291.533845
246.187135 522.498990 112.496559
307.534140 466.646245 -40.627771
335.210611 375.968067 -149.188770
332.513319 277.516185 -212.640817
307.502173 189.470985 -241.192650
269.380692 119.890888 -247.549283
226.082523 69.683017 -242.105855
183.300837 36.148071 -231.634174
144.498703 15.465183 -219.835340
48.313108 45.830974 -143.440988
47.387649 31.875909 -138.953106
45.311093 19.775749 -134.128062
42.372918 9.581689 -129.213109
38.834753 1.243664 -124.397048
34.925000 -5.357177 -119.808847
30.836779 -10.382194 -115.523764
26.728255 -14.015138 -111.573363
22.724591 -16.447392 -107.956748
18.920888 -17.867583 -104.651237
15.385679 -18.454564 -101.621490
12.164615 -18.372921 -98.826675
9.284145 -17.770350 -96.225637
6.755016 -16.776409 -93.780287
4.575515 -15.502279 -91.457510
2.734382 -14.041258 -89.229969
1.213375 -12.469789 -87.076119
-0.010524 -10.848834 -84.979722
-0.963261 -9.225481 -82.929100
-1.672190 -7.634647 -80.916280
-2.164869 -6.100813 -78.936145
-2.468123 -4.639687 -76.985673
-2.607360 -3.259772 -75.063280
-2.606090 -1.963793 -73.168293
-2.485614 -0.749946 -71.300540
-2.264862 0.387010 -69.460044
-1.960335 1.454842 -67.646808
-1.586134 2.463090 -65.860661
-1.154047 3.422471 -64.101168
-0.673685 4.344411 -62.367558
-0.152637 5.240696 -60.658689
0.403360 6.123227 -58.973017
0.990245 7.003852 -57.308575
1.605465 7.894269 -55.662940
2.247813 8.805978 -54.033210
2.917282 9.750284 -52.415953
3.614932 10.738314 -50.807156
4.342777 11.781068 -49.202152
5.103678 12.889475 -47.595531
5.901266 14.074453 -45.981031
6.739867 15.346968 -44.351404
7.624441 16.718081 -42.698254
8.560537 18.198981 -41.011851
9.554247 19.800987 -39.280907
10.612163 21.535525 -37.492312
11.741344 23.414045 -35.630836
12.949258 25.447894 -33.678778
14.243732 27.648101 -31.615572
15.632869 30.025069 -29.417343
17.124946 32.588142 -27.056411
18.728263 35.345013 -24.500754
20.450955 38.300937 -21.713447
22.300723 41.457695 -18.652077
24.284483 44.812263 -15.268204
26.407907 48.355112 -11.506884
28.674821 52.068077 -7.306375
31.086436 55.921719 -2.598109
33.640374 59.872136 2.692878
36.329455 63.857153 8.646852
39.140205 67.791940 15.347329
42.051069 71.564105 22.877694
45.030303 75.028509 31.316046
48.033581 78.002187 40.727792
51.001376 80.260051 51.155447
53.856256 81.532402 62.605260
56.500347 81.505659 75.030456
58.813335 79.828203 88.311394
60.651551 76.123520 102.233722
61.848842 70.012984 116.466721
62.220072 61.150164 130.545546
61.568146 49.267297 143.862604
59.695322 34.232256 155.674673
56.419183 16.110822 165.132652
51.592900 -4.775197 171.339287
45.128375 -27.807525 173.436097
37.019531 -52.064242 170.713689
27.361890 -76.359621 162.730965
16.363916 -99.337424 149.420629
4.345998 -119.611789 131.154653
-8.275416 -135.935341 108.747129
-21.018220 -147.362552 83.384204
-33.376039 -153.373088 56.488882
-44.864301 -153.927545 29.546330
-55.063452 -149.444867 3.926086
-63.652418 -140.710798 -19.262967
-70.427823 -128.742693 -39.260272
-75.307692 -114.642643 -55.676278
-78.321446 -99.467556 -68.458675
-79.590114 -84.134595 -77.821038
-79.301422 -69.368255 -84.155556
-77.684117 -55.685259 -87.948294
-74.984748 -43.407688 -89.708967
-71.448813 -32.693060 -89.920486
-67.306967 -23.571415 -89.008239
-62.766115 -15.982185 -87.325898
-58.004656 -9.806543 -85.153303
-53.170963 -4.893345 -82.702011
-48.384148 -1.078442 -80.124893
-43.736302 1.801947 -77.527138
-39.295546 3.902670 -74.976983
-35.109423 5.364724 -72.515235
-31.208310 6.312932 -70.163190
-27.608623 6.855374 -67.928887
-24.315722 7.083919 -65.811850
-21.326453 7.075411 -63.806534
-18.631317 6.893171 -61.904736
-16.216281 6.588636 -60.097203
-14.064259 6.202974 -58.374651
-12.156312 5.768621 -56.728361
-10.472578 5.310679 -55.150483
-8.993002 4.848180 -53.634154
-7.697873 4.395181 -52.173492
-6.568221 3.961723 -50.763524
-5.586087 3.554642 -49.400087
-4.734694 3.178264 -48.079707
-3.998550 2.834973 -46.799488
-3.363486 2.525691 -45.557007
-2.816646 2.250266 -44.350226
-2.346452 2.007784 -43.177410
-1.942540 1.796816 -42.037067
-1.595687 1.615624 -40.927895
-1.297720 1.462303 -39.848741
-1.041430 1.334907 -38.798568
-0.820475 1.231529 -37.776433
-0.629297 1.150368 -36.781462
-0.463027 1.089773 -35.812842
-0.317412 1.048275 -34.869802
-0.188732 1.024606 -33.951612
-0.073730 1.017709 -33.057570
0.030448 1.026750 -32.187003
0.126317 1.051114 -31.339255
0.216107 1.090410 -30.513692
0.301806 1.144467 -29.709692
0.385209 1.213338 -28.926649
0.467956 1.297295 -28.163965
0.551567 1.396834 -27.421050
0.637476 1.512677 -26.697321
0.727060 1.645776 -25.992195
0.821666 1.797324 -25.305090
0.922642 1.968765 -24.635418
1.031353 2.161805 -23.982584
1.149213 2.378435 -23.345975
1.277705 2.620948 -22.724960
1.418405 2.891965 -22.118877
1.573003 3.194465 -21.527026
1.743334 3.531817 -20.948655
1.931397 3.907824 -20.382948
2.139386 4.326763 -19.829004
2.369718 4.793436 -19.285817
2.625066 5.313229 -18.752247
2.908390 5.892174 -18.226988
3.222977 6.537021 -17.708524
3.572482 7.255317 -17.195079
3.960973 8.055496 -16.684553
4.392979 8.946973 -16.174439
4.873546 9.940251 -15.661731
5.408297 11.047039 -15.142798
6.003497 12.280373 -14.613233
6.666125 13.654755 -14.067670
7.403953 15.186285 -13.499549
8.225629 16.892811 -12.900832
9.140764 18.794067 -12.261648
10.160033 20.911809 -11.569858
11.295266 23.269933 -10.810514
12.559547 25.894553 -9.965193
13.967312 28.814032 -9.011189
15.534426 32.058915 -7.920510
17.278251 35.661743 -6.658662
19.217675 39.656666 -5.183185
21.373091 44.078779 -3.441879
23.766295 48.963069 -1.370700
26.420273 54.342815 1.108704
29.358815 60.247219 4.091842
32.605895 66.698014 7.694569
36.184728 73.704678 12.056530
40.116367 81.257812 17.344642
44.417703 89.320135 23.756254
49.098650 97.814482 31.521303
54.158289 106.608148 40.902476
59.579688 115.493019 52.191758
65.323107 124.161253 65.701114
71.317336 132.176968 81.744133
77.449035 138.945741 100.604594
83.550230 143.685903 122.487231
89.384637 145.409034 147.446095
94.634333 142.921505 175.287710
98.889537 134.864105 205.451043
101.645809 119.810871 236.875577
102.314665 96.447990 267.883342
100.254596 63.844050 296.119240
94.828884 21.798396 318.610622
85.492828 -28.787181 332.010130
71.905087 -85.619138 333.059427
54.046228 -144.948645 319.244131
32.315534 -201.866241 289.510098
7.570888 -250.998796 244.818342
-18.917057 -287.495926 188.294678
-45.603670 -308.033629 124.829821
-70.878560 -311.499783 60.188699
-93.293357 -299.121535 -0.103781
-111.751102 -274.013200 -51.740956
-125.613999 -240.344848 -92.195216
-134.715820 -202.438091 -120.773589
-139.294683 -164.052334 -138.272378
-139.879289 -127.989316 -146.434967
-137.163747 -96.005163 -147.408753
-131.897183 -68.936262 -143.324238
-124.801594 -46.927172 -136.036770
-255.413811 47.855340 -158.550612
-184.591933 22.886444 -139.831599
-136.823667 0.623976 -126.118227
-105.823966 -19.110214 -114.924161
-86.963313 -37.007453 -104.788537
-76.932787 -53.886909 -94.779163
-73.429477 -70.535478 -84.195900
-74.893196 -87.640199 -72.394409
-80.295744 -105.751061 -58.674489
-88.972678 -125.240634 -42.201193
-100.483383 -146.237508 -21.945242
-114.483560 -168.513600 3.355049
-130.593429 -191.306958 35.190689
-148.245190 -213.068290 75.194846
-166.496819 -231.141733 124.898345
-183.811119 -241.445205 185.224395
-197.827615 -238.322347 255.617049
-205.209771 -214.897541 332.787443
-201.730754 -164.406155 409.339091
-182.832228 -82.874921 473.046966
-144.852738 27.156914 508.096475
-86.831939 153.571720 499.419684
-12.228214 275.179710 439.512834
70.609521 367.794178 334.189581
150.118096 413.886218 202.508530
214.975132 409.849974 69.499358
257.594666 365.915757 -43.861375
275.836729 299.564539 -126.953951
272.417942 227.720606 -179.480297
252.910033 162.099298 -207.379234
223.605847 108.436510 -218.373091
190.046659 67.965488 -219.194582
156.359410 39.375160 -214.618344
125.188325 20.335703 -207.577633
97.935902 8.406122 -199.672167
75.101319 1.461387 -191.677433
56.599908 -2.170532 -183.918096
42.017073 -3.718059 -176.498914
30.788950 -4.035563 -169.430752
22.319436 -3.687854 -162.691920
16.048508 -3.028739 -156.254394
11.486352 -2.265749 -150.093008
3.490700 1.136837 -96.962585
3.246122 0.726415 -94.405905
2.990031 0.402675 -91.916065
2.731298 0.155763 -89.491754
2.477004 -0.024245 -87.131534
2.232626 -0.146936 -84.833882
2.002235 -0.221279 -82.597223
1.788698 -0.255444 -80.419956
1.593877 -0.256702 -78.300485
1.418808 -0.231384 -76.237226
1.263872 -0.184891 -74.228627
1.128943 -0.121730 -72.273171
1.013519 -0.045578 -70.369382
0.916834 0.040648 -68.515827
0.837949 0.134704 -66.711117
0.775832 0.234948 -64.953902
0.729417 0.340256 -63.242876
0.697657 0.449951 -61.576768
0.679557 0.563744 -59.954343
0.674207 0.681667 -58.374398
0.680799 0.804035 -56.835761
0.698645 0.931400 -55.337288
0.727185 1.064521 -53.877858
0.765993 1.204337 -52.456372
0.814781 1.351953 -51.071751
0.873402 1.508625 -49.722932
0.941847 1.675759 -48.408864
1.020252 1.854904 -47.128506
1.108893 2.047762 -45.880820
1.208190 2.256193 -44.664770
1.318707 2.482230 -43.479315
1.441158 2.728092 -42.323401
1.576409 2.996209 -41.195955
1.725487 3.289241 -40.095875
1.889587 3.610105 -39.022022
2.070079 3.962008 -37.973204
2.268526 4.348481 -36.948160
2.486694 4.773414 -35.945546
2.726571 5.241103 -34.963907
2.990386 5.756291 -34.001654
3.280629 6.324227 -33.057029
3.600083 6.950714 -32.128066
3.951844 7.642175 -31.212542
4.339360 8.405720 -30.307918
4.766461 9.249218 -29.411268
5.237404 10.181372 -28.519190
5.756912 11.211806 -27.627703
6.330220 12.351149 -26.732113
6.963131 13.611126 -25.826858
7.662069 15.004651 -24.905318
8.434134 16.545914 -23.959575
9.287168 18.250468 -22.980131
10.229815 20.135295 -21.955565
11.271584 22.218860 -20.872110
12.422908 24.521120 -19.713146
13.695198 27.063492 -18.458588
15.100882 29.868734 -17.084148
16.653431 32.960722 -15.560459
18.367342 36.364076 -13.852023
20.258089 40.103559 -11.915986
22.342005 44.203199 -9.700698
24.636066 48.684998 -7.144072
27.157561 53.567117 -4.171738
29.923574 58.861347 -0.695031
32.950243 64.569654 3.391103
36.251701 70.679542 8.210129
39.838605 77.157913 13.905611
43.716136 83.943085 20.642153
47.881329 90.934643 28.604950
52.319574 97.980851 37.997029
57.000126 104.863554 49.032862
61.870503 111.280925 61.926635
66.849702 116.829056 76.872969
71.820338 120.984599 94.017623
76.620079 123.092249 113.415724
81.033166 122.363117 134.975912
84.783456 117.892537 158.390932
87.531187 108.708105 183.059322
88.876550 93.859367 208.009374
88.373846 72.557628 231.845284
85.560048 44.365272 252.744489
80.000441 9.417096 268.540593
71.350960 -31.367660 276.921625
59.431745 -76.148197 275.751825
44.299977 -122.177498 263.484576
26.304301 -166.031476 239.582582
6.101317 -204.059560 204.821013
-15.380453 -232.983007 161.348698
-37.031409 -250.491313 112.439673
-57.692516 -255.660266 61.970027
-76.299996 -249.062760 13.758224
-92.010532 -232.549589 -29.042697
-104.281017 -208.790546 -64.341924
-112.891678 -180.731589 -91.227021
-117.917559 -151.118970 -109.830036
-119.664733 -122.183491 -121.039548
-118.591391 -95.505854 -126.168473
-115.231183 -72.029865 -126.661503
-110.129983 -52.166679 -123.884972
-103.800733 -35.935456 -119.005734
-96.696081 -23.101376 -112.943711
-203.050522 47.762034 -141.465242
-144.957274 23.719373 -128.250084
-106.407113 3.590655 -118.419759
-81.784433 -13.548999 -110.250138
-67.089745 -28.728760 -102.783115
-59.545230 -42.913891 -95.428904
-57.273417 -56.959577 -87.746777
-59.049857 -71.610279 -79.319515
-64.117951 -87.510383 -69.671695
-72.051008 -105.207858 -58.204242
-82.646533 -125.137407 -44.130809
-95.838068 -147.568628 -26.410432
-111.609462 -172.500225 -3.679810
-129.894715 -199.475249 25.797917
-150.443949 -227.288472 64.127434
-172.634396 -253.565145 113.638750
-195.209590 -274.231038 176.471527
-215.951043 -283.002990 253.693169
-231.342660 -271.248007 343.765814
-236.398082 -228.877038 440.400079
-224.975869 -147.152420 530.479537
-191.006006 -23.829769 593.822344
-130.846386 130.794758 607.284990
-46.218447 291.239504 554.235029
53.942348 422.734025 435.575666
154.710088 495.633637 273.803185
239.821579 499.542872 104.381264
297.381723 446.367981 -40.530037
323.231549 360.962384 -144.041213
0.000000 110.000000 11.666667
10.422162 109.400209 17.083924
19.891794 110.736222 23.198429
28.667505 113.673922 30.344489
36.951688 117.879364 38.839556
44.894736 122.994502 48.998058
52.596386 128.609560 61.134882
60.104164 134.232626 75.557835
67.409003 139.257776 92.547063
74.438270 142.934652 112.318261
81.046857 144.344970 134.966190
87.007557 142.395048 160.385879
92.002951 135.837744 188.172118
95.622264 123.341092 217.504496
97.368070 103.622174 247.036234
96.678831 75.659466 274.820017
92.973273 38.980510 298.319337
85.720346 -6.008823 314.561572
74.532998 -57.729067 320.476679
59.274938 -113.280409 313.421172
40.158918 -168.568625 291.810187
17.807036 -218.779898 255.693724
-6.755833 -259.167263 207.064111
-32.191098 -285.967810 149.721252
-57.009477 -297.171392 88.662868
-79.773533 -292.880664 29.154589
-99.290018 -275.148664 -24.231177
-114.745980 -247.381012 -68.316501
-125.763127 -213.536477 -101.594900
-132.371878 -177.385015 -124.095254
-134.927669 -141.999226 -136.974646
-134.000671 -109.530838 -142.021768
-130.266851 -81.224487 -141.214965
-124.418486 -57.576056 -136.408858
-117.101515 -38.545478 -129.160529
-233.843633 45.254661 -152.021265
-168.892545 20.631471 -135.433737
-125.421931 -0.921789 -123.109053
-97.484085 -19.874017 -112.888924
-80.751701 -37.041612 -103.514882
-72.164001 -53.293954 -94.177778
-69.613388 -69.437905 -84.255147
-71.690944 -86.173691 -73.155602
-77.486698 -104.071564 -60.217948
-86.432479 -123.541131 -44.635918
-98.172495 -144.772823 -25.396097
-112.445586 -167.632080 -1.230621
-128.962179 -191.486167 29.397669
-147.258483 -214.946751 68.237099
-166.512345 -235.528451 117.043290
-185.314360 -249.271989 177.119327
-201.413166 -250.484159 248.470483
-211.507093 -231.918787 328.504659
-211.241208 -185.913391 410.458750
-195.663409 -106.999528 482.264234
-160.399738 4.078547 527.243236
-103.559388 136.463586 528.145617
-27.778164 268.594740 474.465375
58.852514 373.798699 369.635742
144.171328 430.872038 232.479400
215.561758 433.281842 90.184831
264.007102 390.490453 -33.062891
286.374511 321.229702 -124.133514
285.067436 244.491456 -181.745833
265.903717 173.757118 -212.113627
235.699821 115.777274 -223.785059
200.550654 72.133945 -224.315631
165.030589 41.468937 -219.063427
132.085922 21.242303 -211.290427
103.290907 8.776556 -202.741980
79.220395 1.743648 -194.234231
59.803663 -1.681329 -186.083537
44.605552 -2.832028 -178.369585
14.678390 8.740392 -115.599175
13.973931 5.936962 -112.474092
13.092454 3.600030 -109.409400
12.094011 1.703046 -106.417348
11.029892 0.209432 -103.505981
9.942713 -0.923222 -100.679695
8.866854 -1.739838 -97.939944
7.829132 -2.285321 -95.285983
6.849616 -2.602732 -92.715541
5.942509 -2.732028 -90.225395
5.117045 -2.709291 -87.811823
4.378349 -2.566318 -85.470935
3.728246 -2.330500 -83.198898
3.165990 -2.024918 -80.992080
2.688912 -1.668568 -78.847122
2.292969 -1.276696 -76.760965
1.973223 -0.861173 -74.730845
1.724221 -0.430899 -72.754267
1.540308 0.007798 -70.828967
1.415877 0.450788 -68.952873
1.345552 0.895782 -67.124066
1.324327 1.342026 -65.340739
1.347664 1.790025 -63.601162
1.411557 2.241312 -61.903653
1.512567 2.698256 -60.246548
1.647843 3.163905 -58.628177
1.815123 3.641868 -57.046836
2.012727 4.136219 -55.500768
2.239543 4.651439 -53.988134
2.495009 5.192374 -52.506992
2.779093 5.764215 -51.055261
3.092278 6.372493 -49.630698
3.435544 7.023098 -48.230849
3.810357 7.722298 -46.853014
4.218659 8.476774 -45.494189
4.662864 9.293663 -44.151005
5.145861 10.180609 -42.819651
5.671016 11.145810 -41.495789
6.242188 12.198080 -40.174445
6.863734 13.346900 -38.849882
7.540537 14.602469 -37.515448
8.278021 15.975757 -36.163397
9.082178 17.478534 -34.784670
9.959587 19.123395 -33.368637
10.917441 20.923755 -31.902799
11.963563 22.893807 -30.372419
13.106418 25.048441 -28.760101
14.355108 27.403089 -27.045290
15.719355 29.973486 -25.203689
17.209454 32.775313 -23.206591
18.836191 35.823672 -21.020104
20.610705 39.132369 -18.604295
22.544287 42.712912 -15.912225
24.648085 46.573164 -12.888928
26.932688 50.715551 -9.470350
29.407552 55.134710 -5.582325
32.080225 59.814434 -1.139699
34.955318 64.723797 3.954237
38.033154 69.812270 9.807735
41.308033 75.003746 16.539664
44.766031 80.189374 24.277155
48.382276 85.219265 33.151164
52.117644 89.893344 43.289128
55.914888 93.951927 54.803695
59.694256 97.067172 67.776477
63.348839 98.837201 82.235790
66.740024 98.785637 98.127793
69.693758 96.370267 115.281315
71.998605 91.005442 133.368292
73.406992 82.103139 151.864215
73.641317 69.136734 170.016349
72.406704 51.728667 186.831094
69.411902 29.757520 201.094735
64.398831 3.471633 211.441943
57.179562 -26.413616 216.481449
47.677013 -58.665963 214.976517
35.962870 -91.566530 206.059740
22.284163 -123.042666 189.441456
7.069638 -150.902130 165.557235
-9.090428 -173.134668 135.601836
-25.491965 -188.217449 101.420099
-41.386479 -195.348725 65.265091
-56.059991 -194.548757 29.475691
-68.906542 -186.605249 -3.848497
-79.482766 -172.886635 -33.099282
-87.535371 -155.081220 -57.291636
-93.000402 -134.930887 -76.067574
-95.979306 -114.015003 -89.599216
-96.700446 -93.613659 -98.435966
-95.475260 -74.652316 -103.340564
-92.656653 -57.711366 -105.146556
-88.604424 -43.076534 -104.653662
-83.659806 -30.807243 -102.563764
-78.129105 -20.806008 -99.451583
-72.275100 -12.878830 -95.760493
-66.314399 -6.782420 -91.813836
-60.418876 -2.257962 -87.833908
-146.868466 49.275958 -121.353922
-101.805531 27.963675 -112.860960
-72.297283 11.531365 -106.398025
-53.543255 -1.473471 -100.940340
-42.240216 -12.264824 -95.974550
-36.157766 -21.824802 -91.221676
-33.825139 -30.948805 -86.499649
-34.306754 -40.297523 -81.652512
-37.044848 -50.444600 -76.508895
-41.751184 -61.916171 -70.850489
-48.333656 -75.220730 -64.379851
-56.846690 -90.867487 -56.680588
-67.456388 -109.369343 -47.164251
-80.412151 -131.222569 -34.998830
-96.015825 -156.848674 -19.015058
-114.576809 -186.473632 2.408762
-136.336598 -219.905277 31.470515
-161.338517 -256.153049 71.035727
-189.209233 -292.825096 124.599037
-218.813048 -325.264447 195.917730
-247.753434 -345.513067 287.977226
-271.761662 -341.529535 400.837386
-284.182220 -297.724738 528.081813
-276.072338 -198.619732 652.565646
-237.758881 -37.225830 744.369521
-162.557720 173.403974 766.260064
-52.009968 393.554153 690.246099
80.464074 566.767688 518.637599
211.658996 647.272120 291.317214
317.155260 625.405168 67.121141
381.154292 528.607522 -107.328855
400.929655 399.775514 -215.350134
384.308418 274.513466 -265.666051
343.827456 171.893520 -277.549815
291.708041 96.944523 -269.099103
237.296972 46.922243 -252.628323
85.391233 92.539591 -169.154166
84.611556 62.941319 -162.292522
81.268925 37.119452 -153.985877
75.980055 15.295572 -145.168599
69.309399 -2.592475 -136.559663
61.752437 -16.784781 -128.646835
53.729357 -27.620061 -121.706802
45.585624 -35.481849 -115.843942
37.596581 -40.764981 -111.035274
29.974075 -43.856162 -107.173703
22.873847 -45.123186 -104.105239
16.402987 -44.908940 -101.658353
10.627120 -43.527771 -99.665209
5.577195 -41.263043 -97.975462
1.255820 -38.365455 -96.463805
-2.356880 -35.052088 -95.032667
-5.297914 -31.506314 -93.611448
-7.616617 -27.878615 -92.153561
-9.370427 -24.288320 -90.632312
-10.621261 -20.826117 -89.036432
-11.432515 -17.557151 -87.365790
-11.866653 -14.524479 -85.627650
-11.983368 -11.752639 -83.833597
-11.838254 -9.251154 -81.997197
-11.481929 -7.017801 -80.132320
-10.959535 -5.041550 -78.252030
-10.310544 -3.305107 -76.367937
-9.568815 -1.787050 -74.489881
-8.762815 -0.463557 -72.625864
-7.915976 0.690241 -70.782127
-7.047126 1.699233 -68.963313
-6.170963 2.587600 -67.172684
-5.298539 3.378314 -65.412323
-4.437740 4.092842 -63.683345
-3.593737 4.750998 -61.986065
-2.769408 5.370910 -60.320147
-1.965708 5.969079 -58.684715
-1.182006 6.560497 -57.078438
-0.416373 7.158802 -55.499581
0.334179 7.776465 -53.946038
1.073489 8.424985 -52.415338
1.806089 9.115091 -50.904632
2.537069 9.856932 -49.410657
3.271981 10.660272 -47.929690
4.016767 11.534661 -46.457480
4.777707 12.489600 -44.989155
5.561392 13.534683 -43.519117
6.374710 14.679731 -42.040911
7.224840 15.934891 -40.547065
8.119266 17.310726 -39.028905
9.065785 18.818266 -37.476329
10.072529 20.469037 -35.877551
11.147971 22.275036 -34.218789
12.300945 24.248671 -32.483906
13.540637 26.402617 -30.653999
14.876569 28.749605 -28.706912
16.318560 31.302091 -26.616694
17.876647 34.071787 -24.352978
19.560967 37.069019 -21.880296
21.381571 40.301849 -19.157337
23.348168 43.774909 -16.136163
25.469756 47.487874 -12.761427
27.754129 51.433488 -8.969644
30.207213 55.595037 -4.688619
32.832198 59.943185 0.162844
35.628411 64.432060 5.674735
38.589893 68.994510 11.944875
41.703606 73.536516 19.076804
44.947252 77.930810 27.176046
48.286656 82.009934 36.344136
51.672730 85.559214 46.669712
55.038083 88.310470 58.215912
58.293446 89.937814 71.003397
61.324213 90.057447 84.988612
63.987581 88.234070 100.037513
66.111031 83.997101 115.896078
67.493104 76.870122 132.160591
67.907665 66.416457 148.252840
67.112945 52.302019 163.407877
64.866449 34.373070 176.683967
60.946293 12.741169 187.004909
55.178385 -12.138954 193.242407
47.467277 -39.418998 194.339489
37.826623 -67.857186 189.464840
26.403472 -95.887875 178.174389
13.489939 -121.766916 160.544952
-0.483250 -143.778757 137.241246
-14.973934 -160.469451 109.486972
-29.374495 -170.855071 78.932978
-43.070060 -174.555720 47.444344
-55.498911 -171.823305 16.852565
-66.204431 -163.460667 -11.271460
-74.870144 -150.658803 -35.777058
-81.333739 -134.796839 -56.002407
-85.580833 -117.250934 -71.755195
-87.723007 -99.246091 -83.228590
-87.966618 -81.766392 -90.884460
-86.578846 -65.522015 -95.333487
-83.856096 -50.960394 -97.232822
-80.097928 -38.304813 -97.211288
-75.587832 -27.605013 -95.823338
-70.580748 -18.788389 -93.527503
-65.296379 -11.704953 -90.682758
-59.916991 -6.163079 -87.556185
-54.588347 -1.955674 -84.336480
-49.422630 1.122122 -81.149380
-44.502427 3.261975 -78.072553
-39.885120 4.636396 -75.148651
-96.943651 37.458529 -106.692062
-66.300966 21.188973 -100.867807
-46.548495 9.104423 -96.061106
-34.187771 -0.170803 -91.780156
-26.867510 -7.686128 -87.788043
-23.033353 -14.240243 -83.959693
-21.681312 -20.452329 -80.214439
-22.187427 -26.821983 -76.482717
-24.192152 -33.777567 -72.686968
-27.523480 -41.714688 -68.726957
-32.147197 -51.026815 -64.464157
-38.135924 -62.129448 -59.701457
-45.650845 -75.478212 -54.154651
-54.931418 -91.579482 -47.411490
-66.288823 -110.989304 -38.873002
-80.098356 -134.291651 -27.670713
-96.784022 -162.039196 -12.553269
-116.784642 -194.627014 8.260793
-140.483798 -232.050324 37.255709
-168.075193 -273.471869 77.777644
-199.320580 -316.501828 134.073442
-233.144461 -356.105787 210.970970
-267.015918 -383.189158 312.754734
-296.137373 -383.325145 440.575557
-312.673117 -336.988863 587.839887
-305.682451 -223.870801 734.238333
-262.949829 -33.922910 842.274546
-175.835458 216.525166 864.107523
-46.376317 475.312143 764.523256
107.839164 669.175416 550.220438
257.069344 743.129984 277.571623
371.609698 693.353817 22.853011
434.505385 562.360053 -160.769365
445.727449 405.662179 -261.731328
417.215905 263.449514 -298.006661
364.881321 153.341713 -295.882165
302.814268 76.926158 -276.625226
110.991790 130.612436 -188.955791
110.765554 88.148676 -179.959519
106.772979 51.032139 -168.177074
99.904891 19.651959 -155.361399
90.979345 -6.082626 -142.868729
80.713135 -26.539194 -131.617895
69.712550 -42.217692 -122.125247
58.475978 -53.661938 -114.577786
47.402491 -61.413648 -108.918742
36.802580 -65.993387 -104.930221
26.908912 -67.895301 -102.304896
17.886294 -67.586610 -100.703287
9.840708 -65.506922 -99.795907
2.827653 -62.065587 -99.291137
-3.139972 -57.637275 -98.950664
-8.084264 -52.556923 -98.594884
-12.054990 -47.115345 -98.100910
-15.122600 -41.556525 -97.395732
-17.371762 -36.077069 -96.446833
-18.895566 -30.827884 -95.252039
-19.790529 -25.917734 -93.829926
-20.152490 -21.418147 -92.211553
-20.073402 -17.369104 -90.433898
-19.638984 -13.784949 -88.535040
-18.927159 -10.660111 -86.550932
-18.007150 -7.974329 -84.513487
-16.939146 -5.697196 -82.449682
-15.774377 -3.791964 -80.381379
-14.555520 -2.218585 -78.325605
-13.317321 -0.936075 -76.295105
-12.087344 0.095757 -74.299006
-10.886794 0.915087 -72.343503
-9.731359 1.557287 -70.432493
-8.632020 2.054477 -68.568134
-7.595825 2.435328 -66.751309
-6.626588 2.725069 -64.982000
-5.725522 2.945614 -63.259576
-4.891790 3.115796 -61.583008
-4.122981 3.251649 -59.951024
-3.415509 3.366715 -58.362221
-2.764950 3.472372 -56.815131
-2.166309 3.578144 -55.308268
-1.614236 3.692010 -53.840154
-1.103197 3.820678 -52.409325
-0.627596 3.969848 -51.014338
-0.181865 4.144442 -49.653756
0.239472 4.348815 -48.326146
0.641764 4.586936 -47.030058
1.030217 4.862555 -45.764009
1.409896 5.179345 -44.526463
1.785731 5.541031 -43.315810
2.162549 5.951505 -42.130335
2.545096 6.414926 -40.968192
2.938082 6.935817 -39.827363
3.346219 7.519152 -38.705621
3.774269 8.170439 -37.600478
4.227095 8.895795 -36.509124
4.709712 9.702030 -35.428358
5.227340 10.596722 -34.354498
5.785467 11.588291 -33.283285
6.389901 12.686075 -32.209749
7.046836 13.900409 -31.128067
7.762909 15.242689 -30.031373
8.545264 16.725445 -28.911546
9.401617 18.362392 -27.758939
10.340312 20.168467 -26.562063
11.370379 22.159850 -25.307206
12.501591 24.353935 -23.977968
13.744499 26.769251 -22.554717
15.110464 29.425315 -21.013935
16.611661 32.342363 -19.327445
18.261050 35.540945 -17.461509
20.072306 39.041314 -15.375771
22.059680 42.862545 -13.022052
24.237777 47.021297 -10.342996
26.621214 51.530093 -7.270568
29.224117 56.394993 -3.724476
32.059408 61.612460 0.389416
35.137817 67.165236 5.180531
38.466536 73.016978 10.774637
42.047419 79.105413 17.314144
45.874626 85.333781 24.957117
49.931582 91.560435 33.874217
54.187152 97.586629 44.242532
58.590939 103.142875 56.234945
63.067705 107.874843 70.003385
67.511019 111.330626 85.654162
71.776492 112.952478 103.213725
75.675264 112.077698 122.583911
78.968890 107.955114 143.487480
81.367356 99.785035 165.407844
82.532546 86.790783 187.531602
82.089973 68.327502 208.708658
79.651548 44.027432 227.450908
74.851322 13.968921 241.994113
67.393953 -21.159938 250.444386
57.112062 -59.949138 251.016386
44.024074 -100.261413 242.343062
28.379920 -139.380352 223.801431
10.680136 -174.325045 195.768646
-8.343413 -202.290049 159.716209
-27.789167 -221.113725 118.081488
-46.682491 -229.649008 73.921401
-64.089118 -227.929492 30.428255
-79.221642 -217.087883 -9.563331
-91.517397 -199.065082 -43.951357
-100.674960 -176.208767 -71.546117
-106.648347 -150.876262 -92.048197
-109.607910 -125.129510 -105.876624
-109.882160 -100.561476 -113.924925
-107.894876 -78.247777 -117.316716
-104.108322 -58.789769 -117.207563
-98.978726 -42.407738 -114.651760
-92.925808 -29.049053 -110.531484
-86.315254 -18.488194 -105.534453
-219.729264 63.432393 -141.888747
-154.009616 37.421177 -128.171808
-110.043006 16.341892 -118.536790
-81.446623 -0.896673 -110.943058
-63.680201 -15.470814 -104.321667
-53.588122 -28.453226 -98.079937
-49.028947 -40.771628 -91.838255
-48.593333 -53.221180 -85.289084
-51.396365 -66.492628 -78.114820
-56.927558 -81.199187 -69.929810
-64.942834 -97.892610 -60.227581
-75.384542 -117.060079 -48.322601
-88.316665 -139.090976 -33.281004
-103.862193 -164.196974 -13.839911
-122.127713 -192.260419 11.675926
-143.096603 -222.576531 45.413344
-166.467520 -253.450110 89.964601
-191.412287 -281.623128 148.135943
-216.235166 -301.579660 222.308788
-237.951545 -304.956298 313.120522
-251.896282 -280.634216 417.253037
-251.643744 -216.539470 524.565891
-229.733170 -104.292446 615.933405
-179.734863 53.369702 664.694890
-99.656068 235.815015 644.847218
4.651187 405.380684 545.098675
118.718066 520.818567 380.158598
223.274074 557.474889 187.835915
301.282859 518.924819 11.008862
343.865262 430.981842 -121.858332
351.698844 325.236156 -203.768096
332.221298 225.700857 -243.296270
295.416846 144.654679 -254.587537
250.554951 85.042354 -250.344989
0.000000 50.000000 -1.333333
4.755512 50.144707 -0.252138
9.128946 51.442639 0.974440
13.261389 53.795384 2.425625
17.272582 57.133282 4.184050
21.265360 61.408666 6.342165
25.329032 66.589252 9.007929
29.541802 72.651205 12.310267
33.972261 79.571321 16.404496
38.679925 87.317636 21.477755
43.714716 95.837658 27.754200
49.115221 105.043274 35.499370
54.905482 114.791315 45.022647
61.089985 124.858734 56.676041
67.646472 134.911655 70.846542
74.516192 144.468228 87.938064
81.591287 152.856763 108.337583
88.699331 159.173334 132.358717
95.585601 162.247469 160.155489
101.894737 160.630961 191.600467
107.155101 152.632717 226.127033
110.771372 136.430096 262.547507
112.033486 110.289485 298.879449
110.151987 72.918339 332.240542
104.329640 23.937684 358.900561
93.874399 -35.597196 374.588926
78.347665 -102.780065 375.121799
57.724464 -172.756202 357.311912
32.523706 -239.145906 319.967633
3.857124 -295.051405 264.641648
-26.643987 -334.459294 195.763527
-57.030817 -353.606442 119.964403
-85.327370 -351.806791 44.733633
-109.831841 -331.428087 -23.142645
-129.346612 -297.071192 -78.820237
-143.283915 -254.322669 -119.955146
-151.641262 -208.548450 -146.548311
-154.880893 -164.064513 -160.309614
-153.765115 -123.788669 -163.864462
-149.194475 -89.287900 -160.059532
-377.381678 65.632276 -196.539673
-272.224018 41.532392 -164.940035
-198.741385 17.143317 -143.354559
-148.952680 -5.479835 -127.293535
-116.583858 -26.069305 -114.021837
-96.932222 -45.064687 -101.864389
-86.585720 -63.128351 -89.710710
-83.130605 -80.924967 -76.704831
-84.892890 -99.012084 -62.057627
-90.722040 -117.768029 -44.931626
-99.810171 -137.317212 -24.370496
-111.534014 -157.427535 0.734212
-125.304966 -177.363104 31.627304
-140.413273 -195.686341 69.592761
-155.856942 -210.026601 115.720627
-170.157805 -216.879003 170.467262
-181.191665 -211.577403 232.950566
-186.101275 -188.690278 300.006855
-181.415439 -143.155776 365.249601
-163.535041 -72.349941 418.716853
-129.698694 21.232203 447.993823
-79.323245 127.914801 441.484226
-15.233565 231.335063 393.294903
56.010463 312.746253 307.344298
125.298425 357.842430 197.562350
183.450391 362.250559 83.111171
223.859854 332.210328 -18.740708
244.004057 280.474550 -97.779196
245.304941 220.635014 -151.746698
231.803694 163.106675 -183.954595
208.528480 113.835376 -200.022584
180.219036 74.949240 -205.472088
150.634624 46.117345 -204.604111
122.359263 25.797497 -200.315206
96.909800 12.083082 -194.357956
74.973488 3.166841 -187.704071
56.664297 -2.460997 -180.851855
41.743514 -5.967587 -174.037732
29.786698 -8.207176 -167.364030
20.298261 -9.779492 -160.868888
12.782910 -11.092583 -154.561271
6.785017 -12.419019 -148.436964
1.905946 -13.941575 -142.485003
-2.192605 -15.788209 -136.689605
-5.793408 -18.057771 -131.030013
-9.132644 -20.838450 -125.479260
-12.410442 -24.220901 -120.002125
-15.801560 -28.307736 -114.552185
-19.465446 -33.220637 -109.067642
-23.555379 -39.105978 -103.465452
-28.226606 -46.139386 -97.633051
-33.643481 -54.529228 -91.416735
-39.985506 -64.518410 -84.605434
-47.451986 -76.383042 -76.908221
-56.264539 -90.425240 -67.923573
-66.666005 -106.955316 -57.098157
-78.913106 -126.255460 -43.673407
-93.258373 -148.512296 -26.619987
-109.914046 -173.699089 -4.565377
-128.986756 -201.380456 24.268756
-150.366992 -230.406189 62.080020
-173.553315 -258.465252 111.369628
-197.392739 -281.507130 174.555907
-219.736694 -293.144362 253.105603
-237.066111 -284.378046 345.956753
-244.253473 -244.345839 447.204454
-234.803284 -163.091881 543.678881
-202.049809 -36.998209 614.253934
-141.624557 124.389516 633.740168
-54.705770 294.726258 582.934295
49.719400 436.477687 461.125227
155.884211 516.552081 291.533845
246.187135 522.498990 112.496559
307.534140 466.646245 -40.627771
335.210611 375.968067 -149.188770
332.513319 277.516185 -212.640817
307.502173 189.470985 -241.192650
269.380692 119.890888 -247.549283
226.082523 69.683017 -242.105855
183.300837 36.148071 -231.634174
144.498703 15.465183 -219.835340
48.313108 45.830974 -143.440988
47.387649 31.875909 -138.953106
45.311093 19.775749 -134.128062
42.372918 9.581689 -129.213109
38.834753 1.243664 -124.397048
34.925000 -5.357177 -119.808847
30.836779 -10.382194 -115.523764
26.728255 -14.015138 -111.573363
22.724591 -16.447392 -107.956748
18.920888 -17.867583 -104.651237
15.385679 -18.454564 -101.621490
12.164615 -18.372921 -98.826675
9.284145 -17.770350 -96.225637
6.755016 -16.776409 -93.780287
4.575515 -15.502279 -91.457510
2.734382 -14.041258 -89.229969
1.213375 -12.469789 -87.076119
-0.010524 -10.848834 -84.979722
-0.963261 -9.225481 -82.929100
-1.672190 -7.634647 -80.916280
-2.164869 -6.100813 -78.936145
-2.468123 -4.639687 -76.985673
-2.607360 -3.259772 -75.063280
-2.606090 -1.963793 -73.168293
-2.485614 -0.749946 -71.300540
-2.264862 0.387010 -69.460044
-1.960335 1.454842 -67.646808
-1.586134 2.463090 -65.860661
-1.154047 3.422471 -64.101168
-0.673685 4.344411 -62.367558
-0.152637 5.240696 -60.658689
0.403360 6.123227 -58.973017
0.990245 7.003852 -57.308575
1.605465 7.894269 -55.662940
2.247813 8.805978 -54.033210
2.917282 9.750284 -52.415953
3.614932 10.738314 -50.807156
4.342777 11.781068 -49.202152
5.103678 12.889475 -47.595531
5.901266 14.074453 -45.981031
6.739867 15.346968 -44.351404
7.624441 16.718081 -42.698254
8.560537 18.198981 -41.011851
9.554247 19.800987 -39.280907
10.612163 21.535525 -37.492312
11.741344 23.414045 -35.630836
12.949258 25.447894 -33.678778
14.243732 27.648101 -31.615572
15.632869 30.025069 -29.417343
17.124946 32.588142 -27.056411
18.728263 35.345013 -24.500754
20.450955 38.300937 -21.713447
22.300723 41.457695 -18.652077
24.284483 44.812263 -15.268204
26.407907 48.355112 -11.506884
28.674821 52.068077 -7.306375
31.086436 55.921719 -2.598109
33.640374 59.872136 2.692878
36.329455 63.857153 8.646852
39.140205 67.791940 15.347329
42.051069 71.564105 22.877694
45.030303 75.028509 31.316046
48.033581 78.002187 40.727792
51.001376 80.260051 51.155447
53.856256 81.532402 62.605260
56.500347 81.505659 75.030456
58.813335 79.828203 88.311394
60.651551 76.123520 102.233722
61.848842 70.012984 116.466721
62.220072 61.150164 130.545546
61.568146 49.267297 143.862604
59.695322 34.232256 155.674673
56.419183 16.110822 165.132652
51.592900 -4.775197 171.339287
45.128375 -27.807525 173.436097
37.019531 -52.064242 170.713689
27.361890 -76.359621 162.730965
16.363916 -99.337424 149.420629
4.345998 -119.611789 131.154653
-8.275416 -135.935341 108.747129
-21.018220 -147.362552 83.384204
-33.376039 -153.373088 56.488882
-44.864301 -153.927545 29.546330
-55.063452 -149.444867 3.926086
-63.652418 -140.710798 -19.262967
-70.427823 -128.742693 -39.260272
-75.307692 -114.642643 -55.676278
-78.321446 -99.467556 -68.458675
-79.590114 -84.134595 -77.821038
-79.301422 -69.368255 -84.155556
-77.684117 -55.685259 -87.948294
-74.984748 -43.407688 -89.708967
-71.448813 -32.693060 -89.920486
-67.306967 -23.571415 -89.008239
-62.766115 -15.982185 -87.325898
-58.004656 -9.806543 -85.153303
-53.170963 -4.893345 -82.702011
-48.384148 -1.078442 -80.124893
-43.736302 1.801947 -77.527138
-39.295546 3.902670 -74.976983
-35.109423 5.364724 -72.515235
-31.208310 6.312932 -70.163190
-27.608623 6.855374 -67.928887
-24.315722 7.083919 -65.811850
-21.326453 7.075411 -63.806534
-18.631317 6.893171 -61.904736
-16.216281 6.588636 -60.097203
-14.064259 6.202974 -58.374651
-12.156312 5.768621 -56.728361
-10.472578 5.310679 -55.150483
-8.993002 4.848180 -53.634154
-7.697873 4.395181 -52.173492
-6.568221 3.961723 -50.763524
-5.586087 3.554642 -49.400087
-4.734694 3.178264 -48.079707
-3.998550 2.834973 -46.799488
-3.363486 2.525691 -45.557007
-2.816646 2.250266 -44.350226
-2.346452 2.007784 -43.177410
-1.942540 1.796816 -42.037067
-1.595687 1.615624 -40.927895
-1.297720 1.462303 -39.848741
-1.041430 1.334907 -38.798568
-0.820475 1.231529 -37.776433
-0.629297 1.150368 -36.781462
-0.463027 1.089773 -35.812842
-0.317412 1.048275 -34.869802
-0.188732 1.024606 -33.951612
-0.073730 1.017709 -33.057570
0.030448 1.026750 -32.187003
0.126317 1.051114 -31.339255
0.216107 1.090410 -30.513692
0.301806 1.144467 -29.709692
0.385209 1.213338 -28.926649
0.467956 1.297295 -28.163965
0.551567 1.396834 -27.421050
0.637476 1.512677 -26.697321
0.727060 1.645776 -25.992195
0.821666 1.797324 -25.305090
0.922642 1.968765 -24.635418
1.031353 2.161805 -23.982584
1.149213 2.378435 -23.345975
1.277705 2.620948 -22.724960
1.418405 2.891965 -22.118877
1.573003 3.194465 -21.527026
1.743334 3.531817 -20.948655
1.931397 3.907824 -20.382948
2.139386 4.326763 -19.829004
2.369718 4.793436 -19.285817
2.625066 5.313229 -18.752247
2.908390 5.892174 -18.226988
3.222977 6.537021 -17.708524
3.572482 7.255317 -17.195079
3.960973 8.055496 -16.684553
4.392979 8.946973 -16.174439
4.873546 9.940251 -15.661731
5.408297 11.047039 -15.142798
6.003497 12.280373 -14.613233
6.666125 13.654755 -14.067670
7.403953 15.186285 -13.499549
8.225629 16.892811 -12.900832
9.140764 18.794067 -12.261648
10.160033 20.911809 -11.569858
11.295266 23.269933 -10.810514
12.559547 25.894553 -9.965193
13.967312 28.814032 -9.011189
15.534426 32.058915 -7.920510
17.278251 35.661743 -6.658662
19.217675 39.656666 -5.183185
21.373091 44.078779 -3.441879
23.766295 48.963069 -1.370700
26.420273 54.342815 1.108704
29.358815 60.247219 4.091842
32.605895 66.698014 7.694569
36.184728 73.704678 12.056530
40.116367 81.257812 17.344642
44.417703 89.320135 23.756254
49.098650 97.814482 31.521303
54.158289 106.608148 40.902476
59.579688 115.493019 52.191758
65.323107 124.161253 65.701114
71.317336 132.176968 81.744133
77.449035 138.945741 100.604594
83.550230 143.685903 122.487231
89.384637 145.409034 147.446095
94.634333 142.921505 175.287710
98.889537 134.864105 205.451043
101.645809 119.810871 236.875577
102.314665 96.447990 267.883342
100.254596 63.844050 296.119240
94.828884 21.798396 318.610622
85.492828 -28.787181 332.010130
71.905087 -85.619138 333.059427
54.046228 -144.948645 319.244131
32.315534 -201.866241 289.510098
7.570888 -250.998796 244.818342
-18.917057 -287.495926 188.294678
-45.603670 -308.033629 124.829821
-70.878560 -311.499783 60.188699
-93.293357 -299.121535 -0.103781
-111.751102 -274.013200 -51.740956
-125.613999 -240.344848 -92.195216
-134.715820 -202.438091 -120.773589
-139.294683 -164.052334 -138.272378
-139.879289 -127.989316 -146.434967
-137.163747 -96.005163 -147.408753
-131.897183 -68.936262 -143.324238
-124.801594 -46.927172 -136.036770
-255.413811 47.855340 -158.550612
-184.591933 22.886444 -139.831599
-136.823667 0.623976 -126.118227
-105.823966 -19.110214 -114.924161
-86.963313 -37.007453 -104.788537
-76.932787 -53.886909 -94.779163
-73.429477 -70.535478 -84.195900
-74.893196 -87.640199 -72.394409
-80.295744 -105.751061 -58.674489
-88.972678 -125.240634 -42.201193
-100.483383 -146.237508 -21.945242
-114.483560 -168.513600 3.355049
-130.593429 -191.306958 35.190689
-148.245190 -213.068290 75.194846
-166.496819 -231.141733 124.898345
-183.811119 -241.445205 185.224395
-197.827615 -238.322347 255.617049
-205.209771 -214.897541 332.787443
-201.730754 -164.406155 409.339091
-182.832228 -82.874921 473.046966
-144.852738 27.156914 508.096475
-86.831939 153.571720 499.419684
-12.228214 275.179710 439.512834
70.609521 367.794178 334.189581
150.118096 413.886218 202.508530
214.975132 409.849974 69.499358
257.594666 365.915757 -43.861375
275.836729 299.564539 -126.953951
272.417942 227.720606 -179.480297
252.910033 162.099298 -207.379234
223.605847 108.436510 -218.373091
190.046659 67.965488 -219.194582
156.359410 39.375160 -214.618344
125.188325 20.335703 -207.577633
97.935902 8.406122 -199.672167
75.101319 1.461387 -191.677433
56.599908 -2.170532 -183.918096
42.017073 -3.718059 -176.498914
30.788950 -4.035563 -169.430752
22.319436 -3.687854 -162.691920
16.048508 -3.028739 -156.254394
11.486352 -2.265749 -150.093008
3.490700 1.136837 -96.962585
3.246122 0.726415 -94.405905
2.990031 0.402675 -91.916065
2.731298 0.155763 -89.491754
2.477004 -0.024245 -87.131534
2.232626 -0.146936 -84.833882
2.002235 -0.221279 -82.597223
1.788698 -0.255444 -80.419956
1.593877 -0.256702 -78.300485
1.418808 -0.231384 -76.237226
1.263872 -0.184891 -74.228627
1.128943 -0.121730 -72.273171
1.013519 -0.045578 -70.369382
0.916834 0.040648 -68.515827
0.837949 0.134704 -66.711117
0.775832 0.234948 -64.953902
0.729417 0.340256 -63.242876
0.697657 0.449951 -61.576768
0.679557 0.563744 -59.954343
0.674207 0.681667 -58.374398
0.680799 0.804035 -56.835761
0.698645 0.931400 -55.337288
0.727185 1.064521 -53.877858
0.765993 1.204337 -52.456372
0.814781 1.351953 -51.071751
0.873402 1.508625 -49.722932
0.941847 1.675759 -48.408864
1.020252 1.854904 -47.128506
1.108893 2.047762 -45.880820
1.208190 2.256193 -44.664770
1.318707 2.482230 -43.479315
1.441158 2.728092 -42.323401
1.576409 2.996209 -41.195955
1.725487 3.289241 -40.095875
1.889587 3.610105 -39.022022
2.070079 3.962008 -37.973204
2.268526 4.348481 -36.948160
2.486694 4.773414 -35.945546
2.726571 5.241103 -34.963907
2.990386 5.756291 -34.001654
3.280629 6.324227 -33.057029
3.600083 6.950714 -32.128066
3.951844 7.642175 -31.212542
4.339360 8.405720 -30.307918
4.766461 9.249218 -29.411268
5.237404 10.181372 -28.519190
5.756912 11.211806 -27.627703
6.330220 12.351149 -26.732113
6.963131 13.611126 -25.826858
7.662069 15.004651 -24.905318
8.434134 16.545914 -23.959575
9.287168 18.250468 -22.980131
10.229815 20.135295 -21.955565
11.271584 22.218860 -20.872110
12.422908 24.521120 -19.713146
13.695198 27.063492 -18.458588
15.100882 29.868734 -17.084148
16.653431 32.960722 -15.560459
18.367342 36.364076 -13.852023
20.258089 40.103559 -11.915986
22.342005 44.203199 -9.700698
24.636066 48.684998 -7.144072
27.157561 53.567117 -4.171738
29.923574 58.861347 -0.695031
32.950243 64.569654 3.391103
36.251701 70.679542 8.210129
39.838605 77.157913 13.905611
43.716136 83.943085 20.642153
47.881329 90.934643 28.604950
52.319574 97.980851 37.997029
57.000126 104.863554 49.032862
61.870503 111.280925 61.926635
66.849702 116.829056 76.872969
71.820338 120.984599 94.017623
76.620079 123.092249 113.415724
81.033166 122.363117 134.975912
84.783456 117.892537 158.390932
87.531187 108.708105 183.059322
88.876550 93.859367 208.009374
88.373846 72.557628 231.845284
85.560048 44.365272 252.744489
80.000441 9.417096 268.540593
71.350960 -31.367660 276.921625
59.431745 -76.148197 275.751825
44.299977 -122.177498 263.484576
26.304301 -166.031476 239.582582
6.101317 -204.059560 204.821013
-15.380453 -232.983007 161.348698
-37.031409 -250.491313 112.439673
-57.692516 -255.660266 61.970027
-76.299996 -249.062760 13.758224
-92.010532 -232.549589 -29.042697
-104.281017 -208.790546 -64.341924
-112.891678 -180.731589 -91.227021
-117.917559 -151.118970 -109.830036
-119.664733 -122.183491 -121.039548
-118.591391 -95.505854 -126.168473
-115.231183 -72.029865 -126.661503
-110.129983 -52.166679 -123.884972
-103.800733 -35.935456 -119.005734
-96.696081 -23.101376 -112.943711
-203.050522 47.762034 -141.465242
-144.957274 23.719373 -128.250084
-106.407113 3.590655 -118.419759
-81.784433 -13.548999 -110.250138
-67.089745 -28.728760 -102.783115
-59.545230 -42.913891 -95.428904
-57.273417 -56.959577 -87.746777
-59.049857 -71.610279 -79.319515
-64.117951 -87.510383 -69.671695
-72.051008 -105.207858 -58.204242
-82.646533 -125.137407 -44.130809
-95.838068 -147.568628 -26.410432
-111.609462 -172.500225 -3.679810
-129.894715 -199.475249 25.797917
-150.443949 -227.288472 64.127434
-172.634396 -253.565145 113.638750
-195.209590 -274.231038 176.471527
-215.951043 -283.002990 253.693169
-231.342660 -271.248007 343.765814
-236.398082 -228.877038 440.400079
-224.975869 -147.152420 530.479537
-191.006006 -23.829769 593.822344
-130.846386 130.794758 607.284990
-46.218447 291.239504 554.235029
53.942348 422.734025 435.575666
154.710088 495.633637 273.803185
239.821579 499.542872 104.381264
297.381723 446.367981 -40.530037
323.231549 360.962384 -144.041213
