5.000000 5.000000 5.000000
5.053028 6.095245 5.143320
5.205275 7.194455 5.344007
5.448557 8.315308 5.610729
5.776993 9.472161 5.955394
6.186460 10.675933 6.393064
6.674088 11.933727 6.941950
7.237747 13.248164 7.623385
7.875502 14.616403 8.461668
8.585017 16.028844 9.483613
9.362875 17.467560 10.717644
10.203804 18.904560 12.192209
11.099818 20.300114 13.933296
12.039286 21.601513 15.960864
13.006026 22.742833 18.284119
13.978534 23.646417 20.895830
14.929543 24.226870 23.766288
15.826159 24.398193 26.838040
16.630807 24.084107 30.023050
17.303210 23.230704 33.204220
17.803400 21.819292 36.242770
18.095557 19.876260 38.991850
18.152135 17.476551 41.314727
17.957515 14.738405 43.103950
17.510375 11.809427 44.296736
16.824201 8.846847 44.882455
15.925773 5.996771 44.900398
14.851985 3.377387 44.429025
13.645696 1.069383 43.570265
12.351453 -0.885734 42.433180
11.011792 -2.480975 41.120499
9.664521 -3.735546 39.719814
8.341136 -4.685549 38.299561
7.066227 -5.375622 36.908811
5.857652 -5.852500 35.579484
3.081746 -5.269813 33.945261
1.088937 -4.942940 32.512797
-0.367489 -4.846843 31.222553
-1.471098 -4.952672 30.043697
-2.354382 -5.238371 28.962002
-3.113175 -5.690461 27.973296
-3.817708 -6.303901 27.080401
-4.520816 -7.081206 26.292108
-5.263884 -8.031266 25.623399
-6.081026 -9.167900 25.096540
-7.001837 -10.507997 24.742845
-8.052923 -12.068836 24.605006
-9.258246 -13.864038 24.739750
-10.638138 -15.897369 25.220326
-12.206672 -18.153542 26.137760
-13.966972 -20.585342 27.598896
-15.904068 -23.097395 29.718014
-17.975342 -25.529167 32.597716
-20.099753 -27.644082 36.295120
-22.149074 -29.137053 40.773622
-23.947129 -29.675692 45.851098
-25.284629 -28.983178 51.170820
-25.954541 -26.946619 56.230437
-25.803541 -23.701666 60.487790
-24.781806 -19.632830 63.514400
-22.966969 -15.268335 65.120639
-20.547748 -11.118922 65.382925
-17.774394 -7.546732 64.568027
-14.899554 -4.718574 63.012621
-12.132667 -2.636106 61.024155
-9.618187 -1.200336 58.832530
-7.434977 -0.272453 56.585329
-5.608225 0.285725 54.365255
-4.125626 0.591728 52.212295
-2.952564 0.736397 50.141930
-2.043989 0.785311 48.157266
-1.352604 0.783241 46.256030
-0.833837 0.759219 44.434130
-0.632026 0.835813 43.151595
-0.488590 0.908803 42.011272
-0.353137 0.956109 40.901911
-0.227130 0.982271 39.822842
-0.111474 0.991515 38.773295
-0.006608 0.987664 37.752438
0.087418 0.974104 36.759412
0.170857 0.953770 35.793353
0.244196 0.929157 34.853414
0.308091 0.902342 33.938775
0.363318 0.875023 33.048651
0.410722 0.848557 32.182296
0.451181 0.824006 31.339003
0.485580 0.802179 30.518101
0.514785 0.783676 29.718955
0.539629 0.768926 28.940962
0.560898 0.758221 28.183549
0.579329 0.751751 27.446167
0.595600 0.749631 26.728293
0.610333 0.751921 26.029424
0.624098 0.758653 25.349077
0.637408 0.769841 24.686791
0.650733 0.785499 24.042117
0.664496 0.805652 23.414627
0.679087 0.830344 22.803909
0.694862 0.859646 22.209567
0.712151 0.893663 21.631222
0.731265 0.932538 21.068513
0.752503 0.976457 20.521095
0.776152 1.025653 19.988645
0.802498 1.080408 19.470857
0.831831 1.141058 18.967449
0.864444 1.207998 18.478161
0.900647 1.281682 18.002759
0.940763 1.362629 17.541037
0.985139 1.451426 17.092823
1.034149 1.548735 16.657978
1.088197 1.655299 16.236405
1.147723 1.771942 15.828054
1.213209 1.899582 15.432927
1.285182 2.039235 15.051089
1.364222 2.192024 14.682676
1.450964 2.359182 14.327909
1.546109 2.542068 13.987107
1.650424 2.742168 13.660703
1.764752 2.961109 13.349266
1.890018 3.200660 13.053527
2.027233 3.462744 12.774405
2.177505 3.749441 12.513043
2.342040 4.062985 12.270849
2.522150 4.405769 12.049542
2.719256 4.780327 11.851211
2.934894 5.189323 11.678376
3.170709 5.635518 11.534069
3.428458 6.121727 11.421914
3.709998 6.650753 11.346226
4.017269 7.225292 11.312115
4.352277 7.847809 11.325601
4.717052 8.520367 11.393730
5.113598 9.244401 11.524683
5.543824 10.020427 11.727875
6.009448 10.847675 12.014015
6.511869 11.723633 12.395113
7.052009 12.643498 12.884390
7.630110 13.599536 13.496054
8.245482 14.580366 14.244883
8.896213 15.570215 15.145558
9.578829 16.548204 16.211662
10.287929 17.487790 17.454318
11.015816 18.356515 18.880416
11.752157 19.116289 20.490483
12.483746 19.724416 22.276311
13.194421 20.135611 24.218619
13.865248 20.305131 26.285154
14.475031 20.192987 28.429749
15.001212 19.768913 30.592927
15.421179 19.017466 32.704508
15.713900 17.942317 34.688368
15.861725 16.568689 36.469031
15.852128 14.943085 37.979202
15.679106 13.129910 39.166934
15.343983 11.205335 40.001016
14.855459 9.249460 40.473482
14.228891 7.338237 40.598804
13.484918 5.536641 40.410161
12.647669 3.894132 39.953751
11.742854 2.442814 39.282442
10.795963 1.198032 38.449922
9.830803 0.160758 37.506131
8.868446 -0.679080 36.494317
7.926610 -1.339056 35.449644
7.019423 -1.841019 34.399038
6.157492 -2.208489 33.361880
5.348175 -2.464735 32.351155
4.595982 -2.631528 31.374764
3.903024 -2.728416 30.436786
3.269473 -2.772415 29.538590
2.545184 -2.700118 28.620406
1.317269 -2.318643 27.451671
0.457451 -2.124595 26.356532
-0.164359 -2.076618 25.320413
-0.638133 -2.146713 24.336110
-1.026482 -2.317831 23.400222
-1.373730 -2.581770 22.511576
-1.712324 -2.937566 21.670644
-2.067357 -3.390387 20.879509
-2.459761 -3.950874 20.142174
-2.908618 -4.634820 19.465193
-3.432857 -5.463096 18.858653
-4.052532 -6.461688 18.337612
-4.789799 -7.661661 17.924161
-5.669600 -9.098736 17.650313
-6.719980 -10.812009 17.561929
-7.971819 -12.840984 17.723872
-9.457563 -15.219653 18.226277
-11.208235 -17.965708 19.191209
-13.247663 -21.062415 20.777513
-15.582493 -24.430830 23.179005
-18.186564 -27.892338 26.607099
-20.979374 -31.128739 31.244915
-23.801886 -33.661612 37.161053
-26.399836 -34.891225 44.188276
-28.433174 -34.238806 51.814465
-29.531765 -31.389264 59.183571
-29.399097 -26.525380 65.296153
-27.926592 -20.367342 69.368309
-25.252622 -13.925648 71.134496
-21.723368 -8.110715 70.880226
-17.778165 -3.459248 69.212305
-13.826603 -0.101302 66.766680
-10.171457 2.108096 64.026853
-6.988501 3.429643 61.282760
-4.344546 4.130346 58.670961
-3.381385 5.157739 56.892700
-2.528969 5.932187 55.233827
-1.697694 6.429199 53.651650
-0.910072 6.687933 52.155787
-0.182691 6.748249 50.747557
0.473170 6.648414 49.422250
1.050812 6.423748 48.171358
1.547363 6.105925 46.984509
1.963048 5.722706 45.850956
2.300522 5.297930 44.760641
2.564275 4.851660 43.704837
2.760102 4.400401 42.676465
2.894656 3.957368 41.670159
2.975067 3.532787 40.682152
3.008630 3.134212 39.710060
3.002548 2.766860 38.752611
2.963733 2.433942 37.809376
2.898665 2.137003 36.880506
2.813284 1.876242 35.966518
2.712933 1.650807 35.068110
2.602324 1.459073 34.186039
2.485539 1.298874 33.321020
2.366049 1.167712 32.473673
2.246744 1.062919 31.644489
2.129987 0.981794 30.833823
2.017659 0.921705 30.041894
1.911218 0.880163 29.268795
1.811756 0.854875 28.514515
1.720055 0.843774 27.778951
1.636636 0.845038 27.061930
1.561809 0.857096 26.363225
1.495717 0.878621 25.682569
1.438376 0.908523 25.019670
1.389707 0.945933 24.374218
1.349565 0.990192 23.745898
1.317767 1.040826 23.134392
1.294108 1.097538 22.539393
1.278386 1.160185 21.960601
1.270408 1.228771 21.397733
1.270008 1.303426 20.850525
1.277054 1.384403 20.318736
1.291455 1.472064 19.802151
1.313170 1.566877 19.300587
1.342210 1.669408 18.813895
1.378643 1.780319 18.341964
1.422599 1.900370 17.884732
1.474273 2.030412 17.442187
1.533926 2.171396 17.014377
1.601890 2.324373 16.601421
1.678570 2.490496 16.203516
1.764448 2.671027 15.820957
1.860086 2.867339 15.454144
1.966128 3.080925 15.103606
2.083304 3.313399 14.770021
2.212436 3.566500 14.454244
2.354438 3.842095 14.157332
2.510321 4.142177 13.880582
2.681196 4.468861 13.625575
2.868274 4.824371 13.394219
3.072869 5.211027 13.188803
3.296393 5.631209 13.012065
3.540350 6.087325 12.867257
3.806331 6.581743 12.758226
4.095995 7.116716 12.689494
4.411048 7.694268 12.666354
4.753210 8.316051 12.694952
5.124168 8.983157 12.782375
5.525516 9.695877 12.936722
5.958675 10.453400 13.167136
6.424782 11.253448 13.483807
6.924565 12.091838 13.897880
7.458170 12.961979 14.421274
8.024963 13.854308 15.066343
8.623294 14.755715 15.845345
9.250226 15.648984 16.769674
9.901249 16.512352 17.848811
10.569978 17.319289 19.088968
11.247888 18.038654 20.491469
11.924101 18.635395 22.050921
12.585305 19.071950 23.753379
13.215846 19.310475 25.574756
13.798063 19.315902 27.479858
14.312924 19.059652 29.422445
14.740962 18.523624 31.346699
15.063498 17.703845 33.190297
15.264048 16.613042 34.888990
15.329752 15.281427 36.382218
15.252650 13.755257 37.618931
15.030573 12.093124 38.562601
14.667516 10.360510 39.194479
14.173406 8.623515 39.514507
13.563298 6.942855 39.539804
12.856134 5.369120 39.301195
12.073253 3.939879 38.838584
11.236862 2.678779 38.196099
10.368663 1.596362 37.417774
9.488737 0.692075 36.544268
8.614772 -0.043113 35.610780
7.761610 -0.623999 34.646094
6.941099 -1.068694 33.672517
6.162155 -1.396628 32.706412
5.430995 -1.627080 31.759066
4.751460 -1.778178 30.837681
4.125380 -1.866319 29.946341
3.552948 -1.905887 29.086861
3.033067 -1.909196 28.259498
2.563674 -1.886569 27.463502
2.142007 -1.846506 26.697534
1.700157 -1.762116 25.924047
0.894853 -1.473038 24.887414
0.338016 -1.324430 23.903357
-0.060630 -1.281622 22.964465
-0.362454 -1.322008 22.066802
-0.609540 -1.432160 21.208163
-0.831353 -1.605686 20.387333
-1.049332 -1.841740 19.603828
-1.280076 -2.144082 18.857889
-1.537582 -2.520563 18.150632
-1.834842 -2.982957 17.484353
-2.185066 -3.547063 16.863006
-2.602639 -4.233027 16.292924
-3.103960 -5.065797 15.783880
-3.708183 -6.075641 15.350649
-4.437905 -7.298560 15.015258
-5.319736 -8.776308 14.810226
-6.384640 -10.555521 14.783103
-7.667777 -12.685055 15.002615
-9.207336 -15.210022 15.566536
-11.041550 -18.160143 16.610672
-13.202502 -21.529090 18.316718
-15.704850 -25.241133 20.913365
-18.527332 -29.103667 24.659439
-21.586015 -32.752912 29.791235
-24.702558 -35.619789 36.415396
-27.580165 -36.971231 44.349524
-29.812406 -36.092244 52.972276
-30.953875 -32.610172 61.221989
-30.655921 -26.804522 67.874219
-28.813705 -19.632657 72.029487
-25.631719 -12.359944 73.488404
-21.555677 -6.037627 72.728627
-17.115223 -1.196385 70.551933
-12.773975 2.126593 67.710404
-8.850062 4.181414 64.719099
-5.508299 5.306496 61.848865
-4.309151 6.790028 59.886201
-3.196845 7.879711 58.038491
-2.106392 8.570906 56.296269
-1.070962 8.919527 54.678348
-0.115141 8.982793 53.187915
0.744169 8.815482 51.816788
1.496686 8.467941 50.549660
2.137644 7.985242 49.367772
2.666759 7.407008 48.251791
3.087281 6.767539 47.183819
3.405172 6.096063 46.148640
3.628370 5.416999 45.134310
3.766160 4.750231 44.132264
3.828630 4.111395 43.137056
3.826202 3.512205 42.145900
3.769245 2.960819 41.158100
3.667764 2.462265 40.174469
3.531157 2.018897 39.196791
3.368041 1.630865 38.227370
3.186140 1.296583 37.268676
2.992226 1.013173 36.323088
2.792106 0.776857 35.392732
2.590646 0.583305 34.479388
2.391821 0.427923 33.584458
2.198790 0.306074 32.708971
2.013971 0.213256 31.853617
1.839139 0.145224 31.018789
1.675510 0.098072 30.204638
1.523831 0.068279 29.411119
1.384463 0.052731 28.638041
1.257456 0.048722 27.885102
1.142617 0.053938 27.151925
1.039569 0.066434 26.438083
0.947803 0.084601 25.743120
0.866718 0.107136 25.066562
0.795663 0.133004 24.407935
0.733959 0.161407 23.766766
0.680928 0.191749 23.142591
0.635907 0.223609 22.534957
0.598264 0.256713 21.943426
0.567407 0.290912 21.367574
0.542791 0.326161 20.806989
0.523925 0.362502 20.261279
0.510370 0.400050 19.730062
0.501743 0.438984 19.212973
0.497719 0.479532 18.709661
0.498025 0.521972 18.219788
0.502444 0.566621 17.743033
0.510814 0.613836 17.279087
0.523020 0.664009 16.827657
0.538999 0.717572 16.388468
0.558738 0.774992 15.961257
0.582269 0.836779 15.545783
0.609674 0.903482 15.141822
0.641081 0.975703 14.749172
0.676665 1.054092 14.367655
0.716649 1.139359 13.997117
0.761306 1.232277 13.637437
0.810960 1.333694 13.288527
0.865988 1.444535 12.950338
0.926824 1.565814 12.622868
0.993961 1.698644 12.306170
1.067957 1.844248 12.000357
1.149440 2.003966 11.705619
1.239109 2.179271 11.422235
1.337747 2.371778 11.150588
1.446220 2.583258 10.891187
1.565491 2.815650 10.644691
1.696624 3.071074 10.411940
1.840791 3.351838 10.193988
1.999284 3.660450 9.992147
2.173519 3.999624 9.808037
2.365045 4.372275 9.643648
2.575552 4.781520 9.501414
2.806874 5.230652 9.384291
3.060992 5.723113 9.295864
3.340030 6.262442 9.240457
3.646249 6.852190 9.223265
3.982029 7.495810 9.250501
4.349840 8.196494 9.329550
4.752201 8.956943 9.469143
5.191611 9.779073 9.679510
5.670461 10.663619 9.972532
6.190907 11.609622 10.361832
6.754701 12.613795 10.862798
7.362972 13.669743 11.492456
8.015947 14.767049 12.269149
8.712605 15.890254 13.211916
9.450261 17.017787 14.339479
10.224099 18.120988 15.668732
11.026660 19.163396 17.212651
11.847339 20.100594 18.977605
12.671953 20.880951 20.960166
13.482483 21.447638 23.143694
14.257104 21.742236 25.495203
14.970638 21.710034 27.963255
15.595547 21.306753 30.477783
16.103500 20.505907 32.952681
16.467480 19.305472 35.291637
16.664220 17.732234 37.396948
16.676650 15.842309 39.180167
16.495936 13.717019 40.572594
16.122713 11.454464 41.533364
15.567259 9.158347 42.053287
14.848537 6.926372 42.153685
13.992311 4.840572 41.880803
13.028678 2.961182 41.297403
11.989450 1.324615 40.473603
10.905775 -0.055016 39.478737
9.806254 -1.181962 38.375363
8.715674 -2.073813 37.215763
7.654353 -2.756479 36.040686
6.637980 -3.259892 34.879748
5.677850 -3.614731 33.752844
4.781316 -3.850209 32.672020
3.888030 -3.959444 31.623578
2.040704 -3.459640 30.277927
0.735589 -3.194519 29.046735
-0.211187 -3.119995 27.900490
-0.929291 -3.203584 26.824682
-1.510260 -3.424122 25.812813
-2.019416 -3.770450 24.863091
-2.504527 -4.240003 23.977072
-3.002037 -4.837622 23.159385
-3.541519 -5.574646 22.418131
-4.148848 -6.468235 21.765826
-4.848450 -7.540755 21.220895
-5.664834 -8.819000 20.809793
-6.623496 -10.332860 20.569893
-7.751157 -12.112861 20.553191
-9.075092 -14.185685 20.830765
-10.621153 -16.566422 21.497475
-12.409784 -19.245937 22.675496
-14.449136 -22.171820 24.513713
-16.724323 -25.222592 27.177563
-19.182467 -28.178763 30.821290
-21.715058 -30.702334 35.534269
-24.143055 -32.347811 41.260391
-26.215606 -32.634708 47.710941
-27.636576 -31.195722 54.323931
-28.126940 -27.960826 60.338447
-27.510437 -23.270506 65.005793
-25.784547 -17.810473 67.849762
-23.134422 -12.374320 68.815966
-19.878100 -7.597198 68.219050
-16.373714 -3.813041 66.550434
-12.935427 -1.070381 64.285525
-9.786940 0.763661 61.778407
-7.053677 1.894714 59.245071
2.000000 2.000000 2.000000
2.024161 2.499713 1.991985
2.093840 3.006734 1.995442
2.205939 3.532078 2.012222
2.358665 4.085923 2.044978
2.551331 4.677867 2.097234
2.784210 5.317113 2.173511
3.058410 6.012590 2.279511
3.375772 6.772999 2.422352
3.738780 7.606773 2.610860
4.150463 8.521934 2.855914
4.614295 9.525817 3.170835
5.134068 10.624617 3.571823
5.713722 11.822720 4.078385
6.357112 13.121759 4.713732
7.067701 14.519320 5.505054
7.848128 16.007256 6.483528
8.699645 17.569579 7.683895
9.621386 19.179946 9.143318
10.609447 20.798920 10.899214
11.655799 22.371309 12.985669
12.747081 23.824219 15.428156
13.863389 25.066737 18.236426
14.977274 25.992473 21.395940
16.053281 26.486245 24.858964
17.048396 26.435836 28.537374
17.913818 25.748584 32.300115
18.598299 24.370746 35.978442
19.052981 22.305351 39.380925
19.237161 19.622874 42.317525
19.123972 16.459573 44.628330
18.704659 13.001577 46.209627
17.990354 9.457617 47.029596
17.010810 6.027626 47.129040
15.810419 2.875758 46.607693
14.442535 0.114144 45.601378
12.963393 -2.200733 44.257254
11.426803 -4.061287 42.713285
9.880308 -5.496203 41.085105
8.363017 -6.556431 39.460497
6.427523 -7.050395 37.805776
3.209639 -6.512647 36.009197
0.877625 -6.220281 34.473871
-0.843973 -6.163711 33.123885
-2.159319 -6.323028 31.918817
-3.217897 -6.679762 30.839794
-4.128870 -7.221217 29.881544
-4.972501 -7.941451 29.048427
-5.808816 -8.840704 28.352912
-6.683878 -9.923950 27.815524
-7.634099 -11.198748 27.465713
-8.688863 -12.672220 27.343243
-9.871616 -14.346794 27.499685
-11.199452 -16.214212 27.999382
-12.681053 -18.247372 28.918815
-14.312854 -20.389919 30.342669
-16.073403 -22.544534 32.354202
-17.916347 -24.562821 35.017289
-19.763465 -26.242587 38.348711
-21.500586 -27.341123 42.283333
-22.980736 -27.612832 46.642349
-24.039039 -26.872012 51.123279
-24.521050 -25.065106 55.331954
-24.319560 -22.319186 58.862119
-23.407351 -18.932407 61.398786
-21.851014 -15.299214 62.798043
-19.797963 -11.802968 63.103855
-17.441823 -8.727392 62.500204
-14.980987 -6.220096 61.232469
-12.585168 -4.306465 59.538044
-10.377453 -2.930007 57.607148
-8.431264 -1.994869 55.572840
-6.777187 -1.397379 53.518603
-5.414087 -1.044114 51.492032
-4.320490 -0.859426 49.517774
-3.464118 -0.786493 47.607144
-2.808891 -0.785166 45.764326
-2.319517 -0.828677 43.989966
-1.964134 -0.900323 42.283096
-1.715556 -0.990618 40.642087
-1.551596 -1.095064 39.065092
-1.454846 -1.212524 37.550250
-1.412173 -1.344104 36.095778
-1.414131 -1.492439 34.700027
-1.454372 -1.661279 33.361532
-1.529132 -1.855298 32.079063
-1.636822 -2.080053 30.851701
-1.777720 -2.342061 29.678929
-1.953764 -2.648958 28.560770
-2.168449 -3.009712 27.497965
-2.426808 -3.434901 26.492224
-2.735465 -3.937018 25.546577
-3.102759 -4.530813 24.665864
-3.538921 -5.233634 23.857409
-4.056283 -6.065731 23.131974
-4.669506 -7.050435 22.505051
-5.395756 -8.214081 21.998645
-6.254766 -9.585422 21.643640
-7.268636 -11.194137 21.482870
-8.461127 -13.067797 21.574883
-9.856105 -15.226355 21.998132
-11.474558 -17.672891 22.854748
-13.329458 -20.379199 24.271943
-15.417582 -23.265321 26.397347
-17.707662 -26.174308 29.382261
-20.125262 -28.848600 33.345298
-22.537310 -30.923141 38.311385
-24.743408 -31.959473 44.133089
-26.485439 -31.543459 50.425551
-27.486673 -29.440450 56.571434
-27.520387 -25.744694 61.844681
-26.486260 -20.918967 65.632839
-24.456115 -15.663717 67.644276
-21.660032 -10.676670 67.971196
-18.418598 -6.446790 66.982400
-15.057597 -3.182121 65.138980
-11.842819 -0.860598 62.846140
-8.951093 0.669646 60.388805
-6.472199 1.602177 57.934062
-4.427468 2.118990 55.563103
-2.792719 2.367949 53.305581
-2.055196 2.776114 51.650823
-1.575607 3.163158 50.238455
-1.111278 3.419831 48.872879
-0.672254 3.565038 47.556186
-0.265816 3.617659 46.288281
0.103206 3.595706 45.067480
0.432093 3.515771 43.891088
0.719878 3.392703 42.755885
0.967011 3.239470 41.658506
1.175039 3.067128 40.595712
1.346326 2.884894 39.564562
1.483802 2.700264 38.562499
1.590755 2.519170 37.587383
1.670657 2.346159 36.637468
1.727022 2.184574 35.711369
1.763296 2.036735 34.808001
1.782777 1.904115 33.926524
1.788555 1.787502 33.066288
1.783471 1.687145 32.226778
1.770102 1.602883 31.407580
1.750748 1.534261 30.608344
1.727436 1.480624 29.828758
1.701932 1.441196 29.068537
1.675757 1.415148 28.327401
1.650207 1.401646 27.605080
1.626379 1.399892 26.901300
1.605189 1.409155 26.215788
1.587404 1.428790 25.548273
1.573659 1.458254 24.898486
1.564484 1.497115 24.266164
1.560321 1.545057 23.651052
1.561547 1.601883 23.052912
1.568491 1.667515 22.471521
1.581446 1.741993 21.906678
1.600690 1.825472 21.358209
1.626493 1.918221 20.825972
1.659130 2.020623 20.309862
1.698892 2.133170 19.809817
1.746095 2.256463 19.325824
1.801088 2.391215 18.857932
1.864257 2.538244 18.406254
1.936038 2.698483 17.970982
2.016918 2.872972 17.552400
2.107441 3.062866 17.150893
2.208217 3.269433 16.766973
2.319922 3.494056 16.401290
2.443306 3.738232 16.054658
2.579196 4.003569 15.728084
2.728496 4.291783 15.422796
2.892196 4.604691 15.140280
3.071366 4.944192 14.882317
3.267159 5.312255 14.651036
3.480809 5.710881 14.448961
3.713621 6.142069 14.279069
3.966964 6.607755 14.144854
4.242257 7.109739 14.050394
4.540943 7.649587 14.000418
4.864461 8.228498 14.000374
5.214202 8.847147 14.056486
5.591456 9.505477 14.175799
5.997341 10.202448 14.366199
6.432707 10.935737 14.636381
6.898029 11.701387 14.995767
7.393262 12.493400 15.454327
7.917682 13.303308 16.022289
8.469687 14.119722 16.709692
9.046588 14.927922 17.525761
9.644374 15.709529 18.478071
10.257485 16.442369 19.571486
10.878599 17.100606 20.806907
11.498476 17.655290 22.179873
12.105890 18.075423 23.679155
12.687701 18.329619 25.285525
13.229100 18.388390 26.970966
13.714089 18.226926 28.698595
14.126175 17.828129 30.423594
14.449304 17.185493 32.095293
14.668933 16.305324 33.660405
14.773172 15.207771 35.067136
14.753834 13.926292 36.269651
14.607256 12.505434 37.232201
14.334755 10.997151 37.932220
13.942641 9.456211 38.361834
13.441777 7.935432 38.527584
12.846753 6.481511 38.448499
12.174788 5.132005 38.153006
11.444527 3.913758 37.675270
10.674865 2.842720 37.051622
9.883922 1.924911 36.317516
9.088258 1.158116 35.505304
8.302325 0.533913 34.642880
7.538182 0.039707 33.753108
6.805417 -0.339465 32.853858
6.111223 -0.619474 31.958437
5.460604 -0.816007 31.076252
4.856633 -0.943833 30.213545
4.300748 -1.016348 29.374108
3.793054 -1.045361 28.559919
3.332600 -1.041031 27.771675
2.917636 -1.011919 27.009215
2.545838 -0.965104 26.271838
2.214496 -0.906335 25.558543
1.920666 -0.840196 24.868181
1.661300 -0.770273 24.199574
1.433339 -0.699307 23.551572
1.233790 -0.629342 22.923098
1.059778 -0.561850 22.313163
0.908587 -0.497839 21.720870
0.777679 -0.437952 21.145415
0.664713 -0.382544 20.586075
0.567547 -0.331753 20.042201
0.484239 -0.285549 19.513207
0.413038 -0.243784 18.998562
0.352383 -0.206226 18.497781
0.300881 -0.172588 18.010417
0.257305 -0.142550 17.536053
0.220573 -0.115775 17.074301
0.189741 -0.091924 16.624794
0.163985 -0.070660 16.187184
0.142591 -0.051663 15.761138
0.124944 -0.034625 15.346338
0.110515 -0.019257 14.942480
0.098851 -0.005292 14.549267
0.089568 0.007521 14.166415
0.082342 0.019412 13.793648
0.076899 0.030597 13.430698
0.073013 0.041272 13.077306
0.070495 0.051622 12.733219
0.069193 0.061820 12.398193
0.068984 0.072029 12.071989
0.069774 0.082406 11.754377
0.071490 0.093101 11.445130
0.074082 0.104263 11.144031
0.077519 0.116040 10.850867
0.081784 0.128580 10.565430
0.086881 0.142037 10.287521
0.092823 0.156571 10.016945
0.099642 0.172348 9.753513
0.107381 0.189548 9.497041
0.116097 0.208361 9.247353
0.125860 0.228995 9.004277
0.136755 0.251676 8.767647
0.148880 0.276650 8.537305
0.162349 0.304190 8.313098
0.177294 0.334594 8.094880
0.193862 0.368195 7.882513
0.212220 0.405360 7.675865
0.232556 0.446495 7.474815
0.255082 0.492054 7.279249
0.280034 0.542540 7.089066
0.307677 0.598515 6.904176
0.338306 0.660604 6.724504
0.372252 0.729501 6.549989
0.409885 0.805983 6.380592
0.451617 0.890915 6.216297
0.497907 0.985261 6.057112
0.549268 1.090098 5.903083
0.606274 1.206624 5.754292
0.669563 1.336175 5.610871
0.739847 1.480243 5.473013
0.817921 1.640484 5.340982
0.904671 1.818748 5.215131
1.001084 2.017087 5.095924
1.108258 2.237785 4.983959
1.227419 2.483374 4.880000
1.359927 2.756659 4.785017
1.507296 3.060739 4.700231
1.671205 3.399030 4.627176
1.853513 3.775281 4.567769
2.056278 4.193587 4.524397
2.281767 4.658397 4.500029
2.532473 5.174500 4.498342
2.811121 5.747003 4.523880
3.120678 6.381267 4.582242
3.464345 7.082818 4.680299
3.845549 7.857186 4.826456
4.267906 8.709676 5.030934
4.735170 9.645035 5.306089
5.251143 10.666972 5.666743
5.819544 11.777513 6.130496
6.443813 12.976124 6.717978
7.126847 14.258580 7.452967
7.870624 15.615528 8.362261
8.675733 17.030756 9.475150
9.540749 18.479213 10.822287
10.461487 19.924921 12.433721
11.430131 21.319085 14.335836
12.434291 22.598872 16.547015
13.456096 23.687562 19.072035
14.471488 24.496947 21.895514
15.449959 24.932847 24.975316
16.355009 24.904291 28.237413
17.145607 24.336116 31.574270
17.778826 23.183449 34.848888
18.213573 21.445127 37.905860
18.415043 19.172132 40.588983
18.359149 16.467443 42.762584
18.036032 13.475665 44.331639
17.451800 10.363944 45.255289
16.628035 7.298699 45.550050
15.599175 4.424065 45.282269
14.408382 1.846982 44.552716
13.102811 -0.368771 43.478119
11.729175 -2.200293 42.174282
10.330250 -3.657679 40.743835
8.942595 -4.773779 39.269541
7.595475 -5.594244 37.812488
6.310739 -6.169420 36.413688
3.463893 -5.658029 34.737951
1.286188 -5.306382 33.251649
-0.304575 -5.191135 31.924830
-1.505996 -5.285424 30.720997
-2.461372 -5.567204 29.622874
-3.274585 -6.022185 28.624830
-4.021703 -6.644184 27.729209
-4.759673 -7.434430 26.944966
-5.532656 -8.400362 26.287701
-6.376478 -9.554073 25.780632
-7.321545 -10.910237 25.456259
-8.394447 -12.483146 25.358516
-9.618269 -14.282320 25.545127
-11.011497 -16.305968 26.089566
-12.585238 -18.531553 27.081418
-14.338401 -20.903084 28.623100
-16.250579 -23.315851 30.819762
-18.272944 -25.601864 33.758497
-20.318617 -27.523287 37.474011
-22.256070 -28.785792 41.902910
-23.911359 -29.084671 46.839379
-25.085812 -28.186953 51.918234
-25.592146 -26.028868 56.655441
-25.302546 -22.780777 60.555521
-24.191079 -18.829718 63.250669
-22.349465 -14.671781 64.601774
-19.966340 -10.766531 64.707397
-17.279388 -7.428077 63.826644
-14.522126 -4.792914 62.270899
-11.884730 -2.852229 60.319301
-9.496485 -1.510562 58.179529
-7.426631 -0.639251 55.985515
-5.695810 -0.111545 53.813421
-4.290917 0.180095 51.701215
-3.178881 0.318830 49.664661
-2.317409 0.364781 47.708021
-1.662375 0.359050 45.830305
-1.172333 0.328277 44.028516
-0.810848 0.288757 42.299153
-0.547363 0.249760 40.638803
-0.357139 0.216022 39.044311
-0.220706 0.189521 37.512795
-0.158927 0.190143 36.349637
-0.125229 0.199383 35.392851
-0.094042 0.204961 34.461296
-0.065437 0.207693 33.554311
-0.039402 0.208299 32.671248
-0.015864 0.207399 31.811472
0.005298 0.205521 30.974367
0.024237 0.203107 30.159330
0.041134 0.200522 29.365775
0.056181 0.198062 28.593133
0.069578 0.195965 27.840848
0.081525 0.194419 27.108383
0.092221 0.193573 26.395213
0.101858 0.193541 25.700828
0.110617 0.194412 25.024733
0.118673 0.196256 24.366447
0.126186 0.199128 23.725501
0.133310 0.203076 23.101440
0.140185 0.208141 22.493820
0.146944 0.214364 21.902211
0.153709 0.221789 21.326195
0.160597 0.230462 20.765362
0.167718 0.240436 20.219319
0.175175 0.251774 19.687679
0.183071 0.264549 19.170068
0.191503 0.278844 18.666124
0.200571 0.294756 18.175494
0.210374 0.312399 17.697835
0.221011 0.331900 17.232815
0.232587 0.353406 16.780113
0.245212 0.377082 16.339418
0.259001 0.403117 15.910428
0.274078 0.431718 15.492855
0.290575 0.463124 15.086418
0.308637 0.497596 14.690850
0.328421 0.535429 14.305894
0.350099 0.576951 13.931306
0.373858 0.622527 13.566856
0.399905 0.672562 13.212325
0.428469 0.727507 12.867513
0.459801 0.787864 12.532234
0.494179 0.854187 12.206320
0.531910 0.927094 11.889627
0.573335 1.007271 11.582033
0.618829 1.095475 11.283442
0.668810 1.192551 10.993792
0.723739 1.299430 10.713057
0.784128 1.417150 10.441252
0.850542 1.546855 10.178446
0.923610 1.689817 9.924769
1.004027 1.847441 9.680421
1.092563 2.021280 9.445690
1.190069 2.213051 9.220968
1.297489 2.424648 9.006774
1.415866 2.658157 8.803777
1.546351 2.915870 8.612830
1.690214 3.200303 8.435005
1.848858 3.514201 8.271643
2.023821 3.860555 8.124410
2.216794 4.242603 7.995361
2.429626 4.663827 7.887020
2.664334 5.127941 7.802483
2.923106 5.638862 7.745523
3.208301 6.200658 7.720728
3.522446 6.817471 7.733652
3.868222 7.493392 7.790991
4.248432 8.232293 7.900774
4.665964 9.037577 8.072571
5.123715 9.911848 8.317702
5.624502 10.856460 8.649433
6.170917 11.870930 9.083122
6.765141 12.952191 9.636285
7.408694 14.093664 10.328502
8.102111 15.284145 11.181082
8.844537 16.506545 12.216382
9.633231 17.736547 13.456627
10.462998 18.941344 14.922115
11.325565 20.078683 16.628665
12.208952 21.096607 18.584288
13.096938 21.934322 20.785187
13.968723 22.524728 23.211445
14.798976 22.799020 25.823085
15.558414 22.693510 28.557522
16.215070 22.158244 31.329616
16.736307 21.166305 34.035453
17.091488 19.721918 36.560376
17.255005 17.865136 38.790749
17.209231 15.671185 40.627631
16.946826 13.243685 41.999532
16.471913 10.702661 42.871230
15.799846 8.169847 43.246535
14.955604 5.754550 43.164553
13.971139 3.543037 42.690821
12.882216 1.593048 41.905879
11.725281 -0.066475 40.893973
10.534811 -1.431663 39.733970
9.341396 -2.517743 38.493464
8.170607 -3.352511 37.226044
7.042572 -3.970427 35.971109
5.972094 -4.407979 34.755325
4.969133 -4.700475 33.594909
2.951204 -4.300600 32.193323
1.230299 -3.946746 30.848601
-0.012857 -3.813111 29.617196
-0.944089 -3.864962 28.474752
-1.681504 -4.077566 27.409890
-2.309619 -4.436234 26.418729
-2.889912 -4.935392 25.502407
-3.468530 -5.577454 24.666270
-4.081845 -6.371772 23.920071
-4.760414 -7.333665 23.278881
-5.531725 -8.483387 22.764645
-6.421993 -9.844781 22.408385
-7.457091 -11.443144 22.253095
-8.662581 -13.301678 22.357237
-10.062573 -15.435571 22.798530
-11.677000 -17.842514 23.677073
-13.516650 -20.488421 25.115820
-15.575226 -23.287763 27.254747
-17.818007 -26.080245 30.233047
-20.167765 -28.610554 34.152716
-22.491052 -30.525905 39.020044
-24.591865 -31.413508 44.673595
-26.223264 -30.896349 50.729534
-27.126385 -28.777044 56.595541
-27.095139 -25.168627 61.592942
-26.045350 -20.519990 65.161784
-24.053646 -15.488590 67.043946
-21.341673 -10.720897 67.332977
-18.212561 -6.668577 66.373267
5.000000 5.000000 5.000000
5.053028 6.095245 5.143320
5.205275 7.194455 5.344007
5.448557 8.315308 5.610729
5.776993 9.472161 5.955394
6.186460 10.675933 6.393064
6.674088 11.933727 6.941950
7.237747 13.248164 7.623385
7.875502 14.616403 8.461668
8.585017 16.028844 9.483613
9.362875 17.467560 10.717644
10.203804 18.904560 12.192209
11.099818 20.300114 13.933296
12.039286 21.601513 15.960864
13.006026 22.742833 18.284119
13.978534 23.646417 20.895830
14.929543 24.226870 23.766288
15.826159 24.398193 26.838040
16.630807 24.084107 30.023050
17.303210 23.230704 33.204220
17.803400 21.819292 36.242770
18.095557 19.876260 38.991850
18.152135 17.476551 41.314727
17.957515 14.738405 43.103950
17.510375 11.809427 44.296736
16.824201 8.846847 44.882455
15.925773 5.996771 44.900398
14.851985 3.377387 44.429025
13.645696 1.069383 43.570265
12.351453 -0.885734 42.433180
11.011792 -2.480975 41.120499
9.664521 -3.735546 39.719814
8.341136 -4.685549 38.299561
7.066227 -5.375622 36.908811
5.857652 -5.852500 35.579484
3.081746 -5.269813 33.945261
1.088937 -4.942940 32.512797
-0.367489 -4.846843 31.222553
-1.471098 -4.952672 30.043697
-2.354382 -5.238371 28.962002
-3.113175 -5.690461 27.973296
-3.817708 -6.303901 27.080401
-4.520816 -7.081206 26.292108
-5.263884 -8.031266 25.623399
-6.081026 -9.167900 25.096540
-7.001837 -10.507997 24.742845
-8.052923 -12.068836 24.605006
-9.258246 -13.864038 24.739750
-10.638138 -15.897369 25.220326
-12.206672 -18.153542 26.137760
-13.966972 -20.585342 27.598896
-15.904068 -23.097395 29.718014
-17.975342 -25.529167 32.597716
-20.099753 -27.644082 36.295120
-22.149074 -29.137053 40.773622
-23.947129 -29.675692 45.851098
-25.284629 -28.983178 51.170820
-25.954541 -26.946619 56.230437
-25.803541 -23.701666 60.487790
-24.781806 -19.632830 63.514400
-22.966969 -15.268335 65.120639
-20.547748 -11.118922 65.382925
-17.774394 -7.546732 64.568027
-14.899554 -4.718574 63.012621
-12.132667 -2.636106 61.024155
-9.618187 -1.200336 58.832530
-7.434977 -0.272453 56.585329
-5.608225 0.285725 54.365255
-4.125626 0.591728 52.212295
-2.952564 0.736397 50.141930
-2.043989 0.785311 48.157266
-1.352604 0.783241 46.256030
-0.833837 0.759219 44.434130
-0.632026 0.835813 43.151595
-0.488590 0.908803 42.011272
-0.353137 0.956109 40.901911
-0.227130 0.982271 39.822842
-0.111474 0.991515 38.773295
-0.006608 0.987664 37.752438
0.087418 0.974104 36.759412
0.170857 0.953770 35.793353
0.244196 0.929157 34.853414
0.308091 0.902342 33.938775
0.363318 0.875023 33.048651
0.410722 0.848557 32.182296
0.451181 0.824006 31.339003
0.485580 0.802179 30.518101
0.514785 0.783676 29.718955
0.539629 0.768926 28.940962
0.560898 0.758221 28.183549
0.579329 0.751751 27.446167
0.595600 0.749631 26.728293
0.610333 0.751921 26.029424
0.624098 0.758653 25.349077
0.637408 0.769841 24.686791
0.650733 0.785499 24.042117
0.664496 0.805652 23.414627
0.679087 0.830344 22.803909
0.694862 0.859646 22.209567
0.712151 0.893663 21.631222
0.731265 0.932538 21.068513
0.752503 0.976457 20.521095
0.776152 1.025653 19.988645
0.802498 1.080408 19.470857
0.831831 1.141058 18.967449
0.864444 1.207998 18.478161
0.900647 1.281682 18.002759
0.940763 1.362629 17.541037
0.985139 1.451426 17.092823
1.034149 1.548735 16.657978
1.088197 1.655299 16.236405
1.147723 1.771942 15.828054
1.213209 1.899582 15.432927
1.285182 2.039235 15.051089
1.364222 2.192024 14.682676
1.450964 2.359182 14.327909
1.546109 2.542068 13.987107
1.650424 2.742168 13.660703
1.764752 2.961109 13.349266
1.890018 3.200660 13.053527
2.027233 3.462744 12.774405
2.177505 3.749441 12.513043
2.342040 4.062985 12.270849
2.522150 4.405769 12.049542
2.719256 4.780327 11.851211
2.934894 5.189323 11.678376
3.170709 5.635518 11.534069
3.428458 6.121727 11.421914
3.709998 6.650753 11.346226
4.017269 7.225292 11.312115
4.352277 7.847809 11.325601
4.717052 8.520367 11.393730
5.113598 9.244401 11.524683
5.543824 10.020427 11.727875
6.009448 10.847675 12.014015
6.511869 11.723633 12.395113
7.052009 12.643498 12.884390
7.630110 13.599536 13.496054
8.245482 14.580366 14.244883
8.896213 15.570215 15.145558
9.578829 16.548204 16.211662
10.287929 17.487790 17.454318
11.015816 18.356515 18.880416
11.752157 19.116289 20.490483
12.483746 19.724416 22.276311
13.194421 20.135611 24.218619
13.865248 20.305131 26.285154
14.475031 20.192987 28.429749
15.001212 19.768913 30.592927
15.421179 19.017466 32.704508
15.713900 17.942317 34.688368
15.861725 16.568689 36.469031
15.852128 14.943085 37.979202
15.679106 13.129910 39.166934
15.343983 11.205335 40.001016
14.855459 9.249460 40.473482
14.228891 7.338237 40.598804
13.484918 5.536641 40.410161
12.647669 3.894132 39.953751
11.742854 2.442814 39.282442
10.795963 1.198032 38.449922
9.830803 0.160758 37.506131
8.868446 -0.679080 36.494317
7.926610 -1.339056 35.449644
7.019423 -1.841019 34.399038
6.157492 -2.208489 33.361880
5.348175 -2.464735 32.351155
4.595982 -2.631528 31.374764
3.903024 -2.728416 30.436786
3.269473 -2.772415 29.538590
2.545184 -2.700118 28.620406
1.317269 -2.318643 27.451671
0.457451 -2.124595 26.356532
-0.164359 -2.076618 25.320413
-0.638133 -2.146713 24.336110
-1.026482 -2.317831 23.400222
-1.373730 -2.581770 22.511576
-1.712324 -2.937566 21.670644
-2.067357 -3.390387 20.879509
-2.459761 -3.950874 20.142174
-2.908618 -4.634820 19.465193
-3.432857 -5.463096 18.858653
-4.052532 -6.461688 18.337612
-4.789799 -7.661661 17.924161
-5.669600 -9.098736 17.650313
-6.719980 -10.812009 17.561929
-7.971819 -12.840984 17.723872
-9.457563 -15.219653 18.226277
-11.208235 -17.965708 19.191209
-13.247663 -21.062415 20.777513
-15.582493 -24.430830 23.179005
-18.186564 -27.892338 26.607099
-20.979374 -31.128739 31.244915
-23.801886 -33.661612 37.161053
-26.399836 -34.891225 44.188276
-28.433174 -34.238806 51.814465
-29.531765 -31.389264 59.183571
-29.399097 -26.525380 65.296153
-27.926592 -20.367342 69.368309
-25.252622 -13.925648 71.134496
-21.723368 -8.110715 70.880226
-17.778165 -3.459248 69.212305
-13.826603 -0.101302 66.766680
-10.171457 2.108096 64.026853
-6.988501 3.429643 61.282760
-4.344546 4.130346 58.670961
-3.381385 5.157739 56.892700
-2.528969 5.932187 55.233827
-1.697694 6.429199 53.651650
-0.910072 6.687933 52.155787
-0.182691 6.748249 50.747557
0.473170 6.648414 49.422250
1.050812 6.423748 48.171358
1.547363 6.105925 46.984509
1.963048 5.722706 45.850956
2.300522 5.297930 44.760641
2.564275 4.851660 43.704837
2.760102 4.400401 42.676465
2.894656 3.957368 41.670159
2.975067 3.532787 40.682152
3.008630 3.134212 39.710060
3.002548 2.766860 38.752611
2.963733 2.433942 37.809376
2.898665 2.137003 36.880506
2.813284 1.876242 35.966518
2.712933 1.650807 35.068110
2.602324 1.459073 34.186039
2.485539 1.298874 33.321020
2.366049 1.167712 32.473673
2.246744 1.062919 31.644489
2.129987 0.981794 30.833823
2.017659 0.921705 30.041894
1.911218 0.880163 29.268795
1.811756 0.854875 28.514515
1.720055 0.843774 27.778951
1.636636 0.845038 27.061930
1.561809 0.857096 26.363225
1.495717 0.878621 25.682569
1.438376 0.908523 25.019670
1.389707 0.945933 24.374218
1.349565 0.990192 23.745898
1.317767 1.040826 23.134392
1.294108 1.097538 22.539393
1.278386 1.160185 21.960601
1.270408 1.228771 21.397733
1.270008 1.303426 20.850525
1.277054 1.384403 20.318736
1.291455 1.472064 19.802151
1.313170 1.566877 19.300587
1.342210 1.669408 18.813895
1.378643 1.780319 18.341964
1.422599 1.900370 17.884732
1.474273 2.030412 17.442187
1.533926 2.171396 17.014377
1.601890 2.324373 16.601421
1.678570 2.490496 16.203516
1.764448 2.671027 15.820957
1.860086 2.867339 15.454144
1.966128 3.080925 15.103606
2.083304 3.313399 14.770021
2.212436 3.566500 14.454244
2.354438 3.842095 14.157332
2.510321 4.142177 13.880582
2.681196 4.468861 13.625575
2.868274 4.824371 13.394219
3.072869 5.211027 13.188803
3.296393 5.631209 13.012065
3.540350 6.087325 12.867257
3.806331 6.581743 12.758226
4.095995 7.116716 12.689494
4.411048 7.694268 12.666354
4.753210 8.316051 12.694952
5.124168 8.983157 12.782375
5.525516 9.695877 12.936722
5.958675 10.453400 13.167136
6.424782 11.253448 13.483807
6.924565 12.091838 13.897880
7.458170 12.961979 14.421274
8.024963 13.854308 15.066343
8.623294 14.755715 15.845345
9.250226 15.648984 16.769674
9.901249 16.512352 17.848811
10.569978 17.319289 19.088968
11.247888 18.038654 20.491469
11.924101 18.635395 22.050921
12.585305 19.071950 23.753379
13.215846 19.310475 25.574756
13.798063 19.315902 27.479858
14.312924 19.059652 29.422445
14.740962 18.523624 31.346699
15.063498 17.703845 33.190297
15.264048 16.613042 34.888990
15.329752 15.281427 36.382218
15.252650 13.755257 37.618931
15.030573 12.093124 38.562601
14.667516 10.360510 39.194479
14.173406 8.623515 39.514507
13.563298 6.942855 39.539804
12.856134 5.369120 39.301195
12.073253 3.939879 38.838584
11.236862 2.678779 38.196099
10.368663 1.596362 37.417774
9.488737 0.692075 36.544268
8.614772 -0.043113 35.610780
7.761610 -0.623999 34.646094
6.941099 -1.068694 33.672517
6.162155 -1.396628 32.706412
5.430995 -1.627080 31.759066
4.751460 -1.778178 30.837681
4.125380 -1.866319 29.946341
3.552948 -1.905887 29.086861
3.033067 -1.909196 28.259498
2.563674 -1.886569 27.463502
2.142007 -1.846506 26.697534
1.700157 -1.762116 25.924047
0.894853 -1.473038 24.887414
0.338016 -1.324430 23.903357
-0.060630 -1.281622 22.964465
-0.362454 -1.322008 22.066802
-0.609540 -1.432160 21.208163
-0.831353 -1.605686 20.387333
-1.049332 -1.841740 19.603828
-1.280076 -2.144082 18.857889
-1.537582 -2.520563 18.150632
-1.834842 -2.982957 17.484353
-2.185066 -3.547063 16.863006
-2.602639 -4.233027 16.292924
-3.103960 -5.065797 15.783880
-3.708183 -6.075641 15.350649
-4.437905 -7.298560 15.015258
-5.319736 -8.776308 14.810226
-6.384640 -10.555521 14.783103
-7.667777 -12.685055 15.002615
-9.207336 -15.210022 15.566536
-11.041550 -18.160143 16.610672
-13.202502 -21.529090 18.316718
-15.704850 -25.241133 20.913365
-18.527332 -29.103667 24.659439
-21.586015 -32.752912 29.791235
-24.702558 -35.619789 36.415396
-27.580165 -36.971231 44.349524
-29.812406 -36.092244 52.972276
-30.953875 -32.610172 61.221989
-30.655921 -26.804522 67.874219
-28.813705 -19.632657 72.029487
-25.631719 -12.359944 73.488404
-21.555677 -6.037627 72.728627
-17.115223 -1.196385 70.551933
-12.773975 2.126593 67.710404
-8.850062 4.181414 64.719099
-5.508299 5.306496 61.848865
-4.309151 6.790028 59.886201
-3.196845 7.879711 58.038491
-2.106392 8.570906 56.296269
-1.070962 8.919527 54.678348
-0.115141 8.982793 53.187915
0.744169 8.815482 51.816788
1.496686 8.467941 50.549660
2.137644 7.985242 49.367772
2.666759 7.407008 48.251791
3.087281 6.767539 47.183819
3.405172 6.096063 46.148640
3.628370 5.416999 45.134310
3.766160 4.750231 44.132264
3.828630 4.111395 43.137056
3.826202 3.512205 42.145900
3.769245 2.960819 41.158100
3.667764 2.462265 40.174469
3.531157 2.018897 39.196791
3.368041 1.630865 38.227370
3.186140 1.296583 37.268676
2.992226 1.013173 36.323088
2.792106 0.776857 35.392732
2.590646 0.583305 34.479388
2.391821 0.427923 33.584458
2.198790 0.306074 32.708971
2.013971 0.213256 31.853617
1.839139 0.145224 31.018789
1.675510 0.098072 30.204638
1.523831 0.068279 29.411119
1.384463 0.052731 28.638041
1.257456 0.048722 27.885102
1.142617 0.053938 27.151925
1.039569 0.066434 26.438083
0.947803 0.084601 25.743120
0.866718 0.107136 25.066562
0.795663 0.133004 24.407935
0.733959 0.161407 23.766766
0.680928 0.191749 23.142591
0.635907 0.223609 22.534957
0.598264 0.256713 21.943426
0.567407 0.290912 21.367574
0.542791 0.326161 20.806989
0.523925 0.362502 20.261279
0.510370 0.400050 19.730062
0.501743 0.438984 19.212973
0.497719 0.479532 18.709661
0.498025 0.521972 18.219788
0.502444 0.566621 17.743033
0.510814 0.613836 17.279087
0.523020 0.664009 16.827657
0.538999 0.717572 16.388468
0.558738 0.774992 15.961257
0.582269 0.836779 15.545783
0.609674 0.903482 15.141822
0.641081 0.975703 14.749172
0.676665 1.054092 14.367655
0.716649 1.139359 13.997117
0.761306 1.232277 13.637437
0.810960 1.333694 13.288527
0.865988 1.444535 12.950338
0.926824 1.565814 12.622868
0.993961 1.698644 12.306170
1.067957 1.844248 12.000357
1.149440 2.003966 11.705619
1.239109 2.179271 11.422235
1.337747 2.371778 11.150588
1.446220 2.583258 10.891187
1.565491 2.815650 10.644691
1.696624 3.071074 10.411940
1.840791 3.351838 10.193988
1.999284 3.660450 9.992147
2.173519 3.999624 9.808037
2.365045 4.372275 9.643648
2.575552 4.781520 9.501414
2.806874 5.230652 9.384291
3.060992 5.723113 9.295864
3.340030 6.262442 9.240457
3.646249 6.852190 9.223265
3.982029 7.495810 9.250501
4.349840 8.196494 9.329550
4.752201 8.956943 9.469143
5.191611 9.779073 9.679510
5.670461 10.663619 9.972532
6.190907 11.609622 10.361832
6.754701 12.613795 10.862798
7.362972 13.669743 11.492456
8.015947 14.767049 12.269149
8.712605 15.890254 13.211916
9.450261 17.017787 14.339479
10.224099 18.120988 15.668732
11.026660 19.163396 17.212651
11.847339 20.100594 18.977605
12.671953 20.880951 20.960166
13.482483 21.447638 23.143694
14.257104 21.742236 25.495203
14.970638 21.710034 27.963255
15.595547 21.306753 30.477783
16.103500 20.505907 32.952681
16.467480 19.305472 35.291637
16.664220 17.732234 37.396948
16.676650 15.842309 39.180167
16.495936 13.717019 40.572594
16.122713 11.454464 41.533364
15.567259 9.158347 42.053287
14.848537 6.926372 42.153685
13.992311 4.840572 41.880803
13.028678 2.961182 41.297403
11.989450 1.324615 40.473603
10.905775 -0.055016 39.478737
9.806254 -1.181962 38.375363
8.715674 -2.073813 37.215763
7.654353 -2.756479 36.040686
6.637980 -3.259892 34.879748
5.677850 -3.614731 33.752844
4.781316 -3.850209 32.672020
3.888030 -3.959444 31.623578
2.040704 -3.459640 30.277927
0.735589 -3.194519 29.046735
-0.211187 -3.119995 27.900490
-0.929291 -3.203584 26.824682
-1.510260 -3.424122 25.812813
-2.019416 -3.770450 24.863091
-2.504527 -4.240003 23.977072
-3.002037 -4.837622 23.159385
-3.541519 -5.574646 22.418131
-4.148848 -6.468235 21.765826
-4.848450 -7.540755 21.220895
-5.664834 -8.819000 20.809793
-6.623496 -10.332860 20.569893
-7.751157 -12.112861 20.553191
-9.075092 -14.185685 20.830765
-10.621153 -16.566422 21.497475
-12.409784 -19.245937 22.675496
-14.449136 -22.171820 24.513713
-16.724323 -25.222592 27.177563
-19.182467 -28.178763 30.821290
-21.715058 -30.702334 35.534269
-24.143055 -32.347811 41.260391
-26.215606 -32.634708 47.710941
-27.636576 -31.195722 54.323931
-28.126940 -27.960826 60.338447
-27.510437 -23.270506 65.005793
-25.784547 -17.810473 67.849762
-23.134422 -12.374320 68.815966
-19.878100 -7.597198 68.219050
-16.373714 -3.813041 66.550434
-12.935427 -1.070381 64.285525
-9.786940 0.763661 61.778407
-7.053677 1.894714 59.245071
2.000000 2.000000 2.000000
2.024161 2.499713 1.991985
2.093840 3.006734 1.995442
2.205939 3.532078 2.012222
2.358665 4.085923 2.044978
2.551331 4.677867 2.097234
2.784210 5.317113 2.173511
3.058410 6.012590 2.279511
3.375772 6.772999 2.422352
3.738780 7.606773 2.610860
4.150463 8.521934 2.855914
4.614295 9.525817 3.170835
5.134068 10.624617 3.571823
5.713722 11.822720 4.078385
6.357112 13.121759 4.713732
7.067701 14.519320 5.505054
7.848128 16.007256 6.483528
8.699645 17.569579 7.683895
9.621386 19.179946 9.143318
10.609447 20.798920 10.899214
11.655799 22.371309 12.985669
12.747081 23.824219 15.428156
13.863389 25.066737 18.236426
14.977274 25.992473 21.395940
16.053281 26.486245 24.858964
17.048396 26.435836 28.537374
17.913818 25.748584 32.300115
18.598299 24.370746 35.978442
19.052981 22.305351 39.380925
19.237161 19.622874 42.317525
19.123972 16.459573 44.628330
18.704659 13.001577 46.209627
17.990354 9.457617 47.029596
17.010810 6.027626 47.129040
15.810419 2.875758 46.607693
14.442535 0.114144 45.601378
12.963393 -2.200733 44.257254
11.426803 -4.061287 42.713285
9.880308 -5.496203 41.085105
8.363017 -6.556431 39.460497
6.427523 -7.050395 37.805776
3.209639 -6.512647 36.009197
0.877625 -6.220281 34.473871
-0.843973 -6.163711 33.123885
-2.159319 -6.323028 31.918817
-3.217897 -6.679762 30.839794
-4.128870 -7.221217 29.881544
-4.972501 -7.941451 29.048427
-5.808816 -8.840704 28.352912
-6.683878 -9.923950 27.815524
-7.634099 -11.198748 27.465713
-8.688863 -12.672220 27.343243
-9.871616 -14.346794 27.499685
-11.199452 -16.214212 27.999382
-12.681053 -18.247372 28.918815
-14.312854 -20.389919 30.342669
-16.073403 -22.544534 32.354202
-17.916347 -24.562821 35.017289
-19.763465 -26.242587 38.348711
-21.500586 -27.341123 42.283333
-22.980736 -27.612832 46.642349
-24.039039 -26.872012 51.123279
-24.521050 -25.065106 55.331954
-24.319560 -22.319186 58.862119
-23.407351 -18.932407 61.398786
-21.851014 -15.299214 62.798043
-19.797963 -11.802968 63.103855
-17.441823 -8.727392 62.500204
-14.980987 -6.220096 61.232469
-12.585168 -4.306465 59.538044
-10.377453 -2.930007 57.607148
-8.431264 -1.994869 55.572840
-6.777187 -1.397379 53.518603
-5.414087 -1.044114 51.492032
-4.320490 -0.859426 49.517774
-3.464118 -0.786493 47.607144
-2.808891 -0.785166 45.764326
-2.319517 -0.828677 43.989966
-1.964134 -0.900323 42.283096
-1.715556 -0.990618 40.642087
-1.551596 -1.095064 39.065092
-1.454846 -1.212524 37.550250
-1.412173 -1.344104 36.095778
-1.414131 -1.492439 34.700027
-1.454372 -1.661279 33.361532
-1.529132 -1.855298 32.079063
-1.636822 -2.080053 30.851701
-1.777720 -2.342061 29.678929
-1.953764 -2.648958 28.560770
-2.168449 -3.009712 27.497965
-2.426808 -3.434901 26.492224
-2.735465 -3.937018 25.546577
-3.102759 -4.530813 24.665864
-3.538921 -5.233634 23.857409
-4.056283 -6.065731 23.131974
-4.669506 -7.050435 22.505051
-5.395756 -8.214081 21.998645
-6.254766 -9.585422 21.643640
-7.268636 -11.194137 21.482870
-8.461127 -13.067797 21.574883
-9.856105 -15.226355 21.998132
-11.474558 -17.672891 22.854748
-13.329458 -20.379199 24.271943
-15.417582 -23.265321 26.397347
-17.707662 -26.174308 29.382261
-20.125262 -28.848600 33.345298
-22.537310 -30.923141 38.311385
-24.743408 -31.959473 44.133089
-26.485439 -31.543459 50.425551
-27.486673 -29.440450 56.571434
-27.520387 -25.744694 61.844681
-26.486260 -20.918967 65.632839
-24.456115 -15.663717 67.644276
-21.660032 -10.676670 67.971196
-18.418598 -6.446790 66.982400
-15.057597 -3.182121 65.138980
-11.842819 -0.860598 62.846140
-8.951093 0.669646 60.388805
-6.472199 1.602177 57.934062
-4.427468 2.118990 55.563103
-2.792719 2.367949 53.305581
-2.055196 2.776114 51.650823
-1.575607 3.163158 50.238455
-1.111278 3.419831 48.872879
-0.672254 3.565038 47.556186
-0.265816 3.617659 46.288281
0.103206 3.595706 45.067480
0.432093 3.515771 43.891088
0.719878 3.392703 42.755885
0.967011 3.239470 41.658506
1.175039 3.067128 40.595712
1.346326 2.884894 39.564562
1.483802 2.700264 38.562499
1.590755 2.519170 37.587383
1.670657 2.346159 36.637468
1.727022 2.184574 35.711369
1.763296 2.036735 34.808001
1.782777 1.904115 33.926524
1.788555 1.787502 33.066288
1.783471 1.687145 32.226778
1.770102 1.602883 31.407580
1.750748 1.534261 30.608344
1.727436 1.480624 29.828758
1.701932 1.441196 29.068537
1.675757 1.415148 28.327401
1.650207 1.401646 27.605080
1.626379 1.399892 26.901300
1.605189 1.409155 26.215788
1.587404 1.428790 25.548273
1.573659 1.458254 24.898486
1.564484 1.497115 24.266164
1.560321 1.545057 23.651052
1.561547 1.601883 23.052912
1.568491 1.667515 22.471521
1.581446 1.741993 21.906678
1.600690 1.825472 21.358209
1.626493 1.918221 20.825972
1.659130 2.020623 20.309862
1.698892 2.133170 19.809817
1.746095 2.256463 19.325824
1.801088 2.391215 18.857932
1.864257 2.538244 18.406254
1.936038 2.698483 17.970982
2.016918 2.872972 17.552400
2.107441 3.062866 17.150893
2.208217 3.269433 16.766973
2.319922 3.494056 16.401290
2.443306 3.738232 16.054658
2.579196 4.003569 15.728084
2.728496 4.291783 15.422796
2.892196 4.604691 15.140280
3.071366 4.944192 14.882317
3.267159 5.312255 14.651036
3.480809 5.710881 14.448961
3.713621 6.142069 14.279069
3.966964 6.607755 14.144854
4.242257 7.109739 14.050394
4.540943 7.649587 14.000418
4.864461 8.228498 14.000374
5.214202 8.847147 14.056486
5.591456 9.505477 14.175799
5.997341 10.202448 14.366199
6.432707 10.935737 14.636381
6.898029 11.701387 14.995767
7.393262 12.493400 15.454327
7.917682 13.303308 16.022289
8.469687 14.119722 16.709692
9.046588 14.927922 17.525761
9.644374 15.709529 18.478071
10.257485 16.442369 19.571486
10.878599 17.100606 20.806907
11.498476 17.655290 22.179873
12.105890 18.075423 23.679155
12.687701 18.329619 25.285525
13.229100 18.388390 26.970966
13.714089 18.226926 28.698595
14.126175 17.828129 30.423594
14.449304 17.185493 32.095293
14.668933 16.305324 33.660405
14.773172 15.207771 35.067136
14.753834 13.926292 36.269651
14.607256 12.505434 37.232201
14.334755 10.997151 37.932220
13.942641 9.456211 38.361834
13.441777 7.935432 38.527584
12.846753 6.481511 38.448499
12.174788 5.132005 38.153006
11.444527 3.913758 37.675270
10.674865 2.842720 37.051622
9.883922 1.924911 36.317516
9.088258 1.158116 35.505304
8.302325 0.533913 34.642880
7.538182 0.039707 33.753108
6.805417 -0.339465 32.853858
6.111223 -0.619474 31.958437
5.460604 -0.816007 31.076252
4.856633 -0.943833 30.213545
4.300748 -1.016348 29.374108
3.793054 -1.045361 28.559919
3.332600 -1.041031 27.771675
2.917636 -1.011919 27.009215
2.545838 -0.965104 26.271838
2.214496 -0.906335 25.558543
1.920666 -0.840196 24.868181
1.661300 -0.770273 24.199574
1.433339 -0.699307 23.551572
1.233790 -0.629342 22.923098
1.059778 -0.561850 22.313163
0.908587 -0.497839 21.720870
0.777679 -0.437952 21.145415
0.664713 -0.382544 20.586075
0.567547 -0.331753 20.042201
0.484239 -0.285549 19.513207
0.413038 -0.243784 18.998562
0.352383 -0.206226 18.497781
0.300881 -0.172588 18.010417
0.257305 -0.142550 17.536053
0.220573 -0.115775 17.074301
0.189741 -0.091924 16.624794
0.163985 -0.070660 16.187184
0.142591 -0.051663 15.761138
0.124944 -0.034625 15.346338
0.110515 -0.019257 14.942480
0.098851 -0.005292 14.549267
0.089568 0.007521 14.166415
0.082342 0.019412 13.793648
0.076899 0.030597 13.430698
0.073013 0.041272 13.077306
0.070495 0.051622 12.733219
0.069193 0.061820 12.398193
0.068984 0.072029 12.071989
0.069774 0.082406 11.754377
0.071490 0.093101 11.445130
0.074082 0.104263 11.144031
0.077519 0.116040 10.850867
0.081784 0.128580 10.565430
0.086881 0.142037 10.287521
0.092823 0.156571 10.016945
0.099642 0.172348 9.753513
0.107381 0.189548 9.497041
0.116097 0.208361 9.247353
0.125860 0.228995 9.004277
0.136755 0.251676 8.767647
0.148880 0.276650 8.537305
0.162349 0.304190 8.313098
0.177294 0.334594 8.094880
0.193862 0.368195 7.882513
0.212220 0.405360 7.675865
0.232556 0.446495 7.474815
0.255082 0.492054 7.279249
0.280034 0.542540 7.089066
0.307677 0.598515 6.904176
0.338306 0.660604 6.724504
0.372252 0.729501 6.549989
0.409885 0.805983 6.380592
0.451617 0.890915 6.216297
0.497907 0.985261 6.057112
0.549268 1.090098 5.903083
0.606274 1.206624 5.754292
0.669563 1.336175 5.610871
0.739847 1.480243 5.473013
0.817921 1.640484 5.340982
0.904671 1.818748 5.215131
1.001084 2.017087 5.095924
1.108258 2.237785 4.983959
1.227419 2.483374 4.880000
1.359927 2.756659 4.785017
1.507296 3.060739 4.700231
1.671205 3.399030 4.627176
1.853513 3.775281 4.567769
2.056278 4.193587 4.524397
2.281767 4.658397 4.500029
2.532473 5.174500 4.498342
2.811121 5.747003 4.523880
3.120678 6.381267 4.582242
3.464345 7.082818 4.680299
3.845549 7.857186 4.826456
4.267906 8.709676 5.030934
4.735170 9.645035 5.306089
5.251143 10.666972 5.666743
5.819544 11.777513 6.130496
6.443813 12.976124 6.717978
7.126847 14.258580 7.452967
7.870624 15.615528 8.362261
8.675733 17.030756 9.475150
9.540749 18.479213 10.822287
10.461487 19.924921 12.433721
11.430131 21.319085 14.335836
12.434291 22.598872 16.547015
13.456096 23.687562 19.072035
14.471488 24.496947 21.895514
15.449959 24.932847 24.975316
16.355009 24.904291 28.237413
17.145607 24.336116 31.574270
17.778826 23.183449 34.848888
18.213573 21.445127 37.905860
18.415043 19.172132 40.588983
18.359149 16.467443 42.762584
18.036032 13.475665 44.331639
17.451800 10.363944 45.255289
16.628035 7.298699 45.550050
15.599175 4.424065 45.282269
14.408382 1.846982 44.552716
13.102811 -0.368771 43.478119
11.729175 -2.200293 42.174282
10.330250 -3.657679 40.743835
8.942595 -4.773779 39.269541
7.595475 -5.594244 37.812488
6.310739 -6.169420 36.413688
3.463893 -5.658029 34.737951
1.286188 -5.306382 33.251649
-0.304575 -5.191135 31.924830
-1.505996 -5.285424 30.720997
-2.461372 -5.567204 29.622874
-3.274585 -6.022185 28.624830
-4.021703 -6.644184 27.729209
-4.759673 -7.434430 26.944966
-5.532656 -8.400362 26.287701
-6.376478 -9.554073 25.780632
-7.321545 -10.910237 25.456259
-8.394447 -12.483146 25.358516
-9.618269 -14.282320 25.545127
-11.011497 -16.305968 26.089566
-12.585238 -18.531553 27.081418
-14.338401 -20.903084 28.623100
-16.250579 -23.315851 30.819762
-18.272944 -25.601864 33.758497
-20.318617 -27.523287 37.474011
-22.256070 -28.785792 41.902910
-23.911359 -29.084671 46.839379
-25.085812 -28.186953 51.918234
-25.592146 -26.028868 56.655441
-25.302546 -22.780777 60.555521
-24.191079 -18.829718 63.250669
-22.349465 -14.671781 64.601774
-19.966340 -10.766531 64.707397
-17.279388 -7.428077 63.826644
-14.522126 -4.792914 62.270899
-11.884730 -2.852229 60.319301
-9.496485 -1.510562 58.179529
-7.426631 -0.639251 55.985515
-5.695810 -0.111545 53.813421
-4.290917 0.180095 51.701215
-3.178881 0.318830 49.664661
-2.317409 0.364781 47.708021
-1.662375 0.359050 45.830305
-1.172333 0.328277 44.028516
-0.810848 0.288757 42.299153
-0.547363 0.249760 40.638803
-0.357139 0.216022 39.044311
-0.220706 0.189521 37.512795
-0.158927 0.190143 36.349637
-0.125229 0.199383 35.392851
-0.094042 0.204961 34.461296
-0.065437 0.207693 33.554311
-0.039402 0.208299 32.671248
-0.015864 0.207399 31.811472
0.005298 0.205521 30.974367
0.024237 0.203107 30.159330
0.041134 0.200522 29.365775
0.056181 0.198062 28.593133
0.069578 0.195965 27.840848
0.081525 0.194419 27.108383
0.092221 0.193573 26.395213
0.101858 0.193541 25.700828
0.110617 0.194412 25.024733
0.118673 0.196256 24.366447
0.126186 0.199128 23.725501
0.133310 0.203076 23.101440
0.140185 0.208141 22.493820
0.146944 0.214364 21.902211
0.153709 0.221789 21.326195
0.160597 0.230462 20.765362
0.167718 0.240436 20.219319
0.175175 0.251774 19.687679
0.183071 0.264549 19.170068
0.191503 0.278844 18.666124
0.200571 0.294756 18.175494
0.210374 0.312399 17.697835
0.221011 0.331900 17.232815
0.232587 0.353406 16.780113
0.245212 0.377082 16.339418
0.259001 0.403117 15.910428
0.274078 0.431718 15.492855
0.290575 0.463124 15.086418
0.308637 0.497596 14.690850
0.328421 0.535429 14.305894
0.350099 0.576951 13.931306
0.373858 0.622527 13.566856
0.399905 0.672562 13.212325
0.428469 0.727507 12.867513
0.459801 0.787864 12.532234
0.494179 0.854187 12.206320
0.531910 0.927094 11.889627
0.573335 1.007271 11.582033
0.618829 1.095475 11.283442
0.668810 1.192551 10.993792
0.723739 1.299430 10.713057
0.784128 1.417150 10.441252
0.850542 1.546855 10.178446
0.923610 1.689817 9.924769
1.004027 1.847441 9.680421
1.092563 2.021280 9.445690
1.190069 2.213051 9.220968
1.297489 2.424648 9.006774
1.415866 2.658157 8.803777
1.546351 2.915870 8.612830
1.690214 3.200303 8.435005
1.848858 3.514201 8.271643
2.023821 3.860555 8.124410
2.216794 4.242603 7.995361
2.429626 4.663827 7.887020
2.664334 5.127941 7.802483
2.923106 5.638862 7.745523
3.208301 6.200658 7.720728
3.522446 6.817471 7.733652
3.868222 7.493392 7.790991
4.248432 8.232293 7.900774
4.665964 9.037577 8.072571
5.123715 9.911848 8.317702
5.624502 10.856460 8.649433
6.170917 11.870930 9.083122
6.765141 12.952191 9.636285
7.408694 14.093664 10.328502
8.102111 15.284145 11.181082
8.844537 16.506545 12.216382
9.633231 17.736547 13.456627
10.462998 18.941344 14.922115
11.325565 20.078683 16.628665
12.208952 21.096607 18.584288
13.096938 21.934322 20.785187
13.968723 22.524728 23.211445
14.798976 22.799020 25.823085
15.558414 22.693510 28.557522
16.215070 22.158244 31.329616
16.736307 21.166305 34.035453
17.091488 19.721918 36.560376
17.255005 17.865136 38.790749
17.209231 15.671185 40.627631
16.946826 13.243685 41.999532
16.471913 10.702661 42.871230
15.799846 8.169847 43.246535
14.955604 5.754550 43.164553
13.971139 3.543037 42.690821
12.882216 1.593048 41.905879
11.725281 -0.066475 40.893973
10.534811 -1.431663 39.733970
9.341396 -2.517743 38.493464
8.170607 -3.352511 37.226044
7.042572 -3.970427 35.971109
5.972094 -4.407979 34.755325
4.969133 -4.700475 33.594909
2.951204 -4.300600 32.193323
1.230299 -3.946746 30.848601
-0.012857 -3.813111 29.617196
-0.944089 -3.864962 28.474752
-1.681504 -4.077566 27.409890
-2.309619 -4.436234 26.418729
-2.889912 -4.935392 25.502407
-3.468530 -5.577454 24.666270
-4.081845 -6.371772 23.920071
-4.760414 -7.333665 23.278881
-5.531725 -8.483387 22.764645
-6.421993 -9.844781 22.408385
-7.457091 -11.443144 22.253095
-8.662581 -13.301678 22.357237
-10.062573 -15.435571 22.798530
-11.677000 -17.842514 23.677073
-13.516650 -20.488421 25.115820
-15.575226 -23.287763 27.254747
-17.818007 -26.080245 30.233047
-20.167765 -28.610554 34.152716
-22.491052 -30.525905 39.020044
-24.591865 -31.413508 44.673595
-26.223264 -30.896349 50.729534
-27.126385 -28.777044 56.595541
-27.095139 -25.168627 61.592942
-26.045350 -20.519990 65.161784
-24.053646 -15.488590 67.043946
-21.341673 -10.720897 67.332977
-18.212561 -6.668577 66.373267
