2.000000 2.000000 2.000000
2.003944 2.199757 1.995503
2.015563 2.399556 1.992715
2.034575 2.600165 1.991711
2.060736 2.802322 1.992582
2.093840 3.006734 1.995442
2.133716 3.214087 2.000425
2.180229 3.425045 2.007685
2.233271 3.640253 2.017396
2.292767 3.860340 2.029754
2.358665 4.085923 2.044978
2.430943 4.317606 2.063311
2.509602 4.555984 2.085021
2.594666 4.801643 2.110403
2.686179 5.055162 2.139782
2.784210 5.317113 2.173511
2.888844 5.588064 2.211980
3.000185 5.868575 2.255614
3.118359 6.159203 2.304876
3.243502 6.460496 2.360272
3.375772 6.772999 2.422352
3.515340 7.097244 2.491716
3.662389 7.433756 2.569016
3.817117 7.783047 2.654959
3.979735 8.145614 2.750314
4.150463 8.521934 2.855914
4.329531 8.912462 2.972660
4.517178 9.317624 3.101529
4.713649 9.737812 3.243574
4.919195 10.173376 3.399931
5.134068 10.624617 3.571823
5.358523 11.091776 3.760566
5.592812 11.575028 3.967568
5.837182 12.074463 4.194340
6.091873 12.590078 4.442490
6.357112 13.121759 4.713732
6.633112 13.669268 5.009885
6.920064 14.232219 5.332871
7.218135 14.810061 5.684711
7.527457 15.402057 6.067527
7.848128 16.007256 6.483528
8.180196 16.624473 6.935003
8.523659 17.252257 7.424307
8.878450 17.888864 7.953843
9.244433 18.532232 8.526039
9.621386 19.179946 9.143318
10.008997 19.829215 9.808068
10.406845 20.476840 10.522595
10.814397 21.119194 11.289081
11.230984 21.752199 12.109522
11.655799 22.371309 12.985669
12.087876 22.971509 13.918955
12.526083 23.547309 14.910416
12.969106 24.092764 15.960606
13.415442 24.601495 17.069505
13.863389 25.066737 18.236426
14.311039 25.481400 19.459921
14.756277 25.838149 20.737684
15.196780 26.129510 22.066468
15.630021 26.347993 23.442010
16.053281 26.486245 24.858964
16.463666 26.537213 26.310873
16.858125 26.494335 27.790148
17.233487 26.351738 29.288098
17.586487 26.104445 30.794982
17.913818 25.748584 32.300115
18.212172 25.281583 33.792010
18.478303 24.702349 35.258564
18.709077 24.011419 36.687285
18.901541 23.211064 38.065556
19.052981 22.305351 39.380925
19.160983 21.300147 40.621413
19.223495 20.203055 41.775817
19.238874 19.023294 42.834017
19.205932 17.771518 43.787247
19.123972 16.459573 44.628330
18.992804 15.100217 45.351864
18.812762 13.706803 45.954344
18.584695 12.292943 46.434218
18.309953 10.872170 46.791882
17.990354 9.457617 47.029596
17.628151 8.061716 47.151352
17.225975 6.695943 47.162686
16.786782 5.370606 47.070446
16.313791 4.094690 46.882546
15.810419 2.875758 46.607693
15.280218 1.719906 46.255125
14.726807 0.631764 45.834353
14.153822 -0.385448 45.354924
13.564850 -1.329840 44.826215
12.963393 -2.200733 44.257254
12.352817 -2.998526 43.656580
11.736322 -3.724552 43.032129
11.116915 -4.380925 42.391163
10.497388 -4.970395 41.740222
9.880308 -5.496203 41.085105
9.268005 -5.961954 40.430872
8.662569 -6.371495 39.781868
8.065859 -6.728815 39.141756
7.479500 -7.037955 38.513563
6.428360 -7.049997 37.806683
5.013753 -6.805922 37.049751
3.772836 -6.600253 36.345195
2.683064 -6.434103 35.685146
1.724227 -6.307503 35.063297
0.878292 -6.219790 34.474642
0.129230 -6.169896 33.915255
-0.537161 -6.156540 33.382089
-1.133440 -6.178368 32.872814
-1.670691 -6.234055 32.385686
-2.158688 -6.322362 31.919443
-2.606046 -6.442185 31.473219
-3.020357 -6.592577 31.046483
-3.408318 -6.772765 30.638990
-3.775845 -6.982153 30.250747
-4.128172 -7.220322 29.881988
-4.469945 -7.487022 29.533159
-4.805299 -7.782168 29.204909
-5.137929 -8.105819 28.898083
-5.471155 -8.458169 28.613730
-5.807969 -8.839524 28.353104
-6.151085 -9.250287 28.117675
-6.502977 -9.690925 27.909138
-6.865908 -10.161951 27.729428
-7.241955 -10.663888 27.580739
-7.633032 -11.197230 27.465532
-8.040897 -11.762410 27.386559
-8.467164 -12.359744 27.346875
-8.913299 -12.989378 27.349853
-9.380618 -13.651232 27.399195
-9.870272 -14.344920 27.498936
-10.383229 -15.069674 27.653446
-10.920251 -15.824252 27.867417
-11.481854 -16.606840 28.145837
-12.068274 -17.414936 28.493955
-12.679413 -18.245238 28.917216
-13.314786 -19.093515 29.421175
-13.973454 -19.954486 30.011382
-14.653956 -20.821694 30.693230
-15.354234 -21.687400 31.471762
-16.071553 -22.542488 32.351446
-16.802428 -23.376420 33.335888
-17.542546 -24.177218 34.427523
-18.286708 -24.931532 35.627257
-19.028784 -25.624775 36.934085
-19.761690 -26.241363 38.344713
-20.477404 -26.765067 39.853179
-21.167020 -27.179481 41.450537
-21.820852 -27.468613 43.124622
-22.428603 -27.617577 44.859937
-22.979580 -27.613364 46.637709
-23.462985 -27.445651 48.436152
-23.868250 -27.107575 50.230938
-24.185417 -26.596428 51.995902
-24.405546 -25.914172 53.703950
-24.521119 -25.067730 55.328120
-24.526415 -24.068984 56.842730
-24.417834 -22.934456 58.224520
-24.194133 -21.684688 59.453694
-23.856552 -20.343349 60.514761
-23.408830 -18.936135 61.397112
-22.857087 -17.489584 62.095271
-22.209597 -16.029868 62.608831
-21.476461 -14.581698 62.942081
-20.669207 -13.167401 63.103384
-19.800345 -11.806231 63.104397
-18.882914 -10.513939 62.959184
-17.930044 -9.302597 62.683340
-16.954552 -8.180648 62.293157
-15.968608 -7.153143 61.804912
-14.983461 -6.222105 61.234284
-14.009238 -5.386978 60.595923
-13.054817 -4.645110 59.903159
-12.127764 -3.992228 59.167846
-11.234321 -3.422893 58.400308
-10.379450 -2.930895 57.609365
-9.566903 -2.509594 56.802422
-8.799319 -2.152201 55.985598
-8.078342 -1.851998 55.163870
-7.404741 -1.602502 54.341222
-6.778534 -1.397585 53.520803
-6.199112 -1.231550 52.705057
-5.665351 -1.099178 51.895857
-5.175721 -0.995747 51.094609
-4.728380 -0.917033 50.302351
-4.321260 -0.859298 49.519830
-3.952142 -0.819263 48.747564
-3.618717 -0.794081 47.985901
-3.318641 -0.781298 47.235057
-3.049579 -0.778825 46.495148
-2.809239 -0.784894 45.766218
-2.595400 -0.798028 45.048258
-2.405935 -0.817006 44.341222
-2.238826 -0.840830 43.645036
-2.092171 -0.868699 42.959608
-1.964198 -0.899982 42.284832
-1.853260 -0.934195 41.620597
-1.757844 -0.970977 40.966784
-1.676561 -1.010077 40.323274
-1.608151 -1.051335 39.689947
-1.551474 -1.094667 39.066682
-1.505504 -1.140056 38.453360
-1.469326 -1.187540 37.849866
-1.442130 -1.237207 37.256086
-1.423201 -1.289184 36.671909
-1.411917 -1.343635 36.097228
-1.407740 -1.400752 35.531941
-1.410212 -1.460758 34.975950
-1.418946 -1.523901 34.429161
-1.433627 -1.590452 33.891487
-1.454001 -1.660703 33.362848
-1.479873 -1.734972 32.843170
-1.511105 -1.813595 32.332386
-1.547610 -1.896935 31.830440
-1.589349 -1.985374 31.337284
-1.636330 -2.079324 30.852880
-1.688604 -2.179218 30.377205
-1.746266 -2.285523 29.910247
-1.809449 -2.398733 29.452010
-1.878330 -2.519375 29.002516
-1.953121 -2.648011 28.561805
-2.034076 -2.785244 28.129938
-2.121487 -2.931714 27.707003
-2.215684 -3.088107 27.293114
-2.317040 -3.255157 26.888416
-2.425967 -3.433648 26.493090
-2.542919 -3.624417 26.107357
-2.668396 -3.828360 25.731484
-2.802940 -4.046434 25.365790
-2.947143 -4.279661 25.010650
-3.101646 -4.529132 24.666511
-3.267140 -4.796008 24.333891
-3.444370 -5.081525 24.013398
-3.634139 -5.386997 23.705737
-3.837307 -5.713817 23.411724
-4.054795 -6.063459 23.132304
-4.287586 -6.437474 22.868568
-4.536730 -6.837496 22.621768
-4.803341 -7.265232 22.393344
-5.088598 -7.722456 22.184948
-5.393751 -8.211007 21.998470
-5.720112 -8.732767 21.836070
-6.069054 -9.289648 21.700210
-6.442011 -9.883569 21.593693
-6.840465 -10.516421 21.519700
-7.265938 -11.190029 21.481836
-7.719980 -11.906101 21.484168
-8.204147 -12.666164 21.531277
-8.719980 -13.471484 21.628296
-9.268970 -14.322970 21.780953
-9.852526 -15.221058 21.995606
-10.471918 -16.165571 22.279268
-11.128224 -17.155554 22.639614
-11.822258 -18.189084 23.084967
-12.554479 -19.263055 23.624252
-13.324895 -20.372932 24.266913
-14.132944 -21.512487 25.022765
-14.977359 -22.673522 25.901792
-15.856020 -23.845592 26.913855
-16.765792 -25.015739 28.068306
-17.702352 -26.168273 29.373500
-18.660021 -27.284634 30.836190
-19.631596 -28.343361 32.460811
-20.608213 -29.320238 34.248678
-21.579248 -30.188645 36.197106
-22.532279 -30.920182 38.298540
-23.453135 -31.485588 40.539737
-24.326053 -31.855970 42.901130
-25.133969 -32.004333 45.356466
-25.858944 -31.907327 47.872859
-26.482749 -31.547109 50.411346
-26.987573 -30.913136 52.928026
-27.356841 -30.003694 55.375780
-27.576080 -28.826949 57.706502
-27.633768 -27.401313 59.873674
-27.522090 -25.755014 61.835045
-27.237530 -23.924835 63.555130
-26.781213 -21.954113 65.007238
-26.158978 -19.890188 66.174804
-25.381152 -17.781597 67.051873
-24.462047 -15.675307 67.642723
-23.419240 -13.614274 67.960721
-22.272692 -11.635557 68.026613
-21.043798 -9.769101 67.866479
-19.754449 -8.037205 67.509612
-18.426170 -6.454611 66.986535
-17.079380 -5.029082 66.327313
-15.732825 -3.762323 65.560244
-14.403165 -2.651076 64.710955
-13.104733 -1.688265 63.801882
-11.849440 -0.864092 62.852070
-10.646793 -0.167010 61.877224
-9.504010 0.415460 60.889932
-8.426206 0.896074 59.900000
-7.416605 1.287374 58.914837
-6.476793 1.601333 57.939849
-5.606960 1.849124 56.978815
-4.806140 2.040981 56.034232
-4.072440 2.186138 55.107611
-3.403245 2.292814 54.199722
-2.795398 2.368246 53.310803
-2.346990 2.473579 52.524254
-2.153789 2.681442 51.943889
-1.960496 2.865034 51.370063
-1.768045 3.025426 50.803180
-1.577290 3.163753 50.243565
-1.389007 3.281191 49.691467
-1.203894 3.378945 49.147068
-1.022575 3.458238 48.610481
-0.845601 3.520293 48.081763
-0.673453 3.566329 47.560916
-0.506546 3.597547 47.047894
-0.345233 3.615126 46.542614
-0.189805 3.620216 46.044956
-0.040501 3.613930 45.554771
0.102496 3.597344 45.071889
0.239049 3.571489 44.596122
0.369068 3.537355 44.127267
0.492502 3.495880 43.665113
0.609340 3.447956 43.209446
0.719604 3.394427 42.760047
0.823349 3.336086 42.316701
0.920655 3.273677 41.879195
1.011630 3.207897 41.447322
1.096403 3.139392 41.020882
1.175121 3.068765 40.599683
1.247952 2.996571 40.183545
1.315073 2.923320 39.772296
1.376677 2.849482 39.365773
1.432966 2.775484 38.963827
1.484150 2.701715 38.566317
1.530444 2.628525 38.173115
1.572070 2.556231 37.784102
1.609252 2.485114 37.399168
1.642215 2.415423 37.018215
1.671184 2.347380 36.641151
1.696385 2.281176 36.267894
1.718041 2.216977 35.898370
1.736373 2.154926 35.532512
1.751597 2.095140 35.170258
1.763927 2.037719 34.811554
1.773569 1.982741 34.456351
1.780727 1.930269 34.104603
1.785597 1.880347 33.756271
1.788369 1.833007 33.411318
1.789228 1.788267 33.069711
1.788350 1.746134 32.731418
1.785906 1.706604 32.396413
1.782059 1.669663 32.064669
1.776965 1.635290 31.736163
1.770774 1.603458 31.410871
1.763626 1.574131 31.088772
1.755658 1.547271 30.769846
1.746997 1.522835 30.454074
1.737764 1.500775 30.141436
1.728075 1.481041 29.831915
1.718037 1.463583 29.525491
1.707752 1.448348 29.222148
1.697315 1.435282 28.921867
1.686818 1.424330 28.624631
1.676343 1.415440 28.330423
1.665971 1.408558 28.039225
1.655774 1.403631 27.751020
1.645822 1.400610 27.465790
1.636178 1.399444 27.183518
1.626902 1.400086 26.904187
1.618050 1.402491 26.627779
1.609674 1.406615 26.354276
1.601821 1.412417 26.083662
1.594536 1.419860 25.815919
1.587860 1.428908 25.551029
1.581832 1.439528 25.288976
1.576487 1.451689 25.029742
1.571859 1.465366 24.773311
1.567978 1.480534 24.519666
1.564873 1.497172 24.268791
1.562570 1.515262 24.020669
1.561096 1.534789 23.775286
1.560474 1.555742 23.532626
1.560725 1.578111 23.292674
1.561871 1.601890 23.055415
1.563933 1.627078 22.820836
1.566929 1.653673 22.588923
1.570879 1.681680 22.359664
1.575799 1.711105 22.133047
1.581709 1.741956 21.909060
1.588625 1.774246 21.687692
1.596564 1.807991 21.468935
1.605545 1.843207 21.252778
1.615583 1.879916 21.039214
1.626697 1.918142 20.828237
1.638905 1.957911 20.619839
1.652224 1.999252 20.414016
1.666673 2.042198 20.210764
1.682272 2.086783 20.010082
1.699041 2.133046 19.811967
1.717000 2.181027 19.616420
1.736170 2.230770 19.423443
1.756575 2.282320 19.233038
1.778238 2.335727 19.045212
1.801183 2.391042 18.859971
1.825435 2.448320 18.677323
1.851023 2.507618 18.497279
1.877973 2.568997 18.319852
1.906315 2.632520 18.145057
1.936080 2.698253 17.972911
1.967299 2.766264 17.803434
2.000008 2.836625 17.636649
2.034241 2.909410 17.472581
2.070034 2.984698 17.311258
2.107427 3.062568 17.152713
2.146459 3.143105 16.996979
2.187173 3.226393 16.844096
2.229612 3.312523 16.694107
2.273821 3.401586 16.547057
2.319849 3.493678 16.402997
2.367744 3.588896 16.261984
2.417559 3.687342 16.124077
2.469345 3.789118 15.989341
2.523159 3.894333 15.857848
2.579059 4.003093 15.729675
2.637102 4.115513 15.604904
2.697352 4.231705 15.483626
2.759872 4.351787 15.365936
2.824728 4.475878 15.251938
2.891987 4.604099 15.141745
2.961720 4.736574 15.035476
3.034000 4.873427 14.933260
3.108900 5.014785 14.835235
3.186496 5.160775 14.741549
3.266868 5.311525 14.652361
3.350096 5.467165 14.567840
3.436262 5.627823 14.488167
3.525449 5.793627 14.413535
3.617745 5.964703 14.344151
3.713235 6.141177 14.280232
3.812010 6.323172 14.222015
3.914158 6.510805 14.169747
4.019772 6.704193 14.123692
4.128943 6.903444 14.084132
4.241763 7.108661 14.051365
4.358326 7.319940 14.025704
4.478723 7.537365 14.007485
4.603048 7.761013 13.997061
4.731391 7.990945 13.994803
4.863842 8.227211 14.001106
5.000489 8.469842 14.016381
5.141418 8.718853 14.041065
5.286711 8.974235 14.075612
5.436445 9.235958 14.120501
5.590695 9.503965 14.176231
5.749528 9.778168 14.243322
5.913006 10.058449 14.322316
6.081180 10.344652 14.413776
6.254096 10.636582 14.518281
6.431788 10.934000 14.636433
6.614279 11.236619 14.768847
6.801576 11.544101 14.916153
6.993676 11.856051 15.078996
7.190556 12.172013 15.258026
7.392176 12.491465 15.453899
7.598476 12.813816 15.667274
7.809372 13.138399 15.898804
8.024758 13.464468 16.149133
8.244499 13.791195 16.418888
8.468434 14.117662 16.708672
8.696367 14.442861 17.019056
8.928072 14.765690 17.350571
9.163283 15.084951 17.703693
9.401698 15.399346 18.078840
9.642973 15.707480 18.476351
9.886722 16.007863 18.896481
10.132512 16.298905 19.339381
10.379865 16.578928 19.805090
10.628253 16.846168 20.293515
10.877098 17.098784 20.804420
11.125770 17.334868 21.337409
11.373590 17.552455 21.891912
11.619827 17.749543 22.467172
11.863699 17.924106 23.062231
12.104375 18.074118 23.675921
12.340978 18.197572 24.306851
12.572589 18.292511 24.953404
12.798246 18.357048 25.613731
13.016956 18.389401 26.285750
13.227697 18.387923 26.967153
13.429424 18.351132 27.655411
13.621080 18.277743 28.347787
13.801603 18.166702 29.041354
13.969937 18.017212 29.733018
14.125042 17.828764 30.419546
14.265903 17.601160 31.097596
14.391545 17.334536 31.763757
14.501043 17.029374 32.414587
14.593535 16.686512 33.046660
14.668232 16.307153 33.656606
14.724430 15.892854 34.241164
14.761520 15.445521 34.797227
14.779000 14.967388 35.321886
14.776481 14.460995 35.812473
14.753692 13.929153 36.266603
14.710491 13.374909 36.682202
14.646863 12.801506 37.057544
14.562923 12.212329 37.391264
14.458919 11.610866 37.682377
14.335225 11.000649 37.930282
14.192339 10.385210 38.134763
14.030879 9.768026 38.295978
13.851571 9.152479 38.414445
13.655244 8.541807 38.491018
13.442817 7.939071 38.526864
13.215289 7.347120 38.523424
12.973729 6.768561 38.482384
12.719258 6.205745 38.405634
12.453042 5.660745 38.295233
12.176276 5.135353 38.153363
11.890174 4.631075 37.982299
11.595955 4.149135 37.784370
11.294831 3.690480 37.561921
10.988002 3.255794 37.317289
10.676641 2.845512 37.052773
10.361885 2.459835 36.770607
10.044835 2.098756 36.472944
9.726541 1.762074 36.161837
9.408002 1.449419 35.839230
9.090159 1.160272 35.506942
8.773894 0.893988 35.166668
8.460029 0.649817 34.819969
8.149319 0.426921 34.468276
7.842457 0.224394 34.112890
7.540073 0.041279 33.754983
7.242732 -0.123416 33.395604
6.950939 -0.270705 33.035684
6.665139 -0.401614 32.676045
6.385719 -0.517164 32.317403
6.113010 -0.618369 31.960379
5.847293 -0.706224 31.605504
5.588798 -0.781698 31.253230
5.337707 -0.845731 30.903933
5.094162 -0.899231 30.557925
4.858263 -0.943065 30.215459
4.630071 -0.978062 29.876734
4.409616 -1.005011 29.541905
4.196895 -1.024657 29.211085
3.991877 -1.037703 28.884353
3.794506 -1.044810 28.561758
3.604702 -1.046597 28.243323
3.422366 -1.043640 27.929050
3.247380 -1.036478 27.618921
3.079610 -1.025608 27.312907
2.918911 -1.011493 27.010962
2.765123 -0.994557 26.713034
2.618079 -0.975192 26.419062
2.477602 -0.953758 26.128979
2.343508 -0.930582 25.842715
2.215611 -0.905963 25.560197
2.093718 -0.880175 25.281348
1.977635 -0.853463 25.006093
1.867165 -0.826051 24.734357
1.762112 -0.798138 24.466063
1.662279 -0.769905 24.201138
1.567472 -0.741511 23.939510
1.477496 -0.713100 23.681107
1.392161 -0.684797 23.425861
1.311278 -0.656712 23.173707
1.234661 -0.628944 22.924579
1.162129 -0.601575 22.678417
1.093506 -0.574679 22.435161
1.028618 -0.548315 22.194754
0.967296 -0.522537 21.957143
0.909377 -0.497386 21.722275
0.854703 -0.472897 21.490100
0.803119 -0.449099 21.260570
0.754477 -0.426010 21.033640
0.708633 -0.403647 20.809267
0.665449 -0.382019 20.587407
0.624792 -0.361130 20.368022
0.586534 -0.340982 20.151072
0.550551 -0.321571 19.936520
0.516725 -0.302892 19.724332
0.484944 -0.284935 19.514471
0.455100 -0.267688 19.306907
0.427088 -0.251139 19.101606
0.400809 -0.235270 18.898538
0.376170 -0.220067 18.697673
0.353081 -0.205510 18.498982
0.331455 -0.191579 18.302438
0.311212 -0.178256 18.108013
0.292273 -0.165518 17.915681
0.274565 -0.153345 17.725417
0.258017 -0.141716 17.537194
0.242564 -0.130608 17.350989
0.228143 -0.119999 17.166778
0.214694 -0.109868 16.984538
0.202160 -0.100193 16.804245
0.190488 -0.090953 16.625878
0.179628 -0.082126 16.449414
0.169532 -0.073690 16.274832
0.160156 -0.065627 16.102111
0.151456 -0.057915 15.931229
0.143393 -0.050534 15.762167
0.135930 -0.043465 15.594905
0.129030 -0.036690 15.429422
0.122661 -0.030190 15.265700
0.116792 -0.023947 15.103718
0.111393 -0.017943 14.943458
0.106436 -0.012162 14.784902
0.101897 -0.006588 14.628031
0.097750 -0.001204 14.472826
0.093973 0.004005 14.319270
0.090546 0.009054 14.167345
0.087447 0.013957 14.017034
0.084660 0.018729 13.868319
0.082167 0.023383 13.721184
0.079953 0.027932 13.575611
0.078001 0.032390 13.431583
0.076299 0.036768 13.289085
0.074835 0.041079 13.148100
0.073595 0.045335 13.008611
0.072570 0.049547 12.870604
0.071750 0.053726 12.734062
0.071125 0.057883 12.598970
0.070688 0.062029 12.465312
0.070430 0.066175 12.333073
0.070345 0.070331 12.202239
0.070427 0.074506 12.072793
0.070670 0.078712 11.944723
0.071069 0.082957 11.818012
0.071620 0.087252 11.692648
0.072318 0.091606 11.568614
0.073162 0.096028 11.445899
0.074147 0.100530 11.324487
0.075272 0.105119 11.204365
0.076534 0.109806 11.085519
0.077933 0.114600 10.967937
0.079467 0.119511 10.851604
0.081136 0.124549 10.736507
0.082940 0.129723 10.622635
0.084879 0.135045 10.509973
0.086954 0.140523 10.398510
0.089165 0.146168 10.288232
0.091515 0.151991 10.179127
0.094004 0.158003 10.071184
0.096635 0.164214 9.964390
0.099411 0.170636 9.858734
0.102334 0.177280 9.754202
0.105408 0.184159 9.650785
0.108635 0.191284 9.548471
0.112021 0.198669 9.447247
0.115569 0.206326 9.347104
0.119283 0.214268 9.248029
0.123169 0.222511 9.150013
0.127232 0.231067 9.053045
0.131478 0.239953 8.957113
0.135912 0.249183 8.862209
0.140542 0.258773 8.768320
0.145373 0.268741 8.675439
0.150414 0.279103 8.583554
0.155671 0.289878 8.492656
0.161153 0.301084 8.402735
0.166868 0.312741 8.313782
0.172826 0.324869 8.225789
0.179035 0.337490 8.138745
0.185506 0.350624 8.052643
0.192248 0.364295 7.967473
0.199273 0.378527 7.883227
0.206592 0.393345 7.799898
0.214217 0.408775 7.717477
0.222161 0.424843 7.635957
0.230437 0.441579 7.555329
0.239057 0.459010 7.475588
0.248038 0.477169 7.396726
0.257393 0.496087 7.318736
0.267139 0.515797 7.241612
0.277291 0.536335 7.165348
0.287868 0.557737 7.089939
0.298887 0.580041 7.015379
0.310367 0.603287 6.941663
0.322327 0.627515 6.868787
0.334789 0.652771 6.796746
0.347773 0.679098 6.725537
0.361302 0.706543 6.655156
0.375400 0.735158 6.585601
0.390091 0.764991 6.516871
0.405401 0.796099 6.448962
0.421356 0.828536 6.381874
0.437985 0.862362 6.315608
0.455316 0.897638 6.250163
0.473381 0.934427 6.185542
0.492211 0.972798 6.121745
0.511839 1.012818 6.058776
0.532301 1.054563 5.996640
0.553633 1.098107 5.935340
0.575872 1.143531 5.874885
0.599059 1.190917 5.815280
0.623235 1.240353 5.756536
0.648443 1.291928 5.698662
0.674729 1.345739 5.641671
0.702140 1.401883 5.585576
0.730725 1.460463 5.530392
0.760537 1.521589 5.476138
0.791628 1.585371 5.422833
0.824055 1.651927 5.370499
0.857878 1.721381 5.319161
0.893156 1.793859 5.268847
0.929956 1.869495 5.219587
0.968342 1.948429 5.171416
1.008386 2.030804 5.124371
1.050161 2.116773 5.078493
1.093741 2.206494 5.033829
1.139208 2.300130 4.990429
1.186643 2.397852 4.948349
1.236134 2.499840 4.907649
1.287771 2.606279 4.868397
1.341647 2.717361 4.830666
1.397861 2.833289 4.794537
1.456516 2.954270 4.760097
1.517718 3.080523 4.727445
1.581578 3.212272 4.696685
1.648213 3.349752 4.667933
1.717742 3.493206 4.641315
1.790293 3.642885 4.616970
1.865994 3.799051 4.595047
1.944983 3.961972 4.575711
2.027401 4.131928 4.559142
2.113395 4.309207 4.545534
2.203118 4.494104 4.535101
2.296728 4.686925 4.528074
2.394390 4.887983 4.524707
2.496273 5.097601 4.525273
2.602556 5.316108 4.530071
2.713420 5.543840 4.539428
2.829053 5.781139 4.553695
2.949652 6.028354 4.573257
3.075418 6.285837 4.598529
3.206556 6.553941 4.629964
3.343280 6.833022 4.668051
3.485809 7.123436 4.713320
3.634366 7.425534 4.766347
3.789179 7.739663 4.827750
3.950483 8.066158 4.898203
4.118513 8.405345 4.978428
4.293510 8.757532 5.069206
4.475716 9.123005 5.171380
4.665374 9.502025 5.285852
4.862729 9.894819 5.413594
5.068022 10.301574 5.555647
5.281492 10.722432 5.713126
5.503374 11.157476 5.887220
5.733895 11.606726 6.079198
5.973271 12.070122 6.290408
6.221709 12.547518 6.522278
6.479396 13.038665 6.776319
6.746503 13.543199 7.054121
7.023176 14.060622 7.357353
7.309533 14.590287 7.687759
7.605659 15.131382 8.047148
7.911599 15.682906 8.437392
8.227355 16.243652 8.860412
8.552876 16.812184 9.318165
8.888053 17.386817 9.812624
9.232707 17.965593 10.345763
9.586586 18.546262 10.919523
9.949353 19.126261 11.535791
10.320578 19.702696 12.196355
10.699726 20.272322 12.902872
11.086150 20.831536 13.656816
11.479079 21.376370 14.459428
11.877609 21.902485 15.311659
12.280696 22.405182 16.214107
12.687144 22.879419 17.166951
13.095600 23.319834 18.169883
13.504550 23.720790 19.222036
13.912311 24.076422 20.321911
14.317035 24.380714 21.467317
14.716707 24.627573 22.655302
15.109154 24.810939 23.882105
15.492051 24.924893 25.143114
15.862940 24.963790 26.432846
16.219243 24.922400 27.744942
16.558290 24.796060 29.072192
16.877346 24.580823 30.406580
17.173645 24.273616 31.739366
17.444429 23.872384 33.061197
17.686991 23.376221 34.362242
17.898717 22.785479 35.632365
18.077137 22.101854 36.861318
18.219971 21.328427 38.038953
18.325177 20.469674 39.155451
18.390996 19.531430 40.201548
18.415991 18.520806 41.168762
18.399085 17.446069 42.049600
18.339586 16.316469 42.837742
18.237209 15.142049 43.528194
18.092087 13.933409 44.117389
17.904767 12.701472 44.603261
17.676209 11.457227 44.985253
17.407761 10.211486 45.264286
17.101135 8.974652 45.442685
16.758374 7.756511 45.524059
16.381807 6.566050 45.513151
15.974007 5.411321 45.415665
15.537742 4.299331 45.238074
15.075924 3.235979 44.987426
14.591559 2.226034 44.671144
14.087703 1.273137 44.296844
13.567408 0.379845 43.872161
13.033692 -0.452305 43.404598
12.489492 -1.222714 42.901393
11.937638 -1.931619 42.369420
11.380825 -2.579990 41.815100
10.821591 -3.169420 41.244347
10.262303 -3.702010 40.662532
9.705142 -4.180272 40.074458
9.152101 -4.607024 39.484369
8.604979 -4.985305 38.895953
8.065382 -5.318292 38.312369
7.534727 -5.609232 37.736277
7.014247 -5.861382 37.169876
6.505001 -6.077962 36.614940
5.680226 -6.089045 36.001460
4.447134 -5.837888 35.310535
3.369013 -5.629168 34.661437
2.424984 -5.462074 34.047761
1.596498 -5.335228 33.464464
0.867139 -5.246949 32.907605
0.222412 -5.195442 32.374134
-0.350448 -5.178919 31.861713
-0.862670 -5.195685 31.368573
-1.324122 -5.244193 30.893407
-1.743470 -5.323079 30.435278
-2.128331 -5.431181 29.993558
-2.485400 -5.567549 29.567873
-2.820576 -5.731446 29.158070
-3.139065 -5.922348 28.764187
-3.445478 -6.139932 28.386441
-3.743912 -6.384074 28.025215
-4.038028 -6.654832 27.681054
-4.331116 -6.952439 27.354664
-4.626148 -7.277286 27.046919
-4.925834 -7.629909 26.758869
-5.232656 -8.010971 26.491749
-5.548914 -8.421248 26.246996
-5.876749 -8.861604 26.026265
-6.218172 -9.332972 25.831447
-6.575081 -9.836327 25.664693
-6.949277 -10.372651 25.528434
-7.342474 -10.942904 25.425409
-7.756303 -11.547977 25.358686
-8.192310 -12.188641 25.331691
-8.651950 -12.865495 25.348231
-9.136575 -13.578889 25.412512
-9.647415 -14.328848 25.529159
-10.185548 -15.114977 25.703225
-10.751871 -15.936357 25.940187
-11.347054 -16.791421 26.245933
-11.971488 -17.677815 26.626728
-12.625225 -18.592258 27.089155
-13.307907 -19.530371 27.640023
-14.018682 -20.486518 28.286246
-14.756118 -21.453635 29.034664
-15.518098 -22.423071 29.891823
-16.301724 -23.384453 30.863695
-17.103207 -24.325583 31.955333
-17.917768 -25.232402 33.170467
-18.739543 -26.089023 34.511048
-19.561515 -26.877883 35.976740
-20.375470 -27.580016 37.564401
-21.172001 -28.175488 39.267570
-21.940554 -28.643991 41.076010
-22.669561 -28.965617 42.975360
-23.346629 -29.121778 44.946960
-23.958828 -29.096247 46.967897
-24.493056 -28.876256 49.011339
-24.936481 -28.453554 51.047181
-25.277043 -27.825343 53.043009
-25.503989 -26.994963 54.965353
-25.608409 -25.972237 56.781157
-25.583727 -24.773398 58.459348
-25.426107 -23.420565 59.972372
-25.134739 -21.940780 61.297553
-24.711972 -20.364699 62.418135
-24.163280 -18.725024 63.323908
-23.497057 -17.054856 64.011371
-22.724264 -15.386096 64.483438
-21.857952 -13.748054 64.748741
-20.912704 -12.166355 64.820638
-19.904039 -10.662201 64.716037
-18.847822 -9.252019 64.454170
-17.759716 -7.947431 64.055426
-16.654711 -6.755524 63.540316
-15.546732 -5.679320 62.928636
-14.448357 -4.718373 62.238838
-13.370627 -3.869432 61.487619
-12.322947 -3.127099 60.689690
-11.313066 -2.484442 59.857707
-10.347120 -1.933548 59.002324
-9.429723 -1.465975 58.132318
-8.564096 -1.073129 57.254783
-7.752212 -0.746552 56.375336
-6.994958 -0.478128 55.498337
-6.292289 -0.260238 54.627094
-5.643393 -0.085842 53.764063
-5.046827 0.051466 52.911010
-4.500662 0.157443 52.069165
-4.002594 0.237205 51.239340
-3.550057 0.295255 50.422033
-3.140310 0.335518 49.617505
-2.770516 0.361385 48.825851
-2.437808 0.375761 48.047043
-2.139335 0.381114 47.280970
-1.872312 0.379523 46.527468
-1.634045 0.372724 45.786336
-1.421959 0.362155 45.057358
-1.233614 0.348991 44.340305
-1.066716 0.334188 43.634947
-0.919123 0.318510 42.941059
-0.788850 0.302560 42.258419
-0.674062 0.286807 41.586810
-0.573079 0.271609 40.926026
-0.484364 0.257229 40.275867
-0.406519 0.243858 39.636139
-0.338278 0.231624 39.006656
-0.278499 0.220610 38.387240
-0.226153 0.210858 37.777716
-0.197338 0.211470 37.297674
-0.181187 0.217501 36.901785
-0.165450 0.222657 36.510106
-0.150143 0.227007 36.122593
-0.135281 0.230619 35.739204
-0.120874 0.233559 35.359893
-0.106929 0.235888 34.984619
-0.093450 0.237666 34.613339
-0.080440 0.238949 34.246009
-0.067898 0.239791 33.882589
-0.055824 0.240243 33.523037
-0.044211 0.240351 33.167310
-0.033056 0.240162 32.815369
-0.022351 0.239717 32.467172
-0.012088 0.239056 32.122680
-0.002257 0.238215 31.781852
0.007153 0.237229 31.444649
0.016154 0.236130 31.111033
0.024756 0.234948 30.780965
0.032973 0.233709 30.454407
0.040819 0.232439 30.131320
0.048307 0.231161 29.811669
0.055452 0.229896 29.495415
0.062268 0.228664 29.182523
0.068769 0.227483 28.872957
0.074970 0.226369 28.566680
0.080886 0.225337 28.263658
0.086531 0.224400 27.963856
0.091920 0.223571 27.667240
0.097068 0.222860 27.373775
0.101988 0.222278 27.083428
0.106696 0.221833 26.796166
0.111204 0.221533 26.511955
0.115526 0.221386 26.230763
0.119677 0.221399 25.952559
0.123669 0.221577 25.677310
0.127514 0.221926 25.404985
0.131226 0.222451 25.135553
0.134816 0.223155 24.868984
0.138297 0.224044 24.605246
0.141680 0.225120 24.344310
0.144976 0.226387 24.086146
0.148196 0.227849 23.830725
0.151351 0.229508 23.578017
0.154452 0.231368 23.327995
0.157508 0.233431 23.080630
0.160529 0.235700 22.835893
0.163525 0.238178 22.593758
0.166504 0.240868 22.354196
0.169477 0.243773 22.117180
0.172451 0.246895 21.882684
0.175435 0.250238 21.650681
0.178438 0.253806 21.421146
0.181467 0.257600 21.194051
0.184531 0.261626 20.969371
0.187638 0.265888 20.747082
0.190794 0.270388 20.527158
0.194008 0.275132 20.309574
0.197286 0.280125 20.094306
0.200637 0.285370 19.881329
0.204067 0.290875 19.670621
0.207584 0.296643 19.462156
0.211194 0.302682 19.255913
0.214905 0.308998 19.051867
0.218724 0.315597 18.849997
0.222658 0.322486 18.650279
0.226713 0.329674 18.452691
0.230897 0.337167 18.257212
0.235217 0.344976 18.063820
0.239680 0.353108 17.872493
0.244293 0.361573 17.683210
0.249065 0.370381 17.495951
0.254001 0.379543 17.310694
0.259111 0.389070 17.127420
0.264401 0.398972 16.946109
0.269879 0.409263 16.766741
0.275554 0.419955 16.589296
0.281434 0.431062 16.413755
0.287527 0.442598 16.240100
0.293843 0.454577 16.068312
0.300389 0.467015 15.898372
0.307176 0.479928 15.730263
0.314212 0.493333 15.563967
0.321509 0.507248 15.399466
0.329075 0.521691 15.236744
0.336922 0.536681 15.075783
0.345059 0.552240 14.916568
0.353500 0.568387 14.759082
0.362254 0.585145 14.603310
0.371335 0.602538 14.449236
0.380755 0.620588 14.296844
0.390526 0.639322 14.146122
0.400663 0.658765 13.997053
0.411179 0.678945 13.849625
0.422089 0.699890 13.703824
0.433408 0.721630 13.559636
0.445152 0.744196 13.417049
0.457337 0.767620 13.276052
0.469981 0.791937 13.136631
0.483100 0.817181 12.998777
0.496713 0.843389 12.862479
0.510840 0.870599 12.727726
0.525501 0.898851 12.594509
0.540716 0.928187 12.462819
0.556506 0.958650 12.332648
0.572895 0.990285 12.203988
0.589905 1.023139 12.076833
0.607562 1.057262 11.951176
0.625890 1.092704 11.827011
0.644916 1.129518 11.704336
0.664667 1.167761 11.583146
0.685173 1.207490 11.463438
0.706463 1.248765 11.345211
0.728568 1.291649 11.228464
0.751520 1.336208 11.113199
0.775354 1.382509 10.999417
0.800105 1.430624 10.887121
0.825808 1.480626 10.776317
0.852503 1.532592 10.667011
0.880229 1.586604 10.559210
0.909027 1.642743 10.452924
0.938941 1.701097 10.348165
0.970015 1.761757 10.244946
1.002296 1.824817 10.143283
1.035833 1.890374 10.043194
1.070677 1.958530 9.944700
1.106879 2.029393 9.847824
1.144496 2.103071 9.752593
1.183585 2.179680 9.659035
1.224204 2.259339 9.567184
1.266417 2.342171 9.477075
1.310287 2.428307 9.388749
1.355881 2.517879 9.302251
1.403270 2.611027 9.217630
1.452526 2.707894 9.134939
1.503725 2.808630 9.054238
1.556945 2.913391 8.975592
1.612269 3.022337 8.899072
1.669780 3.135636 8.824755
1.729567 3.253458 8.752726
1.791722 3.375984 8.683079
1.856340 3.503397 8.615913
1.923520 3.635889 8.551339
1.993365 3.773656 8.489476
2.065980 3.916901 8.430453
2.141476 4.065834 8.374413
2.219967 4.220669 8.321507
2.301572 4.381628 8.271903
2.386413 4.548938 8.225780
2.474617 4.722831 8.183332
2.566315 4.903545 8.144773
2.661641 5.091322 8.110329
2.760736 5.286410 8.080248
2.863744 5.489060 8.054798
2.970812 5.699527 8.034266
3.082092 5.918066 8.018966
3.197742 6.144936 8.009232
3.317922 6.380395 8.005427
3.442796 6.624701 8.007941
3.572531 6.878110 8.017196
3.707300 7.140873 8.033642
3.847275 7.413234 8.057766
3.992636 7.695430 8.090089
4.143559 7.987688 8.131171
4.300226 8.290218 8.181611
4.462819 8.603216 8.242049
4.631519 8.926856 8.313173
4.806506 9.261286 8.395713
4.987960 9.606625 8.490448
5.176057 9.962957 8.598208
5.370968 10.330326 8.719872
5.572860 10.708728 8.856374
5.781889 11.098105 9.008700
5.998205 11.498337 9.177888
6.221943 11.909234 9.365033
6.453226 12.330525 9.571280
6.692159 12.761851 9.797826
6.938826 13.202754 10.045917
7.193289 13.652661 10.316843
7.455582 14.110880 10.611934
7.725708 14.576579 10.932553
8.003635 15.048779 11.280087
8.289288 15.526340 11.655939
8.582551 16.007944 12.061513
8.883254 16.492085 12.498199
9.191173 16.977055 12.967358
9.506018 17.460932 13.470300
9.827435 17.941570 14.008260
10.154992 18.416590 14.582373
10.488178 18.883371 15.193642
10.826393 19.339051 15.842908
11.168943 19.780523 16.530814
11.515038 20.204442 17.257762
11.863779 20.607238 18.023879
12.214161 20.985126 18.828968
12.565064 21.334137 19.672468
12.915256 21.650143 20.553412
13.263386 21.928904 21.470381
13.607990 22.166109 22.421468
13.947492 22.357441 23.404246
14.280208 22.498641 24.415732
14.604357 22.585580 25.452379
14.918069 22.614348 26.510059
15.219401 22.581339 27.584069
15.506349 22.483345 28.669152
15.776876 22.317650 29.759529
16.028926 22.082121 30.848949
16.260455 21.775302 31.930764
16.469454 21.396489 32.998006
16.653985 20.945797 34.043497
16.812204 20.424215 35.059964
16.942399 19.833639 36.040165
17.043015 19.176877 36.977027
17.112687 18.457643 37.863787
17.150267 17.680512 38.694128
17.154847 16.850859 39.462313
17.125778 15.974769 40.163305
17.062689 15.058929 40.792870
16.965497 14.110504 41.347663
16.834407 13.136987 41.825283
16.669917 12.146060 42.224309
16.472805 11.145436 42.544306
16.244120 10.142711 42.785803
15.985166 9.145226 42.950246
15.697471 8.159934 43.039933
15.382772 7.193295 43.057920
15.042975 6.251178 43.007924
14.680132 5.338797 42.894209
14.296404 4.460658 42.721465
13.894028 3.620535 42.494695
13.475290 2.821466 42.219095
13.042488 2.065764 41.899946
12.597909 1.355048 41.542516
12.143800 0.690283 41.151969
11.682344 0.071835 40.733295
11.215644 -0.500471 40.291244
10.745704 -1.027285 39.830280
10.274416 -1.509665 39.354545
9.803546 -1.949016 38.867836
9.334734 -2.347021 38.373593
8.869484 -2.705583 37.874895
8.409162 -3.026770 37.374468
7.954997 -3.312762 36.874690
7.508083 -3.565810 36.377615
7.069384 -3.788196 35.884988
6.639735 -3.982197 35.398269
6.219848 -4.150060 34.918658
5.810323 -4.293981 34.447120
5.411650 -4.416082 33.984409
5.024218 -4.518401 33.531094
4.648324 -4.602881 33.087578
3.739445 -4.382989 32.504334
2.890612 -4.171662 31.932315
2.151832 -4.002051 31.384724
1.507181 -3.871261 30.858108
0.942724 -3.776522 30.349821
0.446283 -3.715261 29.857849
0.007234 -3.685149 29.380667
-0.383691 -3.684122 28.917128
-0.734574 -3.710385 28.466388
-1.052465 -3.762422 28.027840
-1.343521 -3.838979 27.601065
-1.613126 -3.939063 27.185804
-1.866004 -4.061927 26.781931
-2.106312 -4.207056 26.389434
-2.337723 -4.374159 26.008409
-2.563501 -4.563153 25.639051
-2.786567 -4.774154 25.281655
-3.009556 -5.007465 24.936615
-3.234863 -5.263565 24.604430
-3.464691 -5.543102 24.285712
-3.701086 -5.846881 23.981194
-3.945972 -6.175857 23.691745
-4.201177 -6.531126 23.418382
-4.468457 -6.913913 23.162288
-4.749521 -7.325564 22.924835
-5.046045 -7.767534 22.707601
-5.359685 -8.241368 22.512401
-5.692092 -8.748691 22.341313
-6.044914 -9.291177 22.196709
-6.419807 -9.870532 22.081292
-6.818430 -10.488452 21.998131
-7.242445 -11.146586 21.950701
-7.693507 -11.846483 21.942923
-8.173252 -12.589532 21.979212
-8.683278 -13.376880 22.064508
-9.225116 -14.209340 22.204324
-9.800201 -15.087281 22.404772
-10.409824 -16.010494 22.672589
-11.055077 -16.978033 23.015141
-11.736791 -17.988037 23.440413
-12.455452 -19.037525 23.956965
-13.211108 -20.122163 24.573846
-14.003258 -21.236016 25.300470
-14.830728 -22.371289 26.146415
-15.691530 -23.518057 27.121153
-16.582708 -24.664020 28.233696
-17.500178 -25.794291 29.492135
-18.438567 -26.891258 30.903078
-19.391052 -27.934548 32.470982
-20.349235 -28.901147 34.197402
-21.303035 -29.765712 36.080167
-22.240656 -30.501134 38.112555
-23.148619 -31.079370 40.282512
-24.011901 -31.472571 42.572026
-24.814193 -31.654489 44.956750
-25.538292 -31.602104 47.405994
-26.166633 -31.297369 49.883172
-26.681943 -30.728923 52.346796
-27.068008 -29.893587 54.752009
-27.310487 -28.797439 57.052620
-27.397726 -27.456284 59.203480
-27.321498 -25.895397 61.163013
-27.077592 -24.148482 62.895623
-26.666193 -22.255912 64.373715
-26.092002 -20.262424 65.579105
-25.364081 -18.214501 66.503653
-24.495428 -16.157732 67.149096
-23.502341 -14.134420 67.526130
-22.403603 -12.181665 67.652912
-21.219596 -10.330051 67.553193
-19.971399 -8.602978 67.254325
-18.679944 -7.016591 66.785343
-17.365281 -5.580218 66.175284
-16.045990 -4.297148 65.451853
-14.738750 -3.165629 64.640456
