2.000000 -3.000000
1.860000 -3.038600
1.720000 -3.074400
1.580000 -3.107400
1.440000 -3.137600
1.300000 -3.165000
1.160000 -3.189600
1.020000 -3.211400
0.880000 -3.230400
0.740000 -3.246600
0.600000 -3.260000
0.460000 -3.270600
0.320000 -3.278400
0.180000 -3.283400
0.040000 -3.285600
-0.100140 -3.284998
-0.240140 -3.281595
-0.380140 -3.275392
-0.520140 -3.266390
-0.660140 -3.254587
-0.800140 -3.239984
-0.940140 -3.222581
-1.080140 -3.202378
-1.220140 -3.179376
-1.360140 -3.153573
-1.500140 -3.124970
-1.640140 -3.093567
-1.780140 -3.059364
-1.920140 -3.022362
-2.060140 -2.982559
-2.200140 -2.939956
-2.340140 -2.894553
-2.480140 -2.846350
-2.620140 -2.795348
-2.760140 -2.741545
-2.900140 -2.684942
-3.040140 -2.625539
-3.180140 -2.563336
-3.320140 -2.498334
-3.460140 -2.430531
-3.600140 -2.359928
-3.740140 -2.286525
-3.880140 -2.210322
-4.020140 -2.131320
-4.160140 -2.049517
-4.300140 -1.964914
-4.440140 -1.877511
-4.580140 -1.787308
-4.720140 -1.694306
-4.860140 -1.598503
-5.000140 -1.499900
-5.140140 -1.398497
-5.280140 -1.294294
-5.420140 -1.187292
-5.560140 -1.077489
-5.700140 -0.964886
-5.840140 -0.849483
-5.980140 -0.731280
-6.120140 -0.610278
-6.260140 -0.486475
-6.400140 -0.359872
-6.540140 -0.230469
-6.680140 -0.098266
-6.660008 0.343064
-6.235016 1.562978
-5.848778 2.709992
-5.494709 3.790466
-5.167578 4.809701
-4.863180 5.772156
-4.578097 6.681604
-4.309521 7.541261
-4.055126 8.353882
-3.812970 9.121840
-3.581414 9.847186
-3.359069 10.531701
-3.144747 11.176932
-2.937425 11.784230
-2.736218 12.354772
-2.540351 12.889588
-2.349146 13.389578
-2.162001 13.855524
-1.978382 14.288109
-1.797807 14.687924
-1.619843 15.055477
-1.444093 15.391200
-1.270194 15.695461
-1.097808 15.968561
-0.926617 16.210744
-0.756323 16.422197
-0.586639 16.603056
-0.417288 16.753407
-0.247998 16.873284
-0.078503 16.962674
0.053940 16.886171
0.153940 16.685963
0.253940 16.485555
0.353940 16.284947
0.453940 16.084139
0.553940 15.883131
0.653940 15.681924
0.753940 15.480516
0.853940 15.278908
0.953940 15.077100
1.053940 14.875092
1.153940 14.672884
1.253940 14.470476
1.353940 14.267868
1.453940 14.065060
1.553940 13.862053
1.653940 13.658845
1.753940 13.455437
1.853940 13.251829
1.953940 13.048021
2.053940 12.844013
2.153940 12.639805
2.253940 12.435397
2.353940 12.230790
2.453940 12.025982
2.553940 11.820974
2.653940 11.615766
2.753940 11.410358
2.853940 11.204750
2.953940 10.998942
3.053940 10.792934
3.153940 10.586727
3.253940 10.380319
3.353940 10.173711
3.453940 9.966903
3.553940 9.759895
3.653940 9.552687
3.753940 9.345279
3.853940 9.137671
3.953940 8.929864
4.053940 8.721856
4.153940 8.513648
4.253940 8.305240
4.353940 8.096632
4.453940 7.887824
4.553940 7.678816
4.653940 7.469608
4.753940 7.260200
4.853940 7.050593
4.953940 6.840785
5.053940 6.630777
5.153940 6.420569
5.253940 6.210161
5.353940 5.999553
5.453940 5.788745
5.553940 5.577737
5.653940 5.366530
5.753940 5.155122
5.853940 4.943514
5.953940 4.731706
6.053940 4.519698
6.153940 4.307490
6.253940 4.095082
6.353940 3.882474
6.453940 3.669667
6.553940 3.456659
6.653940 3.243451
6.753940 3.030043
6.853940 2.816435
6.953940 2.602627
7.053940 2.388619
7.153940 2.174411
7.253940 1.960003
7.353940 1.745396
7.453940 1.530588
7.553940 1.315580
7.653940 1.100372
7.753940 0.884964
7.853940 0.669356
7.953940 0.453548
8.053940 0.237540
8.153940 0.021333
8.037708 -0.146255
7.897708 -0.305609
7.757708 -0.462163
7.617708 -0.615917
7.477708 -0.766872
7.337708 -0.915026
7.197708 -1.060380
7.057708 -1.202934
6.917708 -1.342688
6.777708 -1.479642
6.637708 -1.613796
6.497708 -1.745151
6.357708 -1.873705
6.217708 -1.999459
6.077708 -2.122413
5.937708 -2.242567
5.797708 -2.359921
5.657708 -2.474475
5.517708 -2.586230
5.377708 -2.695184
5.237708 -2.801338
5.097708 -2.904692
4.957708 -3.005246
4.817708 -3.103000
4.677708 -3.197955
4.537708 -3.290109
4.397708 -3.379463
4.257708 -3.466017
4.117708 -3.549771
3.977708 -3.630725
3.837708 -3.708879
3.697708 -3.784234
3.557708 -3.856788
3.417708 -3.926542
3.277708 -3.993496
3.137708 -4.057650
2.997708 -4.119004
2.857708 -4.177559
2.717708 -4.233313
2.577708 -4.286267
2.437708 -4.336421
2.297708 -4.383775
2.157708 -4.428329
2.017708 -4.470083
1.877708 -4.509038
1.737708 -4.545192
1.597708 -4.578546
1.457708 -4.609100
1.317708 -4.636854
1.177708 -4.661808
1.037708 -4.683963
0.897708 -4.703317
0.757708 -4.719871
0.617708 -4.733625
0.477708 -4.744579
0.337708 -4.752733
0.197708 -4.758087
0.057708 -4.760642
-0.082432 -4.760394
-0.222432 -4.757345
-0.362432 -4.751497
-0.502432 -4.742848
-0.642432 -4.731400
-0.782432 -4.717151
-0.922432 -4.700102
-1.062432 -4.680254
-1.202432 -4.657605
-1.342432 -4.632156
-1.482432 -4.603908
-1.622432 -4.572859
-1.762432 -4.539010
-1.902432 -4.502362
-2.042432 -4.462913
-2.182432 -4.420664
-2.322432 -4.375616
-2.462432 -4.327767
