97.500000 100.000000
97.506621 100.100000
97.513485 100.200000
97.520591 100.300000
97.527938 100.400000
97.535526 100.500000
97.543353 100.600000
97.551420 100.700000
97.559726 100.800000
97.568269 100.900000
97.577050 101.000000
97.586068 101.100000
97.595323 101.200000
97.604812 101.300000
97.614537 101.400000
97.624497 101.500000
97.634690 101.600000
97.645116 101.700000
97.655775 101.800000
97.666666 101.900000
97.677788 102.000000
97.689141 102.100000
97.700724 102.200000
97.712537 102.300000
97.724579 102.400000
97.736849 102.500000
97.749347 102.600000
97.762072 102.700000
97.775024 102.800000
97.788202 102.900000
97.801605 103.000000
97.815233 103.100000
97.829086 103.200000
97.843162 103.300000
97.857461 103.400000
97.871983 103.500000
97.886727 103.600000
97.901692 103.700000
97.916878 103.800000
97.932284 103.900000
97.947910 104.000000
97.963755 104.100000
97.979818 104.200000
97.996099 104.300000
98.012598 104.400000
98.029314 104.500000
98.046245 104.600000
98.063393 104.700000
98.080756 104.800000
98.098333 104.900000
98.116124 105.000000
98.134129 105.100000
98.152346 105.200000
98.170776 105.300000
98.189418 105.400000
98.208271 105.500000
98.227335 105.600000
98.246609 105.700000
98.266093 105.800000
98.285785 105.900000
98.305686 106.000000
98.325795 106.100000
98.346112 106.200000
98.366635 106.300000
98.387365 106.400000
98.408301 106.500000
98.429442 106.600000
98.450788 106.700000
98.472338 106.800000
98.494091 106.900000
98.515932 106.854103
98.537453 106.754103
98.558659 106.654103
98.579550 106.554103
98.600127 106.454103
98.620391 106.354103
98.640342 106.254103
98.659982 106.154103
98.679312 106.054103
98.698332 105.954103
98.717042 105.854103
98.735445 105.754103
98.753539 105.654103
98.771328 105.554103
98.788810 105.454103
98.805987 105.354103
98.822861 105.254103
98.839430 105.154103
98.855697 105.054103
98.871662 104.954103
98.887326 104.854103
98.902690 104.754103
98.917754 104.654103
98.932519 104.554103
98.946986 104.454103
98.961156 104.354103
98.975030 104.254103
98.988608 104.154103
99.001891 104.054103
99.014879 103.954103
99.027575 103.854103
99.039978 103.754103
99.052089 103.654103
99.063908 103.554103
99.075438 103.454103
99.086678 103.354103
99.097629 103.254103
99.108292 103.154103
99.118667 103.054103
99.128756 102.954103
99.138559 102.854103
99.148077 102.754103
99.157311 102.654103
99.166261 102.554103
99.174928 102.454103
99.183313 102.354103
99.191416 102.254103
99.199239 102.154103
99.206782 102.054103
99.214045 101.954103
99.221030 101.854103
99.227737 101.754103
99.234168 101.654103
99.240321 101.554103
99.246199 101.454103
99.251803 101.354103
99.257132 101.254103
99.262187 101.154103
99.266970 101.054103
99.271480 100.954103
99.275720 100.854103
99.279688 100.754103
99.283387 100.654103
99.286816 100.554103
99.289977 100.454103
99.292870 100.354103
99.295496 100.254103
99.297855 100.154103
99.299948 100.054103
99.301777 99.954103
99.303341 99.854103
99.304641 99.754103
99.305678 99.654103
99.306453 99.554103
99.306966 99.454103
99.307218 99.354103
99.307210 99.254103
99.306942 99.154103
99.306416 99.054103
99.305631 98.954103
99.304588 98.854103
99.303288 98.754103
99.301732 98.654103
99.299921 98.554103
99.297854 98.454103
99.295534 98.354103
99.292959 98.254103
99.290132 98.154103
99.287052 98.054103
99.283721 97.954103
99.280138 97.854103
99.276305 97.754103
99.272223 97.654103
99.267891 97.554103
99.263311 97.454103
99.258484 97.354103
99.253409 97.254103
99.248088 97.154103
99.242520 97.054103
99.236708 96.954103
99.230651 96.854103
99.224350 96.754103
99.217806 96.654103
99.211019 96.554103
99.203990 96.454103
99.196720 96.354103
99.189209 96.254103
99.181458 96.154103
99.173467 96.054103
99.165237 95.954103
99.156769 95.854103
99.148063 95.754103
99.139121 95.654103
99.129942 95.554103
99.120527 95.454103
99.110876 95.354103
99.100992 95.254103
99.090873 95.154103
99.080521 95.054103
99.069936 94.954103
99.059118 94.854103
99.048070 94.754103
99.036790 94.654103
99.025280 94.554103
99.013540 94.454103
99.001571 94.354103
98.989373 94.254103
98.976948 94.154103
98.964295 94.054103
98.951415 93.954103
98.938309 93.854103
98.924977 93.754103
98.911421 93.654103
98.897639 93.554103
98.883634 93.454103
98.869406 93.354103
98.854955 93.254103
98.840282 93.154103
98.825387 93.054103
98.810271 92.954103
98.794935 92.854103
98.779379 92.754103
98.763604 92.654103
98.747610 92.554103
98.731398 92.454103
98.714968 92.354103
98.698322 92.254103
98.681459 92.154103
98.664380 92.054103
98.647085 91.954103
98.629576 91.854103
98.611853 91.754103
98.593916 91.654103
98.575766 91.554103
98.557404 91.454103
98.538829 91.354103
98.520043 91.254103
98.501046 91.154103
98.482052 91.243049
98.463385 91.343049
98.445026 91.443049
98.426975 91.543049
98.409229 91.643049
98.391790 91.743049
98.374656 91.843049
98.357826 91.943049
98.341299 92.043049
98.325074 92.143049
98.309152 92.243049
98.293530 92.343049
98.278209 92.443049
98.263187 92.543049
98.248464 92.643049
98.234039 92.743049
98.219911 92.843049
98.206079 92.943049
98.192543 93.043049
98.179301 93.143049
98.166354 93.243049
98.153700 93.343049
98.141338 93.443049
98.129269 93.543049
98.117490 93.643049
98.106001 93.743049
98.094802 93.843049
98.083892 93.943049
98.073269 94.043049
98.062934 94.143049
98.052886 94.243049
98.043123 94.343049
98.033645 94.443049
98.024452 94.543049
98.015542 94.643049
98.006914 94.743049
97.998569 94.843049
97.990506 94.943049
97.982722 95.043049
97.975219 95.143049
97.967995 95.243049
97.961049 95.343049
97.954381 95.443049
97.947990 95.543049
97.941875 95.643049
97.936036 95.743049
97.930471 95.843049
97.925181 95.943049
97.920164 96.043049
97.915420 96.143049
97.910947 96.243049
97.906746 96.343049
97.902816 96.443049
97.899155 96.543049
97.895764 96.643049
97.892641 96.743049
97.889786 96.843049
97.887198 96.943049
97.884876 97.043049
97.882820 97.143049
97.881029 97.243049
97.879502 97.343049
97.878239 97.443049
97.877239 97.543049
97.876501 97.643049
97.876025 97.743049
97.875809 97.843049
97.875854 97.943049
97.876159 98.043049
97.876722 98.143049
97.877543 98.243049
97.878622 98.343049
97.879958 98.443049
97.881550 98.543049
97.883398 98.643049
97.885500 98.743049
97.887857 98.843049
97.890467 98.943049
97.893330 99.043049
97.896445 99.143049
97.899812 99.243049
97.903430 99.343049
97.907298 99.443049
97.911416 99.543049
97.915782 99.643049
97.920397 99.743049
97.925260 99.843049
97.930369 99.943049
97.935725 100.043049
97.941327 100.143049
97.947174 100.243049
97.953266 100.343049
97.959601 100.443049
97.966179 100.543049
97.973000 100.643049
97.980063 100.743049
97.987368 100.843049
97.994913 100.943049
98.002698 101.043049
98.010722 101.143049
98.018986 101.243049
98.027487 101.343049
98.036226 101.443049
98.045203 101.543049
98.054415 101.643049
98.063863 101.743049
98.073547 101.843049
98.083464 101.943049
98.093616 102.043049
98.104001 102.143049
98.114619 102.243049
98.125469 102.343049
98.136550 102.443049
98.147863 102.543049
98.159405 102.643049
98.171177 102.743049
98.183179 102.843049
98.195408 102.943049
98.207866 103.043049
98.220551 103.143049
98.233463 103.243049
98.246601 103.343049
98.259964 103.443049
98.273553 103.543049
98.287365 103.643049
98.301402 103.743049
98.315662 103.843049
98.330144 103.943049
98.344849 104.043049
98.359775 104.143049
98.374922 104.243049
98.390289 104.343049
98.405876 104.443049
98.421682 104.543049
98.437707 104.643049
98.453949 104.743049
98.470410 104.843049
98.487087 104.943049
98.503983 104.996253
98.520711 104.896253
98.537136 104.796253
98.553259 104.696253
98.569080 104.596253
98.584601 104.496253
98.599821 104.396253
98.614742 104.296253
98.629365 104.196253
98.643690 104.096253
98.657719 103.996253
98.671451 103.896253
98.684888 103.796253
98.698030 103.696253
98.710879 103.596253
98.723435 103.496253
98.735698 103.396253
98.747670 103.296253
98.759351 103.196253
98.770742 103.096253
98.781844 102.996253
98.792657 102.896253
98.803183 102.796253
98.813421 102.696253
98.823374 102.596253
98.833041 102.496253
98.842423 102.396253
98.851521 102.296253
98.860335 102.196253
98.868868 102.096253
98.877118 101.996253
98.885087 101.896253
98.892776 101.796253
98.900186 101.696253
98.907316 101.596253
98.914168 101.496253
98.920743 101.396253
98.927041 101.296253
98.933063 101.196253
98.938810 101.096253
98.944282 100.996253
98.949481 100.896253
98.954406 100.796253
98.959059 100.696253
98.963439 100.596253
98.967549 100.496253
98.971389 100.396253
98.974959 100.296253
98.978260 100.196253
98.981293 100.096253
98.984058 99.996253
98.986556 99.896253
98.988789 99.796253
98.990755 99.696253
98.992457 99.596253
98.993895 99.496253
98.995070 99.396253
98.995982 99.296253
98.996632 99.196253
98.997020 99.096253
98.997148 98.996253
98.997016 98.896253
98.996624 98.796253
98.995974 98.696253
98.995066 98.596253
98.993900 98.496253
98.992478 98.396253
98.990800 98.296253
98.988867 98.196253
98.986679 98.096253
98.984237 97.996253
98.981541 97.896253
98.978593 97.796253
98.975394 97.696253
98.971942 97.596253
98.968240 97.496253
98.964288 97.396253
98.960087 97.296253
98.955636 97.196253
98.950938 97.096253
98.945992 96.996253
98.940800 96.896253
98.935361 96.796253
98.929676 96.696253
98.923747 96.596253
98.917574 96.496253
98.911157 96.396253
98.904496 96.296253
98.897594 96.196253
98.890450 96.096253
98.883064 95.996253
98.875438 95.896253
98.867573 95.796253
98.859468 95.696253
98.851124 95.596253
98.842543 95.496253
98.833724 95.396253
98.824668 95.296253
98.815376 95.196253
98.805849 95.096253
98.796086 94.996253
98.786090 94.896253
98.775859 94.796253
98.765396 94.696253
98.754700 94.596253
98.743772 94.496253
98.732613 94.396253
98.721223 94.296253
98.709604 94.196253
98.697754 94.096253
98.685676 93.996253
98.673369 93.896253
98.660835 93.796253
98.648074 93.696253
98.635086 93.596253
98.621872 93.496253
98.608433 93.396253
98.594769 93.296253
98.580881 93.196253
98.566769 93.096253
98.552434 92.996253
98.537877 92.896253
98.523098 92.796253
98.508098 92.696253
98.492918 92.689391
98.477978 92.789391
98.463337 92.889391
98.448993 92.989391
98.434947 93.089391
98.421196 93.189391
98.407741 93.289391
98.394581 93.389391
98.381714 93.489391
98.369140 93.589391
98.356859 93.689391
