5.000000 -3.000000
4.930000 -3.049650
4.860000 -3.098600
4.790000 -3.146850
4.720000 -3.194400
4.650000 -3.241250
4.580000 -3.287400
4.510000 -3.332850
4.440000 -3.377600
4.370000 -3.421650
4.300000 -3.465000
4.230000 -3.507650
4.160000 -3.549600
4.090000 -3.590850
4.020000 -3.631400
3.950000 -3.671250
3.880000 -3.710400
3.810000 -3.748850
3.740000 -3.786600
3.670000 -3.823650
3.600000 -3.860000
3.530000 -3.895650
3.460000 -3.930600
3.390000 -3.964850
3.320000 -3.998400
3.250000 -4.031250
3.180000 -4.063400
3.110000 -4.094850
3.040000 -4.125600
2.970000 -4.155650
2.900000 -4.185000
2.830000 -4.213650
2.760000 -4.241600
2.690000 -4.268850
2.620000 -4.295400
2.550000 -4.321250
2.480000 -4.346400
2.410000 -4.370850
2.340000 -4.394600
2.270000 -4.417650
2.200000 -4.440000
2.130000 -4.461650
2.060000 -4.482600
1.990000 -4.502850
1.920000 -4.522400
1.850000 -4.541250
1.780000 -4.559400
1.710000 -4.576850
1.640000 -4.593600
1.570000 -4.609650
1.500000 -4.625000
1.430000 -4.639650
1.360000 -4.653600
1.290000 -4.666850
1.220000 -4.679400
1.150000 -4.691250
1.080000 -4.702400
1.010000 -4.712850
0.940000 -4.722600
0.870000 -4.731650
0.800000 -4.740000
0.730000 -4.747650
0.660000 -4.754600
0.590000 -4.760850
0.520000 -4.766400
0.450000 -4.771250
0.380000 -4.775400
0.310000 -4.778850
0.240000 -4.781600
0.170000 -4.783650
0.100000 -4.785000
0.030000 -4.785650
-0.040070 -4.785600
-0.110070 -4.784849
-0.180070 -4.783398
-0.250070 -4.781247
-0.320070 -4.778397
-0.390070 -4.774846
-0.460070 -4.770595
-0.530070 -4.765645
-0.600070 -4.759994
-0.670070 -4.753643
-0.740070 -4.746593
-0.810070 -4.738842
-0.880070 -4.730391
-0.950070 -4.721240
-1.020070 -4.711390
-1.090070 -4.700839
-1.160070 -4.689588
-1.230070 -4.677638
-1.300070 -4.664987
-1.370070 -4.651636
-1.440070 -4.637586
-1.510070 -4.622835
-1.580070 -4.607384
-1.650070 -4.591233
-1.720070 -4.574383
-1.790070 -4.556832
-1.860070 -4.538581
-1.930070 -4.519631
-2.000070 -4.499980
-2.070070 -4.479629
-2.140070 -4.458579
-2.210070 -4.436828
-2.280070 -4.414377
-2.350070 -4.391226
-2.420070 -4.367376
-2.490070 -4.342825
-2.560070 -4.317574
-2.630070 -4.291624
-2.700070 -4.264973
-2.770070 -4.237622
-2.840070 -4.209572
-2.910070 -4.180821
-2.980070 -4.151370
-3.050070 -4.121219
-3.120070 -4.090369
-3.190070 -4.058818
-3.260070 -4.026567
-3.330070 -3.993617
-3.400070 -3.959966
-3.470070 -3.925615
-3.540070 -3.890565
-3.610070 -3.854814
-3.680070 -3.818363
-3.750070 -3.781212
-3.820070 -3.743362
-3.890070 -3.704811
-3.960070 -3.665560
-4.030070 -3.625610
-4.100070 -3.584959
-4.170070 -3.543608
-4.240070 -3.501558
-4.310070 -3.458807
-4.380070 -3.415356
-4.450070 -3.371205
-4.520070 -3.326355
-4.590070 -3.280804
-4.660070 -3.234553
-4.730070 -3.187603
-4.800070 -3.139952
-4.870070 -3.091601
-4.940070 -3.042551
-5.010070 -2.992800
-5.080070 -2.942349
-5.150070 -2.891198
-5.220070 -2.839348
-5.290070 -2.786797
-5.360070 -2.733546
-5.430070 -2.679596
-5.500070 -2.624945
-5.570070 -2.569594
-5.640070 -2.513544
-5.710070 -2.456793
-5.780070 -2.399342
-5.850070 -2.341191
-5.920070 -2.282341
-5.990070 -2.222790
-6.060070 -2.162539
-6.130070 -2.101589
-6.200070 -2.039938
-6.270070 -1.977587
-6.340070 -1.914537
-6.410070 -1.850786
-6.480070 -1.786335
-6.550070 -1.721184
-6.620070 -1.655334
-6.690070 -1.588783
-6.760070 -1.521532
-6.830070 -1.453582
-6.900070 -1.384931
-6.970070 -1.315580
-7.040070 -1.245530
-7.110070 -1.174779
-7.180070 -1.103328
-7.250070 -1.031177
-7.320070 -0.958327
-7.390070 -0.884776
-7.460070 -0.810525
-7.530070 -0.735575
-7.600070 -0.659924
-7.670070 -0.583573
-7.740070 -0.506523
-7.810070 -0.428772
-7.880070 -0.350321
-7.950070 -0.271170
-8.020070 -0.191320
-8.090070 -0.110769
-8.160070 -0.029518
-7.976105 0.483794
-7.666086 1.217538
-7.375489 1.924272
-7.102217 2.605646
-6.844456 3.263136
-6.600630 3.898066
-6.369363 4.511626
-6.149449 5.104892
-5.939825 5.678836
-5.739551 6.234341
-5.547795 6.772210
-5.363816 7.293177
-5.186950 7.797910
-5.016605 8.287024
-4.852248 8.761079
-4.693399 9.220593
-4.539625 9.666043
-4.390532 10.097866
-4.245765 10.516468
-4.104999 10.922224
-3.967939 11.315479
-3.834313 11.696556
-3.703874 12.065751
-3.576396 12.423342
-3.451668 12.769585
-3.329498 13.104719
-3.209708 13.428966
-3.092133 13.742533
-2.976621 14.045612
-2.863029 14.338382
-2.751225 14.621011
-2.641087 14.893653
-2.532498 15.156453
-2.425352 15.409546
-2.319547 15.653057
-2.214988 15.887102
-2.111585 16.111789
-2.009255 16.327219
-1.907916 16.533485
-1.807494 16.730672
-1.707916 16.918859
-1.609113 17.098120
-1.511021 17.268521
-1.413576 17.430123
-1.316718 17.582982
-1.220389 17.727148
-1.124534 17.862666
-1.029099 17.989577
-0.934031 18.107915
-0.839279 18.217712
-0.744794 18.318993
-0.650526 18.411781
-0.556428 18.496093
-0.462453 18.571942
-0.368555 18.639337
-0.274686 18.698283
-0.180802 18.748780
-0.086856 18.790825
0.003918 18.814524
0.053918 18.714495
0.103918 18.614417
0.153918 18.514288
0.203918 18.414109
0.253918 18.313880
0.303918 18.213601
0.353918 18.113272
0.403918 18.012893
0.453918 17.912464
0.503918 17.811985
0.553918 17.711456
0.603918 17.610877
0.653918 17.510248
0.703918 17.409570
0.753918 17.308841
0.803918 17.208062
0.853918 17.107233
0.903918 17.006354
0.953918 16.905425
1.003918 16.804446
1.053918 16.703417
1.103918 16.602338
1.153918 16.501209
1.203918 16.400030
1.253918 16.298801
1.303918 16.197523
1.353918 16.096194
1.403918 15.994815
1.453918 15.893386
1.503918 15.791907
1.553918 15.690378
1.603918 15.588799
1.653918 15.487170
1.703918 15.385491
1.753918 15.283762
1.803918 15.181983
1.853918 15.080154
1.903918 14.978276
1.953918 14.876347
2.003918 14.774368
2.053918 14.672339
2.103918 14.570260
2.153918 14.468131
2.203918 14.365952
2.253918 14.263723
2.303918 14.161444
2.353918 14.059115
2.403918 13.956736
2.453918 13.854307
2.503918 13.751828
2.553918 13.649300
2.603918 13.546721
2.653918 13.444092
2.703918 13.341413
2.753918 13.238684
2.803918 13.135905
2.853918 13.033076
2.903918 12.930197
2.953918 12.827268
3.003918 12.724289
3.053918 12.621260
3.103918 12.518181
3.153918 12.415053
3.203918 12.311874
3.253918 12.208645
3.303918 12.105366
3.353918 12.002037
3.403918 11.898658
3.453918 11.795229
3.503918 11.691750
3.553918 11.588221
3.603918 11.484642
3.653918 11.381013
3.703918 11.277334
3.753918 11.173606
3.803918 11.069827
3.853918 10.965998
3.903918 10.862119
3.953918 10.758190
4.003918 10.654211
4.053918 10.550182
4.103918 10.446103
4.153918 10.341974
4.203918 10.237795
4.253918 10.133566
4.303918 10.029287
4.353918 9.924959
4.403918 9.820580
4.453918 9.716151
4.503918 9.611672
4.553918 9.507143
4.603918 9.402564
4.653918 9.297935
4.703918 9.193256
4.753918 9.088527
4.803918 8.983748
4.853918 8.878919
4.903918 8.774040
4.953918 8.669112
5.003918 8.564133
5.053918 8.459104
5.103918 8.354025
5.153918 8.248896
5.203918 8.143717
5.253918 8.038488
5.303918 7.933209
5.353918 7.827880
5.403918 7.722501
5.453918 7.617072
5.503918 7.511593
5.553918 7.406065
5.603918 7.300486
5.653918 7.194857
5.703918 7.089178
5.753918 6.983449
5.803918 6.877670
5.853918 6.771841
5.903918 6.665962
5.953918 6.560033
6.003918 6.454054
6.053918 6.348025
6.103918 6.241946
6.153918 6.135818
6.203918 6.029639
6.253918 5.923410
6.303918 5.817131
6.353918 5.710802
6.403918 5.604423
6.453918 5.497994
6.503918 5.391515
6.553918 5.284986
6.603918 5.178407
6.653918 5.071778
6.703918 4.965099
6.753918 4.858371
6.803918 4.751592
6.853918 4.644763
6.903918 4.537884
6.953918 4.430955
7.003918 4.323976
7.053918 4.216947
7.103918 4.109868
7.153918 4.002739
7.203918 3.895560
7.253918 3.788331
7.303918 3.681052
7.353918 3.573723
7.403918 3.466345
7.453918 3.358916
7.503918 3.251437
7.553918 3.143908
7.603918 3.036329
7.653918 2.928700
7.703918 2.821021
7.753918 2.713292
7.803918 2.605513
7.853918 2.497684
7.903918 2.389805
7.953918 2.281876
8.003918 2.173898
8.053918 2.065869
8.103918 1.957790
8.153918 1.849661
8.203918 1.741482
8.253918 1.633253
8.303918 1.524974
8.353918 1.416645
8.403918 1.308266
8.453918 1.199837
8.503918 1.091358
8.553918 0.982829
8.603918 0.874251
8.653918 0.765622
8.703918 0.656943
8.753918 0.548214
8.803918 0.439435
8.853918 0.330606
8.903918 0.221727
8.953918 0.112798
9.003918 0.003819
8.938172 -0.086685
8.868172 -0.175717
8.798172 -0.264048
8.728172 -0.351680
8.658172 -0.438612
8.588172 -0.524844
8.518172 -0.610375
8.448172 -0.695207
8.378172 -0.779339
8.308172 -0.862770
8.238172 -0.945502
8.168172 -1.027534
8.098172 -1.108866
8.028172 -1.189497
7.958172 -1.269429
7.888172 -1.348661
7.818172 -1.427192
7.748172 -1.505024
7.678172 -1.582156
7.608172 -1.658588
7.538172 -1.734319
7.468172 -1.809351
7.398172 -1.883683
7.328172 -1.957315
7.258172 -2.030246
7.188172 -2.102478
7.118172 -2.174010
7.048172 -2.244841
6.978172 -2.314973
6.908172 -2.384405
6.838172 -2.453137
6.768172 -2.521168
6.698172 -2.588500
6.628172 -2.655132
6.558172 -2.721063
6.488172 -2.786295
6.418172 -2.850827
6.348172 -2.914659
6.278172 -2.977790
6.208172 -3.040222
6.138172 -3.101954
6.068172 -3.162985
5.998172 -3.223317
5.928172 -3.282949
5.858172 -3.341881
5.788172 -3.400112
5.718172 -3.457644
5.648172 -3.514476
5.578172 -3.570608
5.508172 -3.626039
5.438172 -3.680771
5.368172 -3.734803
5.298172 -3.788134
5.228172 -3.840766
5.158172 -3.892698
5.088172 -3.943930
5.018172 -3.994461
4.948172 -4.044293
4.878172 -4.093425
4.808172 -4.141856
4.738172 -4.189588
4.668172 -4.236620
4.598172 -4.282952
4.528172 -4.328583
4.458172 -4.373515
4.388172 -4.417747
4.318172 -4.461278
4.248172 -4.504110
4.178172 -4.546242
4.108172 -4.587674
4.038172 -4.628405
3.968172 -4.668437
3.898172 -4.707769
