2.000000 -3.000000
1.930000 -3.019650
1.860000 -3.038600
1.790000 -3.056850
1.720000 -3.074400
1.650000 -3.091250
1.580000 -3.107400
1.510000 -3.122850
1.440000 -3.137600
1.370000 -3.151650
1.300000 -3.165000
1.230000 -3.177650
1.160000 -3.189600
1.090000 -3.200850
1.020000 -3.211400
0.950000 -3.221250
0.880000 -3.230400
0.810000 -3.238850
0.740000 -3.246600
0.670000 -3.253650
0.600000 -3.260000
0.530000 -3.265650
0.460000 -3.270600
0.390000 -3.274850
0.320000 -3.278400
0.250000 -3.281250
0.180000 -3.283400
0.110000 -3.284850
0.040000 -3.285600
-0.030070 -3.285650
-0.100070 -3.284999
-0.170070 -3.283648
-0.240070 -3.281598
-0.310070 -3.278847
-0.380070 -3.275396
-0.450070 -3.271245
-0.520070 -3.266395
-0.590070 -3.260844
-0.660070 -3.254593
-0.730070 -3.247643
-0.800070 -3.239992
-0.870070 -3.231641
-0.940070 -3.222591
-1.010070 -3.212840
-1.080070 -3.202389
-1.150070 -3.191238
-1.220070 -3.179388
-1.290070 -3.166837
-1.360070 -3.153586
-1.430070 -3.139636
-1.500070 -3.124985
-1.570070 -3.109634
-1.640070 -3.093584
-1.710070 -3.076833
-1.780070 -3.059382
-1.850070 -3.041231
-1.920070 -3.022381
-1.990070 -3.002830
-2.060070 -2.982579
-2.130070 -2.961629
-2.200070 -2.939978
-2.270070 -2.917627
-2.340070 -2.894577
-2.410070 -2.870826
-2.480070 -2.846375
-2.550070 -2.821224
-2.620070 -2.795374
-2.690070 -2.768823
-2.760070 -2.741572
-2.830070 -2.713622
-2.900070 -2.684971
-2.970070 -2.655620
-3.040070 -2.625570
-3.110070 -2.594819
-3.180070 -2.563368
-3.250070 -2.531217
-3.320070 -2.498367
-3.390070 -2.464816
-3.460070 -2.430565
-3.530070 -2.395615
-3.600070 -2.359964
-3.670070 -2.323613
-3.740070 -2.286563
-3.810070 -2.248812
-3.880070 -2.210361
-3.950070 -2.171210
-4.020070 -2.131360
-4.090070 -2.090809
-4.160070 -2.049558
-4.230070 -2.007608
-4.300070 -1.964957
-4.370070 -1.921606
-4.440070 -1.877556
-4.510070 -1.832805
-4.580070 -1.787354
-4.650070 -1.741203
-4.720070 -1.694353
-4.790070 -1.646802
-4.860070 -1.598551
-4.930070 -1.549601
-5.000070 -1.499950
-5.070070 -1.449599
-5.140070 -1.398549
-5.210070 -1.346798
-5.280070 -1.294347
-5.350070 -1.241196
-5.420070 -1.187346
-5.490070 -1.132795
-5.560070 -1.077544
-5.630070 -1.021594
-5.700070 -0.964943
-5.770070 -0.907592
-5.840070 -0.849542
-5.910070 -0.790791
-5.980070 -0.731340
-6.050070 -0.671189
-6.120070 -0.610339
-6.190070 -0.548788
-6.260070 -0.486537
-6.330070 -0.423587
-6.400070 -0.359936
-6.470070 -0.295585
-6.540070 -0.230535
-6.610070 -0.164784
-6.680070 -0.098333
-6.750070 -0.031182
-6.660164 0.342364
-6.442342 0.961893
-6.235160 1.562304
-6.037639 2.144511
-5.848912 2.709343
-5.668206 3.257556
-5.494834 3.789840
-5.328182 4.306828
-5.167697 4.809098
-5.012883 5.297183
-4.863293 5.771574
-4.718523 6.232721
-4.578205 6.681041
-4.442007 7.116921
-4.309625 7.540717
-4.180783 7.952760
-4.055227 8.353356
-3.932727 8.742792
-3.813068 9.121332
-3.696056 9.489224
-3.581510 9.846697
-3.469264 10.193965
-3.359163 10.531228
-3.251066 10.858674
-3.144840 11.176476
-3.040361 11.484798
-2.937517 11.783790
-2.836199 12.073596
-2.736308 12.354349
-2.637752 12.626172
-2.540441 12.889182
-2.444295 13.143486
-2.349236 13.389187
-2.255190 13.626379
-2.162091 13.855150
-2.069871 14.075582
-1.978471 14.287751
-1.887831 14.491730
-1.797897 14.687582
-1.708614 14.875370
-1.619933 15.055151
-1.531805 15.226975
-1.444184 15.390891
-1.357025 15.546942
-1.270285 15.695168
-1.183923 15.835605
-1.097899 15.968284
-1.012174 16.093235
-0.926709 16.210483
-0.841469 16.320050
-0.756416 16.421953
-0.671516 16.516209
-0.586733 16.602830
-0.502034 16.681824
-0.417383 16.753197
-0.332749 16.816953
-0.248096 16.873092
-0.163391 16.921609
-0.078601 16.962499
0.003796 16.986155
0.053796 16.886127
0.103796 16.786048
0.153796 16.685919
0.203796 16.585740
0.253796 16.485511
0.303796 16.385233
0.353796 16.284904
0.403796 16.184525
0.453796 16.084096
0.503796 15.983617
0.553796 15.883089
0.603796 15.782510
0.653796 15.681881
0.703796 15.581202
0.753796 15.480473
0.803796 15.379695
0.853796 15.278866
0.903796 15.177987
0.953796 15.077058
1.003796 14.976079
1.053796 14.875051
1.103796 14.773972
1.153796 14.672843
1.203796 14.571664
1.253796 14.470436
1.303796 14.369157
1.353796 14.267828
1.403796 14.166449
1.453796 14.065020
1.503796 13.963542
1.553796 13.862013
1.603796 13.760434
1.653796 13.658805
1.703796 13.557126
1.753796 13.455398
1.803796 13.353619
1.853796 13.251790
1.903796 13.149911
1.953796 13.047982
2.003796 12.946004
2.053796 12.843975
2.103796 12.741896
2.153796 12.639767
2.203796 12.537588
2.253796 12.435360
2.303796 12.333081
2.353796 12.230752
2.403796 12.128373
2.453796 12.025944
2.503796 11.923466
2.553796 11.820937
2.603796 11.718358
2.653796 11.615729
2.703796 11.513050
2.753796 11.410322
2.803796 11.307543
2.853796 11.204714
2.903796 11.101835
2.953796 10.998906
3.003796 10.895928
3.053796 10.792899
3.103796 10.689820
3.153796 10.586691
3.203796 10.483512
3.253796 10.380284
3.303796 10.277005
3.353796 10.173676
3.403796 10.070297
3.453796 9.966868
3.503796 9.863390
3.553796 9.759861
3.603796 9.656282
3.653796 9.552653
3.703796 9.448975
3.753796 9.345246
3.803796 9.241467
3.853796 9.137638
3.903796 9.033759
3.953796 8.929831
4.003796 8.825852
4.053796 8.721823
4.103796 8.617744
4.153796 8.513615
4.203796 8.409437
4.253796 8.305208
4.303796 8.200929
4.353796 8.096600
4.403796 7.992221
4.453796 7.887793
4.503796 7.783314
4.553796 7.678785
4.603796 7.574206
4.653796 7.469577
4.703796 7.364899
4.753796 7.260170
4.803796 7.155391
4.853796 7.050562
4.903796 6.945683
4.953796 6.840755
5.003796 6.735776
5.053796 6.630747
5.103796 6.525668
5.153796 6.420539
5.203796 6.315361
5.253796 6.210132
5.303796 6.104853
5.353796 5.999524
5.403796 5.894145
5.453796 5.788717
5.503796 5.683238
5.553796 5.577709
5.603796 5.472130
5.653796 5.366501
5.703796 5.260823
5.753796 5.155094
5.803796 5.049315
5.853796 4.943486
5.903796 4.837607
5.953796 4.731679
6.003796 4.625700
6.053796 4.519671
6.103796 4.413592
6.153796 4.307463
6.203796 4.201285
6.253796 4.095056
6.303796 3.988777
6.353796 3.882448
6.403796 3.776070
6.453796 3.669641
6.503796 3.563162
6.553796 3.456633
6.603796 3.350054
6.653796 3.243426
6.703796 3.136747
6.753796 3.030018
6.803796 2.923239
6.853796 2.816410
6.903796 2.709532
6.953796 2.602603
7.003796 2.495624
7.053796 2.388595
7.103796 2.281516
7.153796 2.174388
7.203796 2.067209
7.253796 1.959980
7.303796 1.852701
7.353796 1.745372
7.403796 1.637994
7.453796 1.530565
7.503796 1.423086
7.553796 1.315557
7.603796 1.207978
7.653796 1.100350
7.703796 0.992671
7.753796 0.884942
7.803796 0.777163
7.853796 0.669334
7.903796 0.561456
7.953796 0.453527
8.003796 0.345548
8.053796 0.237519
8.103796 0.129440
8.153796 0.021312
8.107491 -0.065434
8.037491 -0.146159
7.967491 -0.226184
7.897491 -0.305508
7.827491 -0.384133
7.757491 -0.462058
7.687491 -0.539283
7.617491 -0.615808
7.547491 -0.691633
7.477491 -0.766758
7.407491 -0.841183
7.337491 -0.914908
7.267491 -0.987933
7.197491 -1.060258
7.127491 -1.131882
7.057491 -1.202807
6.987491 -1.273032
6.917491 -1.342557
6.847491 -1.411382
6.777491 -1.479507
6.707491 -1.546932
6.637491 -1.613657
6.567491 -1.679682
6.497491 -1.745007
6.427491 -1.809632
6.357491 -1.873556
6.287491 -1.936781
6.217491 -1.999306
6.147491 -2.061131
6.077491 -2.122256
6.007491 -2.182681
5.937491 -2.242406
5.867491 -2.301431
5.797491 -2.359756
5.727491 -2.417381
5.657491 -2.474306
5.587491 -2.530530
5.517491 -2.586055
5.447491 -2.640880
5.377491 -2.695005
5.307491 -2.748430
5.237491 -2.801155
5.167491 -2.853180
5.097491 -2.904505
5.027491 -2.955130
4.957491 -3.005055
4.887491 -3.054280
4.817491 -3.102804
4.747491 -3.150629
4.677491 -3.197754
4.607491 -3.244179
4.537491 -3.289904
4.467491 -3.334929
4.397491 -3.379254
4.327491 -3.422879
4.257491 -3.465804
4.187491 -3.508029
4.117491 -3.549554
4.047491 -3.590378
3.977491 -3.630503
3.907491 -3.669928
3.837491 -3.708653
3.767491 -3.746678
3.697491 -3.784003
3.627491 -3.820628
3.557491 -3.856553
3.487491 -3.891778
3.417491 -3.926303
3.347491 -3.960128
3.277491 -3.993253
3.207491 -4.025677
3.137491 -4.057402
3.067491 -4.088427
2.997491 -4.118752
2.927491 -4.148377
2.857491 -4.177302
2.787491 -4.205527
2.717491 -4.233052
2.647491 -4.259877
2.577491 -4.286002
2.507491 -4.311427
2.437491 -4.336151
2.367491 -4.360176
2.297491 -4.383501
2.227491 -4.406126
2.157491 -4.428051
2.087491 -4.449276
2.017491 -4.469801
1.947491 -4.489626
1.877491 -4.508751
1.807491 -4.527176
1.737491 -4.544901
1.667491 -4.561925
1.597491 -4.578250
1.527491 -4.593875
1.457491 -4.608800
1.387491 -4.623025
1.317491 -4.636550
1.247491 -4.649375
1.177491 -4.661500
1.107491 -4.672925
1.037491 -4.683650
0.967491 -4.693675
0.897491 -4.702999
0.827491 -4.711624
0.757491 -4.719549
0.687491 -4.726774
0.617491 -4.733299
0.547491 -4.739124
0.477491 -4.744249
0.407491 -4.748674
0.337491 -4.752399
0.267491 -4.755424
0.197491 -4.757749
0.127491 -4.759373
0.057491 -4.760298
-0.012579 -4.760523
-0.082579 -4.760047
-0.152579 -4.758872
-0.222579 -4.756996
-0.292579 -4.754420
-0.362579 -4.751144
-0.432579 -4.747168
-0.502579 -4.742493
-0.572579 -4.737117
-0.642579 -4.731041
-0.712579 -4.724265
-0.782579 -4.716789
-0.852579 -4.708614
-0.922579 -4.699738
-0.992579 -4.690162
-1.062579 -4.679886
-1.132579 -4.668911
-1.202579 -4.657235
-1.272579 -4.644859
-1.342579 -4.631783
-1.412579 -4.618007
-1.482579 -4.603532
-1.552579 -4.588356
-1.622579 -4.572480
-1.692579 -4.555904
-1.762579 -4.538628
-1.832579 -4.520653
-1.902579 -4.501977
-1.972579 -4.482601
-2.042579 -4.462525
-2.112579 -4.441749
-2.182579 -4.420274
-2.252579 -4.398098
-2.322579 -4.375222
-2.392579 -4.351646
-2.462579 -4.327371
