99.500000 80.000000
99.449236 79.900000
99.398344 79.800000
99.347325 79.700000
99.296178 79.600000
99.244905 79.500000
99.193505 79.400000
99.141979 79.300000
99.090327 79.200000
99.038549 79.100000
98.986646 79.000000
98.934619 78.900000
98.882466 78.800000
98.830190 78.700000
98.777789 78.600000
98.725265 78.500000
98.672618 78.400000
98.619848 78.300000
98.566955 78.200000
98.513940 78.100000
98.460891 78.147388
98.408274 78.247388
98.356054 78.347388
98.304229 78.447388
98.252798 78.547388
98.201760 78.647388
98.151115 78.747388
98.100861 78.847388
98.050996 78.947388
98.001521 79.047388
97.952435 79.147388
97.903735 79.247388
97.855421 79.347388
97.807493 79.447388
97.759948 79.547388
97.712787 79.647388
97.666008 79.747388
97.619610 79.847388
97.573592 79.947388
97.527953 80.047388
97.482693 80.147388
97.437809 80.247388
97.393302 80.347388
97.349170 80.447388
97.305413 80.547388
97.262028 80.647388
97.219016 80.747388
97.176376 80.847388
97.134105 80.947388
97.092204 81.047388
97.050672 81.147388
97.009507 81.247388
96.968709 81.347388
96.928276 81.447388
96.888208 81.547388
96.848503 81.647388
96.809161 81.747388
96.770182 81.847388
96.731563 81.947388
96.693304 82.047388
96.655404 82.147388
96.617862 82.247388
96.580677 82.347388
96.543848 82.447388
96.507375 82.547388
96.471256 82.647388
96.435490 82.747388
96.400078 82.847388
96.365016 82.947388
96.330306 83.047388
96.295945 83.147388
96.261933 83.247388
96.228269 83.347388
96.194952 83.447388
96.161981 83.547388
96.129356 83.647388
96.097075 83.747388
96.065137 83.847388
96.033542 83.947388
96.002289 84.047388
95.971376 84.147388
95.940804 84.247388
95.910570 84.347388
95.880675 84.447388
95.851117 84.547388
95.821895 84.647388
95.793009 84.747388
95.764458 84.847388
95.736240 84.947388
95.708355 85.047388
95.680803 85.147388
95.653581 85.247388
95.626690 85.347388
95.600129 85.447388
95.573896 85.547388
95.547991 85.647388
95.522412 85.747388
95.497160 85.847388
95.472233 85.947388
95.447631 86.047388
95.423352 86.147388
95.399395 86.247388
95.375761 86.347388
95.352448 86.447388
95.329454 86.547388
95.306781 86.647388
95.284425 86.747388
95.262388 86.847388
95.240667 86.947388
95.219262 87.047388
95.198173 87.147388
95.177398 87.247388
95.156937 87.347388
95.136788 87.447388
95.116951 87.547388
95.097426 87.647388
95.078211 87.747388
95.059306 87.847388
95.040709 87.947388
95.022420 88.047388
95.004438 88.147388
94.986763 88.247388
94.969393 88.347388
94.952328 88.447388
94.935567 88.547388
94.919110 88.647388
94.902954 88.747388
94.887100 88.847388
94.871547 88.947388
94.856294 89.047388
94.841341 89.147388
94.826686 89.247388
94.812328 89.347388
94.798268 89.447388
94.784503 89.547388
94.771034 89.647388
94.757860 89.747388
94.744980 89.847388
94.732392 89.947388
94.720097 90.047388
94.708094 90.147388
94.696382 90.247388
94.684959 90.347388
94.673826 90.447388
94.662981 90.547388
94.652425 90.647388
94.642155 90.747388
94.632172 90.847388
94.622474 90.947388
94.613061 91.047388
94.603932 91.147388
94.595087 91.247388
94.586524 91.347388
94.578243 91.447388
94.570243 91.547388
94.562524 91.647388
94.555084 91.747388
94.547923 91.847388
94.541041 91.947388
94.534436 92.047388
94.528108 92.147388
94.522056 92.247388
94.516280 92.347388
94.510778 92.447388
94.505550 92.547388
94.500595 92.647388
94.495913 92.747388
94.491503 92.847388
94.487363 92.947388
94.483494 93.047388
94.479895 93.147388
94.476565 93.247388
94.473503 93.347388
94.470709 93.447388
94.468182 93.547388
94.465921 93.647388
94.463925 93.747388
94.462195 93.847388
94.460728 93.947388
94.459525 94.047388
94.458585 94.147388
94.457907 94.247388
94.457490 94.347388
94.457334 94.447388
94.457438 94.547388
94.457801 94.647388
94.458423 94.747388
94.459304 94.847388
94.460441 94.947388
94.461836 95.047388
94.463486 95.147388
94.465392 95.247388
94.467552 95.347388
94.469967 95.447388
94.472634 95.547388
94.475555 95.647388
94.478728 95.747388
94.482152 95.847388
94.485827 95.947388
94.489752 96.047388
94.493926 96.147388
94.498350 96.247388
94.503021 96.347388
94.507940 96.447388
94.513106 96.547388
94.518518 96.647388
94.524176 96.747388
94.530079 96.847388
94.536226 96.947388
94.542616 97.047388
94.549250 97.147388
94.556127 97.247388
94.563245 97.347388
94.570604 97.447388
94.578204 97.547388
94.586043 97.647388
94.594123 97.747388
94.602440 97.847388
94.610996 97.947388
94.619789 98.047388
94.628819 98.147388
94.638086 98.247388
94.647588 98.347388
94.657324 98.447388
94.667296 98.547388
94.677501 98.647388
94.687939 98.747388
94.698610 98.847388
94.709512 98.947388
94.720646 99.047388
94.732011 99.147388
94.743606 99.247388
94.755431 99.347388
94.767484 99.447388
94.779766 99.547388
94.792276 99.647388
94.805012 99.747388
94.817976 99.847388
94.831165 99.947388
94.844580 100.047388
94.858219 100.147388
94.872083 100.247388
94.886171 100.347388
94.900481 100.447388
94.915015 100.547388
94.929770 100.647388
94.944746 100.747388
94.959943 100.847388
94.975361 100.947388
94.990998 101.047388
95.006854 101.147388
95.022928 101.247388
95.039221 101.347388
95.055730 101.447388
95.072457 101.547388
95.089400 101.647388
95.106558 101.747388
95.123932 101.847388
95.141520 101.947388
95.159322 102.047388
95.177338 102.147388
95.195566 102.247388
95.214007 102.347388
95.232660 102.447388
95.251524 102.547388
95.270598 102.647388
95.289883 102.747388
95.309377 102.847388
95.329080 102.947388
95.348992 103.047388
95.369112 103.147388
95.389439 103.247388
95.409973 103.347388
95.430713 103.447388
95.451659 103.547388
95.472811 103.647388
95.494167 103.747388
95.515727 103.847388
95.537491 103.947388
95.559459 104.047388
95.581629 104.147388
95.604000 104.247388
95.626574 104.347388
95.649349 104.447388
95.672324 104.547388
95.695499 104.647388
95.718873 104.747388
95.742447 104.847388
95.766219 104.947388
95.790189 105.047388
95.814356 105.147388
95.838720 105.247388
95.863281 105.347388
95.888037 105.447388
95.912989 105.547388
95.938136 105.647388
95.963477 105.747388
95.989012 105.847388
96.014741 105.947388
96.040662 106.047388
96.066776 106.147388
96.093081 106.247388
96.119578 106.347388
96.146265 106.447388
96.173143 106.547388
96.200211 106.647388
96.227469 106.747388
96.254915 106.847388
96.282549 106.947388
96.310372 107.047388
96.338382 107.147388
96.366578 107.247388
96.394962 107.347388
96.423531 107.447388
96.452286 107.547388
96.481225 107.647388
96.510349 107.747388
96.539658 107.847388
96.569150 107.947388
96.598824 108.047388
96.628682 108.147388
96.658722 108.247388
96.688943 108.347388
96.719345 108.447388
96.749928 108.547388
96.780692 108.647388
96.811635 108.747388
96.842758 108.847388
96.874059 108.947388
96.905539 109.047388
96.937197 109.147388
96.969032 109.247388
97.001044 109.347388
97.033233 109.447388
97.065597 109.547388
97.098138 109.647388
97.130853 109.747388
97.163743 109.847388
97.196808 109.947388
97.230046 110.047388
97.263458 110.147388
97.297043 110.247388
97.330800 110.347388
97.364729 110.447388
97.398829 110.547388
97.433101 110.647388
97.467544 110.747388
97.502156 110.847388
97.536939 110.947388
97.571890 111.047388
97.607011 111.147388
97.642300 111.247388
97.677757 111.347388
97.713382 111.447388
97.749174 111.547388
97.785133 111.647388
97.821258 111.747388
97.857548 111.847388
97.894005 111.947388
97.930626 112.047388
97.967412 112.147388
98.004362 112.247388
98.041475 112.347388
98.078752 112.447388
98.116192 112.547388
98.153794 112.647388
98.191559 112.747388
98.229484 112.847388
98.267572 112.947388
98.305819 113.047388
98.344228 113.147388
98.382796 113.247388
98.421523 113.347388
98.460410 113.447388
98.499455 113.547388
98.538446 113.450272
98.577036 113.350272
98.615267 113.250272
98.653139 113.150272
98.690652 113.050272
98.727809 112.950272
98.764609 112.850272
98.801055 112.750272
98.837146 112.650272
98.872883 112.550272
98.908268 112.450272
98.943302 112.350272
98.977985 112.250272
99.012318 112.150272
99.046303 112.050272
99.079939 111.950272
99.113229 111.850272
99.146172 111.750272
99.178770 111.650272
99.211024 111.550272
99.242935 111.450272
99.274503 111.350272
99.305729 111.250272
99.336615 111.150272
99.367160 111.050272
99.397367 110.950272
99.427236 110.850272
99.456767 110.750272
99.485962 110.650272
99.514822 110.550272
99.543347 110.450272
99.571538 110.350272
99.599397 110.250272
99.626923 110.150272
99.654118 110.050272
99.680983 109.950272
99.707519 109.850272
99.733726 109.750272
99.759605 109.650272
99.785158 109.550272
99.810384 109.450272
99.835285 109.350272
99.859862 109.250272
99.884116 109.150272
99.908047 109.050272
99.931656 108.950272
99.954944 108.850272
99.977912 108.750272
100.000560 108.650272
100.022890 108.550272
100.044903 108.450272
100.066599 108.350272
100.087978 108.250272
100.109043 108.150272
100.129793 108.050272
100.150229 107.950272
100.170353 107.850272
100.190165 107.750272
100.209666 107.650272
100.228857 107.550272
100.247738 107.450272
100.266310 107.350272
100.284575 107.250272
100.302532 107.150272
100.320183 107.050272
100.337529 106.950272
100.354570 106.850272
100.371307 106.750272
100.387741 106.650272
100.403872 106.550272
100.419702 106.450272
100.435231 106.350272
100.450461 106.250272
100.465391 106.150272
100.480022 106.050272
100.494356 105.950272
100.508393 105.850272
100.522134 105.750272
100.535580 105.650272
100.548731 105.550272
100.561588 105.450272
100.574152 105.350272
100.586424 105.250272
100.598405 105.150272
100.610094 105.050272
100.621494 104.950272
100.632604 104.850272
100.643426 104.750272
100.653960 104.650272
100.664207 104.550272
100.674168 104.450272
100.683843 104.350272
100.693233 104.250272
100.702340 104.150272
100.711163 104.050272
100.719703 103.950272
100.727962 103.850272
100.735940 103.750272
100.743637 103.650272
100.751054 103.550272
100.758193 103.450272
100.765053 103.350272
100.771636 103.250272
100.777943 103.150272
100.783973 103.050272
100.789728 102.950272
100.795208 102.850272
100.800414 102.750272
100.805347 102.650272
100.810008 102.550272
100.814397 102.450272
100.818515 102.350272
100.822362 102.250272
100.825940 102.150272
100.829249 102.050272
100.832290 101.950272
100.835063 101.850272
100.837569 101.750272
100.839809 101.650272
100.841784 101.550272
100.843493 101.450272
100.844939 101.350272
100.846121 101.250272
100.847041 101.150272
100.847698 101.050272
100.848095 100.950272
