-1.000000 1.000000
-0.989751 1.119543
-0.979011 1.238141
-0.967788 1.355750
-0.956090 1.472328
-0.943927 1.587832
-0.931305 1.702221
-0.918234 1.815454
-0.904722 1.927490
-0.890777 2.038291
-0.876407 2.147817
-0.861620 2.256031
-0.846425 2.362896
-0.830829 2.468376
-0.814841 2.572434
-0.798468 2.675036
-0.781718 2.776147
-0.764598 2.875734
-0.747117 2.973764
-0.729281 3.070204
-0.711099 3.165024
-0.692577 3.258192
-0.673723 3.349678
-0.654544 3.439452
-0.635046 3.527486
-0.615238 3.613751
-0.595126 3.698220
-0.574716 3.780865
-0.554016 3.861660
-0.533033 3.940580
-0.511772 4.017598
-0.490240 4.092690
-0.468443 4.165833
-0.446389 4.237002
-0.424083 4.306175
-0.401531 4.373330
-0.378739 4.438444
-0.355714 4.501496
-0.332461 4.562466
-0.308986 4.621332
-0.285295 4.678077
-0.261393 4.732679
-0.237287 4.785121
-0.212981 4.835385
-0.188481 4.883452
-0.163793 4.929306
-0.138921 4.972929
-0.113872 5.014306
-0.088650 5.053421
-0.063261 5.090258
-0.037710 5.124803
-0.012001 5.157041
0.026788 5.117734
0.076788 5.017682
0.126788 4.917580
0.176788 4.817428
0.226788 4.717227
0.276788 4.616975
0.326788 4.516673
0.376788 4.416321
0.426788 4.315919
0.476788 4.215468
0.526788 4.114966
0.576788 4.014414
0.626788 3.913812
0.676788 3.813161
0.726788 3.712459
0.776788 3.611707
0.826788 3.510905
0.876788 3.410053
0.926788 3.309152
0.976788 3.208200
1.026788 3.107198
1.076788 3.006146
1.126788 2.905044
1.176788 2.803893
1.226788 2.702691
1.276788 2.601439
1.326788 2.500137
1.376788 2.398786
1.426788 2.297384
1.476788 2.195932
1.526788 2.094430
1.576788 1.992878
1.626788 1.891277
1.676788 1.789625
1.726788 1.687923
1.776788 1.586171
1.826788 1.484369
1.876788 1.382518
1.926788 1.280616
1.976788 1.178664
2.026788 1.076662
2.076788 0.974610
2.126788 0.872509
2.176788 0.770357
2.226788 0.668155
2.276788 0.565903
2.326788 0.463602
2.376788 0.361250
2.426788 0.258848
2.476788 0.156396
2.526788 0.053894
2.519909 -0.012136
2.449909 -0.036985
2.379909 -0.061134
2.309909 -0.084583
2.239909 -0.107332
2.169909 -0.129381
2.099909 -0.150730
2.029909 -0.171380
1.959909 -0.191329
1.889909 -0.210578
1.819909 -0.229127
1.749909 -0.246976
1.679909 -0.264125
1.609909 -0.280574
1.539909 -0.296323
1.469909 -0.311372
1.399909 -0.325721
1.329909 -0.339370
1.259909 -0.352320
1.189909 -0.364569
1.119909 -0.376118
1.049909 -0.386967
0.979909 -0.397116
0.909909 -0.406565
0.839909 -0.415314
0.769909 -0.423363
0.699909 -0.430712
0.629909 -0.437361
0.559909 -0.443310
0.489909 -0.448560
0.419909 -0.453109
0.349909 -0.456958
0.279909 -0.460107
0.209909 -0.462556
0.139909 -0.464305
0.069909 -0.465354
-0.000161 -0.465703
-0.070161 -0.465352
-0.140161 -0.464300
-0.210161 -0.462548
-0.280161 -0.460097
-0.350161 -0.456945
-0.420161 -0.453094
-0.490161 -0.448542
-0.560161 -0.443290
-0.630161 -0.437339
-0.700161 -0.430687
-0.770161 -0.423336
-0.840161 -0.415284
-0.910161 -0.406532
-0.980161 -0.397081
-1.050161 -0.386929
-1.120161 -0.376078
-1.190161 -0.364526
-1.260161 -0.352274
-1.330161 -0.339323
-1.400161 -0.325671
-1.470161 -0.311319
-1.540161 -0.296268
-1.610161 -0.280516
-1.680161 -0.264065
-1.750161 -0.246913
-1.820161 -0.229061
-1.890161 -0.210510
-1.960161 -0.191258
-2.030161 -0.171307
-2.100161 -0.150655
-2.170161 -0.129303
-2.240161 -0.107252
-2.310161 -0.084500
-2.380161 -0.061049
-2.450161 -0.036897
-2.520161 -0.012045
-2.536284 0.136066
-2.503213 0.392847
-2.469699 0.646631
-2.435757 0.897380
-2.401401 1.145055
-2.366644 1.389620
-2.331499 1.631039
-2.295979 1.869278
-2.260095 2.104304
-2.223859 2.336085
-2.187282 2.564589
-2.150375 2.789786
-2.113147 3.011647
-2.075607 3.230143
-2.037767 3.445247
-1.999633 3.656932
-1.961215 3.865172
-1.922520 4.069942
-1.883557 4.271218
-1.844333 4.468975
-1.804854 4.663190
-1.765128 4.853841
-1.725161 5.040906
-1.684959 5.224363
-1.644528 5.404192
-1.603874 5.580371
-1.563002 5.752882
-1.521917 5.921705
-1.480624 6.086821
-1.439128 6.248212
-1.397433 6.405858
-1.355543 6.559744
-1.313462 6.709850
-1.271194 6.856161
-1.228742 6.998660
-1.186110 7.137329
-1.143301 7.272154
-1.100318 7.403118
-1.057164 7.530206
-1.013841 7.653403
-0.970352 7.772693
-0.926699 7.888061
-0.882884 7.999494
-0.838910 8.106976
-0.794777 8.210493
-0.750489 8.310031
-0.706045 8.405576
-0.661448 8.497114
-0.616699 8.584632
-0.571799 8.668116
-0.526749 8.747551
-0.481549 8.822926
-0.436201 8.894226
-0.390704 8.961438
-0.345060 9.024548
-0.299268 9.083544
-0.253329 9.138412
-0.207242 9.189139
-0.161008 9.235711
-0.114626 9.278116
-0.068095 9.316339
-0.021416 9.350369
0.027161 9.310336
0.077161 9.210284
0.127161 9.110182
0.177161 9.010029
0.227161 8.909827
0.277161 8.809575
0.327161 8.709273
0.377161 8.608921
0.427161 8.508519
0.477161 8.408066
0.527161 8.307564
0.577161 8.207012
0.627161 8.106410
0.677161 8.005758
0.727161 7.905056
0.777161 7.804303
0.827161 7.703501
0.877161 7.602649
0.927161 7.501747
0.977161 7.400795
1.027161 7.299793
1.077161 7.198741
1.127161 7.097638
1.177161 6.996486
1.227161 6.895284
1.277161 6.794032
1.327161 6.692730
1.377161 6.591378
1.427161 6.489975
1.477161 6.388523
1.527161 6.287021
1.577161 6.185469
1.627161 6.083867
1.677161 5.982215
1.727161 5.880512
1.777161 5.778760
1.827161 5.676958
1.877161 5.575106
1.927161 5.473204
1.977161 5.371252
2.027161 5.269249
2.077161 5.167197
2.127161 5.065095
2.177161 4.962943
2.227161 4.860741
2.277161 4.758489
2.327161 4.656186
2.377161 4.553834
2.427161 4.451432
2.477161 4.348980
2.527161 4.246478
2.577161 4.143926
2.627161 4.041324
2.677161 3.938671
2.727161 3.835969
2.777161 3.733217
2.827161 3.630415
2.877161 3.527563
2.927161 3.424661
2.977161 3.321708
3.027161 3.218706
3.077161 3.115654
3.127161 3.012552
3.177161 2.909400
3.227161 2.806198
3.277161 2.702945
3.327161 2.599643
3.377161 2.496291
3.427161 2.392889
3.477161 2.289437
3.527161 2.185935
3.577161 2.082382
3.627161 1.978780
3.677161 1.875128
3.727161 1.771426
3.777161 1.667674
3.827161 1.563872
3.877161 1.460019
3.927161 1.356117
3.977161 1.252165
4.027161 1.148163
4.077161 1.044111
4.127161 0.940009
4.177161 0.835857
4.227161 0.731654
4.277161 0.627402
4.327161 0.523100
4.377161 0.418748
4.427161 0.314346
4.477161 0.209894
4.527161 0.105391
4.577161 0.000839
4.508174 -0.045169
4.438174 -0.089901
4.368174 -0.133932
4.298174 -0.177264
4.228174 -0.219896
4.158174 -0.261828
4.088174 -0.303059
4.018174 -0.343591
3.948174 -0.383423
3.878174 -0.422555
3.808174 -0.460986
3.738174 -0.498718
3.668174 -0.535750
3.598174 -0.572082
3.528174 -0.607713
3.458174 -0.642645
3.388174 -0.676877
3.318174 -0.710408
3.248174 -0.743240
3.178174 -0.775372
3.108174 -0.806804
3.038174 -0.837535
2.968174 -0.867567
2.898174 -0.896899
2.828174 -0.925531
2.758174 -0.953462
2.688174 -0.980694
2.618174 -1.007226
2.548174 -1.033058
2.478174 -1.058189
2.408174 -1.082621
2.338174 -1.106353
2.268174 -1.129385
2.198174 -1.151716
2.128174 -1.173348
2.058174 -1.194280
1.988174 -1.214512
1.918174 -1.234043
1.848174 -1.252875
1.778174 -1.271007
1.708174 -1.288438
1.638174 -1.305170
1.568174 -1.321202
1.498174 -1.336534
1.428174 -1.351165
1.358174 -1.365097
1.288174 -1.378329
1.218174 -1.390861
1.148174 -1.402692
1.078174 -1.413824
1.008174 -1.424256
0.938174 -1.433988
0.868174 -1.443019
0.798174 -1.451351
0.728174 -1.458983
0.658174 -1.465915
0.588174 -1.472146
0.518174 -1.477678
0.448174 -1.482510
0.378174 -1.486642
0.308174 -1.490073
0.238174 -1.492805
0.168174 -1.494837
0.098174 -1.496168
0.028174 -1.496800
-0.041896 -1.496732
-0.111896 -1.495963
-0.181896 -1.494494
-0.251896 -1.492325
-0.321896 -1.489456
-0.391896 -1.485887
-0.461896 -1.481618
-0.531896 -1.476649
-0.601896 -1.470980
-0.671896 -1.464611
-0.741896 -1.457542
-0.811896 -1.449773
-0.881896 -1.441304
-0.951896 -1.432135
-1.021896 -1.422266
-1.091896 -1.411697
-1.161896 -1.400428
-1.231896 -1.388459
-1.301896 -1.375790
-1.371896 -1.362421
-1.441896 -1.348352
-1.511896 -1.333583
-1.581896 -1.318114
-1.651896 -1.301945
-1.721896 -1.285076
-1.791896 -1.267508
-1.861896 -1.249239
-1.931896 -1.230270
-2.001896 -1.210601
-2.071896 -1.190232
-2.141896 -1.169163
-2.211896 -1.147394
-2.281896 -1.124925
-2.351896 -1.101756
-2.421896 -1.077887
-2.491896 -1.053318
-2.561896 -1.028049
-2.631896 -1.002080
-2.701896 -0.975411
-2.771896 -0.948042
-2.841896 -0.919973
-2.911896 -0.891204
-2.981896 -0.861735
-3.051896 -0.831566
-3.121896 -0.800697
-3.191896 -0.769128
-3.261896 -0.736859
-3.331896 -0.703890
-3.401896 -0.670221
-3.471896 -0.635852
-3.541896 -0.600783
-3.611896 -0.565015
-3.681896 -0.528546
-3.751896 -0.491377
-3.821896 -0.453508
-3.891896 -0.414939
-3.961896 -0.375670
-4.031896 -0.335701
-4.101896 -0.295032
-4.171896 -0.253663
-4.241896 -0.211594
-4.311896 -0.168825
-4.381896 -0.125356
-4.451896 -0.081187
-4.521896 -0.036318
-4.556752 0.089039
-4.453733 0.524492
-4.353095 0.950782
-4.254681 1.368116
-4.158344 1.776687
-4.063952 2.176676
-3.971381 2.568253
-3.880514 2.951576
-3.791247 3.326794
-3.703479 3.694045
-3.617119 4.053462
-3.532081 4.405166
-3.448286 4.749274
-3.365658 5.085893
-3.284128 5.415125
-3.203631 5.737067
-3.124105 6.051808
-3.045494 6.359433
-2.967743 6.660023
-2.890802 6.953651
-2.814624 7.240390
-2.739163 7.520305
-2.664377 7.793460
-2.590226 8.059912
-2.516673 8.319718
-2.443681 8.572930
-2.371217 8.819597
-2.299248 9.059764
-2.227744 9.293475
-2.156675 9.520771
-2.086014 9.741689
-2.015735 9.956265
-1.945812 10.164532
-1.876220 10.366521
-1.806937 10.562261
-1.737940 10.751778
-1.669208 10.935098
-1.600720 11.112243
-1.532456 11.283234
-1.464397 11.448091
-1.396524 11.606831
-1.328820 11.759470
-1.261266 11.906023
-1.193846 12.046502
-1.126543 12.180919
-1.059340 12.309283
-0.992223 12.431603
-0.925174 12.547885
-0.858179 12.658136
-0.791223 12.762359
-0.724290 12.860557
-0.657367 12.952731
-0.590437 13.038882
-0.523487 13.119009
-0.456502 13.193109
-0.389467 13.261178
-0.322368 13.323211
-0.255191 13.379202
-0.187920 13.429143
-0.120541 13.473024
-0.053039 13.510836
0.010851 13.514701
0.060851 13.414665
0.110851 13.314579
0.160851 13.214443
0.210851 13.114257
0.260851 13.014021
0.310851 12.913736
0.360851 12.813400
0.410851 12.713014
0.460851 12.612578
0.510851 12.512092
0.560851 12.411556
0.610851 12.310970
0.660851 12.210335
0.710851 12.109649
0.760851 12.008913
0.810851 11.908127
0.860851 11.807291
0.910851 11.706405
0.960851 11.605470
1.010851 11.504484
1.060851 11.403448
1.110851 11.302362
1.160851 11.201226
1.210851 11.100040
1.260851 10.998804
1.310851 10.897519
1.360851 10.796183
1.410851 10.694797
1.460851 10.593361
1.510851 10.491875
1.560851 10.390339
1.610851 10.288753
1.660851 10.187118
1.710851 10.085432
1.760851 9.983696
1.810851 9.881910
1.860851 9.780074
1.910851 9.678188
1.960851 9.576253
2.010851 9.474267
2.060851 9.372231
2.110851 9.270145
2.160851 9.168009
2.210851 9.065823
2.260851 8.963587
2.310851 8.861302
2.360851 8.758966
2.410851 8.656580
2.460851 8.554144
2.510851 8.451658
2.560851 8.349122
2.610851 8.246536
2.660851 8.143901
2.710851 8.041215
2.760851 7.938479
2.810851 7.835693
2.860851 7.732857
2.910851 7.629971
2.960851 7.527035
3.010851 7.424050
3.060851 7.321014
3.110851 7.217928
3.160851 7.114792
3.210851 7.011606
3.260851 6.908370
3.310851 6.805085
3.360851 6.701749
3.410851 6.598363
3.460851 6.494927
3.510851 6.391441
3.560851 6.287905
3.610851 6.184319
3.660851 6.080684
3.710851 5.976998
3.760851 5.873262
3.810851 5.769476
3.860851 5.665640
3.910851 5.561754
3.960851 5.457818
4.010851 5.353833
4.060851 5.249797
4.110851 5.145711
4.160851 5.041575
4.210851 4.937389
4.260851 4.833153
4.310851 4.728867
4.360851 4.624532
4.410851 4.520146
4.460851 4.415710
4.510851 4.311224
4.560851 4.206688
4.610851 4.102102
4.660851 3.997467
4.710851 3.892781
4.760851 3.788045
4.810851 3.683259
4.860851 3.578423
4.910851 3.473537
4.960851 3.368601
5.010851 3.263616
5.060851 3.158580
5.110851 3.053494
5.160851 2.948358
5.210851 2.843172
5.260851 2.737936
5.310851 2.632650
5.360851 2.527315
5.410851 2.421929
5.460851 2.316493
5.510851 2.211007
5.560851 2.105471
5.610851 1.999885
5.660851 1.894250
5.710851 1.788564
5.760851 1.682828
5.810851 1.577042
5.860851 1.471206
5.910851 1.365320
5.960851 1.259384
6.010851 1.153399
6.060851 1.047363
6.110851 0.941277
6.160851 0.835141
6.210851 0.728955
6.260851 0.622719
6.310851 0.516433
6.360851 0.410098
6.410851 0.303712
6.460851 0.197276
6.510851 0.090790
6.543169 -0.009783
6.473169 -0.074865
6.403169 -0.139246
6.333169 -0.202928
6.263169 -0.265910
6.193169 -0.328191
6.123169 -0.389773
6.053169 -0.450655
5.983169 -0.510836
5.913169 -0.570318
5.843169 -0.629100
5.773169 -0.687182
5.703169 -0.744563
5.633169 -0.801245
5.563169 -0.857227
5.493169 -0.912508
5.423169 -0.967090
5.353169 -1.020972
5.283169 -1.074153
5.213169 -1.126635
5.143169 -1.178417
5.073169 -1.229498
5.003169 -1.279880
4.933169 -1.329562
4.863169 -1.378543
4.793169 -1.426825
4.723169 -1.474407
4.653169 -1.521289
4.583169 -1.567470
4.513169 -1.612952
4.443169 -1.657734
4.373169 -1.701815
4.303169 -1.745197
4.233169 -1.787879
4.163169 -1.829860
4.093169 -1.871142
4.023169 -1.911724
3.953169 -1.951605
3.883169 -1.990787
3.813169 -2.029269
3.743169 -2.067051
3.673169 -2.104132
3.603169 -2.140514
3.533169 -2.176196
3.463169 -2.211177
3.393169 -2.245459
3.323169 -2.279041
3.253169 -2.311922
3.183169 -2.344104
3.113169 -2.375586
3.043169 -2.406367
2.973169 -2.436449
2.903169 -2.465831
2.833169 -2.494512
2.763169 -2.522494
2.693169 -2.549776
2.623169 -2.576358
2.553169 -2.602239
2.483169 -2.627421
2.413169 -2.651903
2.343169 -2.675684
2.273169 -2.698766
2.203169 -2.721148
2.133169 -2.742829
2.063169 -2.763811
1.993169 -2.784093
1.923169 -2.803674
1.853169 -2.822556
1.783169 -2.840738
1.713169 -2.858220
1.643169 -2.875001
1.573169 -2.891083
1.503169 -2.906465
1.433169 -2.921146
1.363169 -2.935128
1.293169 -2.948410
1.223169 -2.960991
1.153169 -2.972873
1.083169 -2.984055
1.013169 -2.994536
0.943169 -3.004318
0.873169 -3.013400
0.803169 -3.021781
0.733169 -3.029463
0.663169 -3.036445
0.593169 -3.042727
0.523169 -3.048308
0.453169 -3.053190
0.383169 -3.057372
0.313169 -3.060853
0.243169 -3.063635
0.173169 -3.065717
0.103169 -3.067098
0.033169 -3.067780
-0.036901 -3.067761
-0.106901 -3.067042
-0.176901 -3.065623
-0.246901 -3.063504
-0.316901 -3.060685
-0.386901 -3.057166
-0.456901 -3.052947
-0.526901 -3.048028
-0.596901 -3.042409
-0.666901 -3.036090
-0.736901 -3.029071
-0.806901 -3.021352
-0.876901 -3.012933
-0.946901 -3.003814
-1.016901 -2.993995
-1.086901 -2.983476
-1.156901 -2.972257
-1.226901 -2.960338
-1.296901 -2.947719
-1.366901 -2.934400
-1.436901 -2.920381
-1.506901 -2.905662
-1.576901 -2.890243
-1.646901 -2.874124
-1.716901 -2.857305
-1.786901 -2.839786
-1.856901 -2.821567
-1.926901 -2.802648
-1.996901 -2.783029
-2.066901 -2.762710
-2.136901 -2.741691
-2.206901 -2.719972
-2.276901 -2.697553
-2.346901 -2.674434
-2.416901 -2.650615
-2.486901 -2.626096
-2.556901 -2.600877
-2.626901 -2.574958
-2.696901 -2.548339
-2.766901 -2.521020
-2.836901 -2.493001
-2.906901 -2.464282
-2.976901 -2.434863
-3.046901 -2.404744
-3.116901 -2.373925
-3.186901 -2.342406
-3.256901 -2.310187
-3.326901 -2.277268
-3.396901 -2.243649
-3.466901 -2.209330
-3.536901 -2.174311
-3.606901 -2.138592
-3.676901 -2.102173
-3.746901 -2.065054
-3.816901 -2.027235
-3.886901 -1.988716
-3.956901 -1.949497
-4.026901 -1.909578
-4.096901 -1.868959
-4.166901 -1.827640
-4.236901 -1.785621
-4.306901 -1.742902
-4.376901 -1.699483
-4.446901 -1.655364
-4.516901 -1.610545
-4.586901 -1.565026
-4.656901 -1.518807
-4.726901 -1.471888
-4.796901 -1.424269
-4.866901 -1.375950
-4.936901 -1.326931
-5.006901 -1.277212
-5.076901 -1.226793
-5.146901 -1.175674
-5.216901 -1.123855
-5.286901 -1.071336
-5.356901 -1.018117
-5.426901 -0.964198
-5.496901 -0.909579
-5.566901 -0.854260
-5.636901 -0.798241
-5.706901 -0.741522
-5.776901 -0.684103
-5.846901 -0.625984
-5.916901 -0.567165
-5.986901 -0.507645
-6.056901 -0.447426
-6.126901 -0.386507
-6.196901 -0.324888
-6.266901 -0.262569
-6.336901 -0.199550
-6.406901 -0.135831
-6.476901 -0.071412
-6.546901 -0.006293
-6.363929 0.552568
-6.163536 1.146232
-5.972289 1.722279
-5.789376 2.281494
-5.614078 2.824595
-5.445749 3.352237
-5.283812 3.865022
-5.127748 4.363500
-4.977091 4.848178
-4.831418 5.319525
-4.690349 5.777972
-4.553535 6.223916
-4.420662 6.657726
-4.291444 7.079745
-4.165616 7.490288
-4.042941 7.889650
-3.923196 8.278105
-3.806180 8.655907
-3.691707 9.023294
-3.579605 9.380486
-3.469716 9.727689
-3.361892 10.065097
-3.255998 10.392888
-3.151907 10.711230
-3.049503 11.020281
-2.948675 11.320188
-2.849321 11.611087
-2.751347 11.893107
-2.654662 12.166368
-2.559184 12.430983
-2.464833 12.687055
-2.371535 12.934684
-2.279222 13.173961
-2.187826 13.404972
-2.097286 13.627795
-2.007543 13.842507
-1.918540 14.049175
-1.830226 14.247865
-1.742548 14.438635
-1.655459 14.621541
-1.568912 14.796634
-1.482863 14.963960
-1.397270 15.123563
-1.312090 15.275481
-1.227286 15.419750
-1.142818 15.556403
-1.058650 15.685467
-0.974744 15.806968
-0.891067 15.920927
-0.807584 16.027365
-0.724260 16.126297
-0.641064 16.217736
-0.557963 16.301692
-0.474923 16.378171
-0.391915 16.447179
-0.308905 16.508716
-0.225863 16.562781
-0.142757 16.609369
-0.059555 16.648474
0.014340 16.643352
0.064340 16.543312
0.114340 16.443223
0.164340 16.343084
0.214340 16.242894
0.264340 16.142655
0.314340 16.042366
0.364340 15.942026
0.414340 15.841637
0.464340 15.741198
0.514340 15.640708
0.564340 15.540169
0.614340 15.439580
0.664340 15.338940
0.714340 15.238251
0.764340 15.137512
0.814340 15.036722
0.864340 14.935883
0.914340 14.834994
0.964340 14.734054
1.014340 14.633065
1.064340 14.532026
1.114340 14.430936
1.164340 14.329797
1.214340 14.228608
1.264340 14.127368
1.314340 14.026079
1.364340 13.924740
1.414340 13.823350
1.464340 13.721911
1.514340 13.620422
1.564340 13.518882
1.614340 13.417293
1.664340 13.315654
1.714340 13.213964
1.764340 13.112225
1.814340 13.010436
1.864340 12.908596
1.914340 12.806707
1.964340 12.704768
2.014340 12.602778
2.064340 12.500739
2.114340 12.398650
2.164340 12.296510
2.214340 12.194321
2.264340 12.092082
2.314340 11.989792
2.364340 11.887453
2.414340 11.785064
2.464340 11.682624
2.514340 11.580135
2.564340 11.477595
2.614340 11.375006
2.664340 11.272367
2.714340 11.169677
2.764340 11.066938
2.814340 10.964149
2.864340 10.861309
2.914340 10.758420
2.964340 10.655481
3.014340 10.552491
3.064340 10.449452
3.114340 10.346363
3.164340 10.243223
3.214340 10.140034
3.264340 10.036795
3.314340 9.933505
3.364340 9.830166
3.414340 9.726777
3.464340 9.623337
3.514340 9.519848
3.564340 9.416309
3.614340 9.312719
3.664340 9.209080
3.714340 9.105391
3.764340 9.001651
3.814340 8.897862
3.864340 8.794023
3.914340 8.690133
3.964340 8.586194
4.014340 8.482205
4.064340 8.378165
4.114340 8.274076
4.164340 8.169937
4.214340 8.065747
4.264340 7.961508
4.314340 7.857219
4.364340 7.752879
4.414340 7.648490
4.464340 7.544051
4.514340 7.439561
4.564340 7.335022
4.614340 7.230433
4.664340 7.125793
4.714340 7.021104
4.764340 6.916365
4.814340 6.811575
4.864340 6.706736
4.914340 6.601847
4.964340 6.496907
5.014340 6.391918
5.064340 6.286879
