-5.000000 1.000000
-4.871999 1.474210
-4.747798 1.937074
-4.627125 2.388920
-4.509726 2.830054
-4.395375 3.260762
-4.283859 3.681307
-4.174985 4.091936
-4.068577 4.492878
-3.964471 4.884349
-3.862515 5.266548
-3.762571 5.639662
-3.664508 6.003867
-3.568207 6.359326
-3.473558 6.706194
-3.380456 7.044613
-3.288806 7.374719
-3.198518 7.696639
-3.109507 8.010491
-3.021697 8.316386
-2.935013 8.614430
-2.849388 8.904720
-2.764755 9.187350
-2.681056 9.462404
-2.598232 9.729966
-2.516231 9.990111
-2.435001 10.242911
-2.354494 10.488433
-2.274665 10.726740
-2.195471 10.957891
-2.116872 11.181942
-2.038828 11.398945
-1.961302 11.608947
-1.884260 11.811994
-1.807667 12.008127
-1.731491 12.197386
-1.655702 12.379807
-1.580270 12.555424
-1.505166 12.724266
-1.430363 12.886362
-1.355835 13.041739
-1.281555 13.190420
-1.207498 13.332426
-1.133642 13.467776
-1.059962 13.596487
-0.986434 13.718574
-0.913038 13.834049
-0.839750 13.942924
-0.766550 14.045207
-0.693415 14.140905
-0.620325 14.230023
-0.547260 14.312564
-0.474198 14.388529
-0.401119 14.457919
-0.328003 14.520730
-0.254829 14.576958
-0.181577 14.626597
-0.108227 14.669639
-0.034757 14.706074
0.026452 14.668252
0.076452 14.568201
0.126452 14.468099
0.176452 14.367948
0.226452 14.267746
0.276452 14.167495
0.326452 14.067193
0.376452 13.966842
0.426452 13.866440
0.476452 13.765989
0.526452 13.665487
0.576452 13.564936
0.626452 13.464335
0.676452 13.363683
0.726452 13.262982
0.776452 13.162230
0.826452 13.061429
0.876452 12.960577
0.926452 12.859676
0.976452 12.758724
1.026452 12.657723
1.076452 12.556671
1.126452 12.455570
1.176452 12.354419
1.226452 12.253217
1.276452 12.151966
1.326452 12.050664
1.376452 11.949313
1.426452 11.847911
1.476452 11.746460
1.526452 11.644958
1.576452 11.543407
1.626452 11.441806
1.676452 11.340154
1.726452 11.238453
1.776452 11.136701
1.826452 11.034900
1.876452 10.933048
1.926452 10.831147
1.976452 10.729195
2.026452 10.627194
2.076452 10.525142
2.126452 10.423041
2.176452 10.320890
2.226452 10.218688
2.276452 10.116437
2.326452 10.014135
2.376452 9.911784
2.426452 9.809382
2.476452 9.706931
2.526452 9.604429
2.576452 9.501878
2.626452 9.399276
2.676452 9.296625
2.726452 9.193924
2.776452 9.091172
2.826452 8.988371
2.876452 8.885519
2.926452 8.782618
2.976452 8.679666
3.026452 8.576665
3.076452 8.473613
3.126452 8.370512
3.176452 8.267361
3.226452 8.164159
3.276452 8.060908
3.326452 7.957606
3.376452 7.854255
3.426452 7.750853
3.476452 7.647402
3.526452 7.543900
3.576452 7.440349
3.626452 7.336747
3.676452 7.233096
3.726452 7.129395
3.776452 7.025643
3.826452 6.921842
3.876452 6.817990
3.926452 6.714089
3.976452 6.610137
4.026452 6.506136
4.076452 6.402084
4.126452 6.297983
4.176452 6.193831
4.226452 6.089630
4.276452 5.985379
4.326452 5.881077
4.376452 5.776726
4.426452 5.672324
4.476452 5.567873
4.526452 5.463371
4.576452 5.358820
4.626452 5.254218
4.676452 5.149567
4.726452 5.044865
4.776452 4.940114
4.826452 4.835313
4.876452 4.730461
4.926452 4.625560
4.976452 4.520608
5.026452 4.415607
5.076452 4.310555
5.126452 4.205454
5.176452 4.100302
5.226452 3.995101
5.276452 3.889850
5.326452 3.784548
5.376452 3.679197
5.426452 3.573795
5.476452 3.468344
5.526452 3.362842
5.576452 3.257291
5.626452 3.151689
5.676452 3.046038
5.726452 2.940336
5.776452 2.834585
5.826452 2.728784
5.876452 2.622932
5.926452 2.517031
5.976452 2.411079
6.026452 2.305078
6.076452 2.199026
6.126452 2.092925
6.176452 1.986773
6.226452 1.880572
6.276452 1.774320
6.326452 1.668019
6.376452 1.561668
6.426452 1.455266
6.476452 1.348815
6.526452 1.242313
6.576452 1.135762
6.626452 1.029160
6.676452 0.922509
6.726452 0.815807
6.776452 0.709056
6.826452 0.602255
6.876452 0.495403
6.926452 0.388502
6.976452 0.281550
7.026452 0.174549
7.076452 0.067497
7.082135 -0.026340
7.012135 -0.096811
6.942135 -0.166582
6.872135 -0.235654
6.802135 -0.304025
6.732135 -0.371696
6.662135 -0.438668
6.592135 -0.504939
6.522135 -0.570510
6.452135 -0.635382
6.382135 -0.699553
6.312135 -0.763024
6.242135 -0.825796
6.172135 -0.887867
6.102135 -0.949238
6.032135 -1.009910
5.962135 -1.069881
5.892135 -1.129152
5.822135 -1.187724
5.752135 -1.245595
5.682135 -1.302767
5.612135 -1.359238
5.542135 -1.415009
5.472135 -1.470081
5.402135 -1.524452
5.332135 -1.578123
5.262135 -1.631095
5.192135 -1.683366
5.122135 -1.734937
5.052135 -1.785809
4.982135 -1.835980
4.912135 -1.885451
4.842135 -1.934223
4.772135 -1.982294
4.702135 -2.029665
4.632135 -2.076337
4.562135 -2.122308
4.492135 -2.167579
4.422135 -2.212151
4.352135 -2.256022
4.282135 -2.299193
4.212135 -2.341665
4.142135 -2.383436
4.072135 -2.424508
4.002135 -2.464879
3.932135 -2.504550
3.862135 -2.543522
3.792135 -2.581793
3.722135 -2.619364
3.652135 -2.656236
3.582135 -2.692407
3.512135 -2.727878
3.442135 -2.762650
3.372135 -2.796721
3.302135 -2.830092
3.232135 -2.862764
3.162135 -2.894735
3.092135 -2.926006
3.022135 -2.956578
2.952135 -2.986449
2.882135 -3.015620
2.812135 -3.044092
2.742135 -3.071863
2.672135 -3.098934
2.602135 -3.125306
2.532135 -3.150977
2.462135 -3.175948
2.392135 -3.200220
2.322135 -3.223791
2.252135 -3.246663
2.182135 -3.268834
2.112135 -3.290305
2.042135 -3.311077
1.972135 -3.331148
1.902135 -3.350519
1.832135 -3.369191
1.762135 -3.387162
1.692135 -3.404433
1.622135 -3.421005
1.552135 -3.436876
1.482135 -3.452047
1.412135 -3.466519
1.342135 -3.480290
1.272135 -3.493361
1.202135 -3.505733
1.132135 -3.517404
1.062135 -3.528375
0.992135 -3.538647
0.922135 -3.548218
0.852135 -3.557089
0.782135 -3.565261
0.712135 -3.572732
0.642135 -3.579504
0.572135 -3.585575
0.502135 -3.590946
0.432135 -3.595618
0.362135 -3.599589
0.292135 -3.602860
0.222135 -3.605432
0.152135 -3.607303
0.082135 -3.608474
0.012135 -3.608946
-0.057935 -3.608716
-0.127935 -3.607787
-0.197935 -3.606158
-0.267935 -3.603828
-0.337935 -3.600799
-0.407935 -3.597070
-0.477935 -3.592640
-0.547935 -3.587511
-0.617935 -3.581682
-0.687935 -3.575152
-0.757935 -3.567923
-0.827935 -3.559994
-0.897935 -3.551364
-0.967935 -3.542035
-1.037935 -3.532005
-1.107935 -3.521276
-1.177935 -3.509847
-1.247935 -3.497717
-1.317935 -3.484888
-1.387935 -3.471359
-1.457935 -3.457129
-1.527935 -3.442200
-1.597935 -3.426571
-1.667935 -3.410241
-1.737935 -3.393212
-1.807935 -3.375483
-1.877935 -3.357053
-1.947935 -3.337924
-2.017935 -3.318095
-2.087935 -3.297565
-2.157935 -3.276336
-2.227935 -3.254406
-2.297935 -3.231777
-2.367935 -3.208448
-2.437935 -3.184418
-2.507935 -3.159689
-2.577935 -3.134260
-2.647935 -3.108130
-2.717935 -3.081301
-2.787935 -3.053772
-2.857935 -3.025542
-2.927935 -2.996613
-2.997935 -2.966984
-3.067935 -2.936654
-3.137935 -2.905625
-3.207935 -2.873896
-3.277935 -2.841466
-3.347935 -2.808337
-3.417935 -2.774508
-3.487935 -2.739978
-3.557935 -2.704749
-3.627935 -2.668819
-3.697935 -2.632190
-3.767935 -2.594861
-3.837935 -2.556831
-3.907935 -2.518102
-3.977935 -2.478673
-4.047935 -2.438543
-4.117935 -2.397714
-4.187935 -2.356185
-4.257935 -2.313955
-4.327935 -2.271026
-4.397935 -2.227397
-4.467935 -2.183067
-4.537935 -2.138038
-4.607935 -2.092309
-4.677935 -2.045879
-4.747935 -1.998750
-4.817935 -1.950920
-4.887935 -1.902391
-4.957935 -1.853162
-5.027935 -1.803232
-5.097935 -1.752603
-5.167935 -1.701274
-5.237935 -1.649244
-5.307935 -1.596515
-5.377935 -1.543086
-5.447935 -1.488956
-5.517935 -1.434127
-5.587935 -1.378598
-5.657935 -1.322368
-5.727935 -1.265439
-5.797935 -1.207810
-5.867935 -1.149480
-5.937935 -1.090451
-6.007935 -1.030721
-6.077935 -0.970292
-6.147935 -0.909163
-6.217935 -0.847333
-6.287935 -0.784804
-6.357935 -0.721575
-6.427935 -0.657645
-6.497935 -0.593016
-6.567935 -0.527687
-6.637935 -0.461657
-6.707935 -0.394928
-6.777935 -0.327499
-6.847935 -0.259369
-6.917935 -0.190540
-6.987935 -0.121011
-7.057935 -0.050781
-7.037261 0.188740
-6.795547 0.841115
-6.566616 1.472322
-6.349234 2.083453
-6.142315 2.675498
-5.944899 3.249354
-5.756136 3.805839
-5.575272 4.345696
-5.401630 4.869604
-5.234609 5.378188
-5.073666 5.872016
-4.918314 6.351615
-4.768113 6.817467
-4.622664 7.270018
-4.481608 7.709679
-4.344615 8.136829
-4.211387 8.551822
-4.081652 8.954984
-3.955159 9.346617
-3.831680 9.727003
-3.711004 10.096403
-3.592938 10.455062
-3.477304 10.803205
-3.363937 11.141045
-3.252684 11.468777
-3.143404 11.786587
-3.035966 12.094645
-2.930248 12.393113
-2.826135 12.682138
-2.723522 12.961862
-2.622309 13.232414
-2.522403 13.493917
-2.423716 13.746483
-2.326167 13.990220
-2.229678 14.225225
-2.134177 14.451591
-2.039593 14.669404
-1.945862 14.878744
-1.852922 15.079683
-1.760713 15.272291
-1.669179 15.456632
-1.578267 15.632762
-1.487926 15.800737
-1.398105 15.960605
-1.308757 16.112410
-1.219837 16.256194
-1.131301 16.391992
-1.043105 16.519838
-0.955208 16.639760
-0.867570 16.751783
-0.780150 16.855929
-0.692911 16.952216
-0.605814 17.040657
-0.518822 17.121265
-0.431898 17.194047
-0.345004 17.259008
-0.258105 17.316148
-0.171164 17.365466
-0.084145 17.406955
0.001801 17.436188
0.051801 17.336161
0.101801 17.236084
0.151801 17.135957
0.201801 17.035781
0.251801 16.935554
0.301801 16.835277
0.351801 16.734950
0.401801 16.634573
0.451801 16.534147
0.501801 16.433670
0.551801 16.333143
0.601801 16.232566
0.651801 16.131939
0.701801 16.031263
0.751801 15.930536
0.801801 15.829759
0.851801 15.728932
0.901801 15.628055
0.951801 15.527129
1.001801 15.426152
1.051801 15.325125
1.101801 15.224048
1.151801 15.122921
1.201801 15.021745
1.251801 14.920518
1.301801 14.819241
1.351801 14.717914
1.401801 14.616537
1.451801 14.515111
1.501801 14.413634
1.551801 14.312107
1.601801 14.210530
1.651801 14.108903
1.701801 14.007227
1.751801 13.905500
1.801801 13.803723
1.851801 13.701896
