2.000000 2.000000 -2.000000
2.004572 2.231569 -1.961928
2.018039 2.462985 -1.922333
2.040066 2.695274 -1.881120
2.070370 2.929418 -1.838169
2.108719 3.166354 -1.793332
2.154926 3.406989 -1.746432
2.208843 3.652196 -1.697267
2.270365 3.902823 -1.645605
2.339422 4.159696 -1.591182
2.415981 4.423622 -1.533706
2.500038 4.695391 -1.472849
2.591624 4.975782 -1.408249
2.690795 5.265560 -1.339503
2.797638 5.565481 -1.266169
2.912264 5.876293 -1.187759
3.034809 6.198735 -1.103736
3.165435 6.533540 -1.013511
3.304322 6.881429 -0.916437
3.451675 7.243118 -0.811806
3.607715 7.619308 -0.698841
3.772686 8.010689 -0.576696
3.946844 8.417931 -0.444442
4.130466 8.841684 -0.301068
4.323840 9.282573 -0.145473
4.527267 9.741186 0.023543
4.741059 10.218074 0.207285
4.965536 10.713734 0.407168
5.201024 11.228604 0.624726
5.447853 11.763048 0.861617
5.706349 12.317342 1.119630
5.976839 12.891657 1.400693
6.259638 13.486040 1.706873
6.555049 14.100394 2.040384
6.863357 14.734450 2.403587
7.184818 15.387747 2.798991
7.519660 16.059595 3.229249
7.868067 16.749049 3.697155
8.230174 17.454868 4.205632
8.606056 18.175481 4.757718
8.995716 18.908946 5.356545
9.399072 19.652904 6.005316
9.815945 20.404540 6.707264
10.246042 21.160541 7.465615
10.688941 21.917044 8.283529
11.144075 22.669608 9.164042
11.610710 23.413168 10.109986
12.087934 24.142015 11.123899
12.574630 24.849772 12.207933
13.069462 25.529391 13.363729
13.570859 26.173165 14.592303
14.076994 26.772759 15.893908
14.585777 27.319266 17.267891
15.094837 27.803293 18.712552
15.601522 28.215078 20.225004
16.102896 28.544641 21.801034
16.595745 28.781970 23.434993
17.076593 28.917246 25.119698
17.541721 28.941096 26.846379
17.987203 28.844881 28.604666
18.408949 28.620997 30.382627
18.802753 28.263193 32.166871
19.164365 27.766880 33.942721
19.489557 27.129425 35.694448
19.774207 26.350402 37.405586
20.014384 25.431796 39.059296
20.206439 24.378124 40.638793
20.347097 23.196483 42.127802
20.433534 21.896487 43.511027
20.463467 20.490113 44.774615
20.435211 18.991444 45.906582
20.347736 17.416315 46.897185
20.200701 15.781891 47.739208
19.994470 14.106189 48.428158
19.730108 12.407563 48.962347
19.409356 10.704195 49.342867
19.034586 9.013602 49.573460
18.608748 7.352198 49.660291
18.135287 5.734917 49.611640
17.618066 4.174921 49.437542
17.061277 2.683399 49.149386
16.469340 1.269450 48.759508
15.846822 -0.059941 48.280784
15.198339 -1.299853 47.726260
14.528485 -2.447313 47.108813
13.841750 -3.501133 46.440866
13.142465 -4.461708 45.734159
12.434749 -5.330793 44.999571
11.722464 -6.111272 44.246999
11.009194 -6.806932 43.485291
10.298215 -7.422245 42.722211
9.592492 -7.962169 41.964452
8.894672 -8.431969 41.217671
7.520285 -8.469933 40.370062
5.838075 -8.250805 39.508300
4.355859 -8.059785 38.716784
3.049188 -7.901687 37.985455
1.895809 -7.779277 37.306002
0.875615 -7.693903 36.671661
-0.029456 -7.645938 36.077005
-0.835557 -7.635125 35.517735
-1.557078 -7.660812 34.990498
-2.206802 -7.722126 34.492729
-2.796060 -7.818101 34.022522
-3.334878 -7.947757 33.578517
-3.832118 -8.110158 33.159819
-4.295609 -8.304453 32.765929
-4.732263 -8.529894 32.396692
-5.148190 -8.785846 32.052259
-5.548789 -9.071787 31.733056
-5.938839 -9.387303 31.439770
-6.322572 -9.732073 31.173331
-6.703745 -10.105851 30.934906
-7.085691 -10.508449 30.725897
-7.471373 -10.939703 30.547938
-7.863422 -11.399446 30.402902
-8.264173 -11.887476 30.292898
-8.675686 -12.403509 30.220275
-9.099766 -12.947140 30.187625
-9.537978 -13.517790 30.197783
-9.991646 -14.114654 30.253817
-10.461852 -14.736634 30.359024
-10.949432 -15.382278 30.516909
-11.454954 -16.049706 30.731156
-11.978701 -16.736533 31.005596
-12.520643 -17.439790 31.344148
-13.080403 -18.155842 31.750751
-13.657219 -18.880311 32.229279
-14.249903 -19.607999 32.783423
-14.856796 -20.332827 33.416565
-15.475717 -21.047784 34.131611
-16.103926 -21.744906 34.930810
-16.738077 -22.415284 35.815547
-17.374183 -23.049111 36.786115
-18.007600 -23.635781 37.841476
-18.633014 -24.164049 38.979023
-19.244457 -24.622253 40.194350
-19.835351 -24.998607 41.481055
-20.398572 -25.281562 42.830587
-20.926561 -25.460226 44.232174
-21.411461 -25.524839 45.672829
-21.845299 -25.467266 47.137487
-22.220193 -25.281486 48.609245
-22.528593 -24.964050 50.069755
-22.763541 -24.514449 51.499722
-22.918931 -23.935376 52.879518
-22.989769 -23.232830 54.189868
-22.972403 -22.416055 55.412560
-22.864710 -21.497288 56.531147
-22.666234 -20.491343 57.531562
-22.378250 -19.415041 58.402624
-22.003758 -18.286534 59.136386
-21.547401 -17.124572 59.728290
-21.015319 -15.947763 60.177153
-20.414931 -14.773890 60.484961
-19.754684 -13.619317 60.656532
-19.043765 -12.498525 60.699058
-18.291805 -11.423791 60.621586
-17.508589 -10.405017 60.434481
-16.703783 -9.449695 60.148901
-15.886695 -8.562986 59.776314
-15.066079 -7.747904 59.328100
-14.249972 -7.005548 58.815214
-13.445586 -6.335389 58.247944
-12.659240 -5.735563 57.635745
-11.896325 -5.203164 56.987145
-11.161310 -4.734514 56.309704
-10.457770 -4.325412 55.610027
-9.788438 -3.971348 54.893808
-9.155272 -3.667678 54.165894
-8.559528 -3.409772 53.430370
-8.001845 -3.193122 52.690642
-7.482328 -3.013428 51.949526
-7.000628 -2.866658 51.209330
-6.556023 -2.749081 50.471937
-6.147488 -2.657293 49.738866
-5.773767 -2.588223 49.011342
-5.433426 -2.539128 48.290344
-5.124911 -2.507589 47.576652
-4.846594 -2.491489 46.870884
-4.596810 -2.488997 46.173530
-4.373890 -2.498548 45.484976
-4.176192 -2.518819 44.805527
-4.002116 -2.548709 44.135422
-3.850129 -2.587314 43.474851
-3.718773 -2.633911 42.823964
-3.606678 -2.687937 42.182880
-3.512566 -2.748971 41.551697
-3.435256 -2.816719 40.930498
-3.373670 -2.890998 40.319353
-3.326828 -2.971726 39.718326
-3.293851 -3.058910 39.127478
-3.273957 -3.152635 38.546872
-3.266462 -3.253059 37.976574
-3.270772 -3.360402 37.416655
-3.286386 -3.474944 36.867199
-3.312884 -3.597021 36.328299
-3.349934 -3.727017 35.800065
-3.397279 -3.865366 35.282625
-3.454738 -4.012545 34.776128
-3.522203 -4.169078 34.280750
-3.599636 -4.335532 33.796692
-3.687064 -4.512517 33.324191
-3.784578 -4.700686 32.863519
-3.892333 -4.900734 32.414991
-4.010541 -5.113400 31.978971
-4.139474 -5.339468 31.555873
-4.279458 -5.579762 31.146173
-4.430878 -5.835154 30.750415
-4.594171 -6.106556 30.369218
-4.769825 -6.394924 30.003286
-4.958382 -6.701254 29.653417
-5.160433 -7.026579 29.320516
-5.376620 -7.371970 29.005604
-5.607629 -7.738525 28.709835
-5.854192 -8.127366 28.434506
-6.117084 -8.539627 28.181079
-6.397119 -8.976448 27.951190
-6.695141 -9.438953 27.746674
-7.012028 -9.928239 27.569578
-7.348674 -10.445349 27.422186
-7.705987 -10.991245 27.307034
-8.084873 -11.566777 27.226932
-8.486227 -12.172641 27.184984
-8.910910 -12.809329 27.184601
-9.359731 -13.477078 27.229519
-9.833424 -14.175803 27.323803
-10.332611 -14.905017 27.471852
-10.857775 -15.663751 27.678393
-11.409213 -16.450451 27.948457
-11.986990 -17.262877 28.287343
-12.590884 -18.097982 28.700568
-13.220325 -18.951791 29.193776
-13.874327 -19.819274 29.772637
-14.551411 -20.694224 30.442695
-15.249531 -21.569138 31.209185
-15.965987 -22.435129 32.076806
-16.697344 -23.281855 33.049451
-17.439360 -24.097505 34.129886
-18.186909 -24.868847 35.319401
-18.933937 -25.581345 36.617425
-19.673430 -26.219389 38.021130
-20.397419 -26.766626 39.525053
-21.097029 -27.206418 41.120749
-21.762571 -27.522416 42.796532
-22.383695 -27.699254 44.537339
-22.949610 -27.723322 46.324745
-23.449357 -27.583589 48.137190
-23.872146 -27.272406 49.950422
-24.207734 -26.786237 51.738174
-24.446838 -26.126223 53.473057
-24.581549 -25.298520 55.127618
-24.605722 -24.314359 56.675507
-24.515316 -23.189771 58.092649
-24.308652 -21.945006 59.358333
-23.986563 -20.603657 60.456112
-23.552425 -19.191571 61.374433
-23.012064 -17.735642 62.106959
-22.373536 -16.262571 62.652539
-21.646812 -14.797731 63.014879
-20.843379 -13.364188 63.201942
-19.975790 -11.981961 63.225157
-19.057202 -10.667547 63.098539
-18.100926 -9.433705 62.837772
-17.120013 -8.289478 62.459358
-16.126898 -7.240415 61.979868
-15.133111 -6.288927 61.415325
-14.149070 -5.434738 60.780749
-13.183936 -4.675375 60.089839
-12.245539 -4.006664 59.354802
-11.340369 -3.423186 58.586283
-10.473604 -2.918697 57.793388
-9.649186 -2.486482 56.983769
-8.869912 -2.119645 56.163749
-8.137558 -1.811341 55.338471
-7.452993 -1.554953 54.512055
-6.816312 -1.344212 53.687751
-6.226960 -1.173284 52.868081
-5.683848 -1.036818 52.054975
-5.185460 -0.929968 51.249879
-4.729959 -0.848396 50.453857
-4.315266 -0.788260 49.667670
-3.939143 -0.746187 48.891847
-3.599256 -0.719244 48.126737
-3.293227 -0.704908 47.372554
-3.018686 -0.701021 46.629410
-2.773303 -0.705761 45.897344
-2.554818 -0.717602 45.176341
-2.361061 -0.735278 44.466345
-2.189975 -0.757756 43.767275
-2.039619 -0.784204 43.079032
-1.908179 -0.813962 42.401503
-1.793975 -0.846522 41.734569
-1.695455 -0.881503 41.078104
-1.611198 -0.918633 40.431983
-1.539910 -0.957736 39.796079
-1.480420 -0.998712 39.170266
-1.431675 -1.041529 38.554418
-1.392731 -1.086211 37.948413
-1.362752 -1.132830 37.352131
-1.340998 -1.181501 36.765456
-1.326824 -1.232371 36.188275
-1.319668 -1.285619 35.620477
-1.319049 -1.341452 35.061958
-1.324562 -1.400099 34.512617
-1.335868 -1.461814 33.972359
-1.352693 -1.526870 33.441095
-1.374822 -1.595563 32.918741
-1.402094 -1.668208 32.405220
-1.434403 -1.745142 31.900464
-1.471688 -1.826723 31.404413
-1.513934 -1.913332 30.917015
-1.561170 -2.005375 30.438230
-1.613466 -2.103284 29.968030
-1.670932 -2.207519 29.506399
-1.733717 -2.318568 29.053336
-1.802007 -2.436956 28.608858
-1.876026 -2.563239 28.172999
-1.956036 -2.698014 27.745814
-2.042335 -2.841918 27.327383
-2.135261 -2.995631 26.917811
-2.235190 -3.159883 26.517235
-2.342538 -3.335453 26.125826
-2.457763 -3.523176 25.743793
-2.581365 -3.723944 25.371390
-2.713890 -3.938712 25.008922
-2.855931 -4.168500 24.656750
-3.008128 -4.414398 24.315300
-3.171175 -4.677567 23.985073
-3.345818 -4.959248 23.666655
-3.532860 -5.260758 23.360726
-3.733164 -5.583495 23.068079
-3.947653 -5.928943 22.789628
-4.177313 -6.298666 22.526432
-4.423198 -6.694313 22.279710
-4.686428 -7.117612 22.050864
-4.968191 -7.570364 21.841506
-5.269745 -8.054440 21.653482
-5.592415 -8.571762 21.488905
-5.937593 -9.124294 21.350190
-6.306730 -9.714012 21.240087
-6.701335 -10.342881 21.161727
-7.122961 -11.012812 21.118659
-7.573194 -11.725615 21.114902
-8.053638 -12.482938 21.154986
-8.565885 -13.286189 21.244002
-9.111495 -14.136441 21.387645
-9.691951 -15.034321 21.592254
-10.308615 -15.979869 21.864840
-10.962670 -16.972375 22.213103
-11.655051 -18.010192 22.645426
-12.386356 -19.090513 23.170838
-13.156753 -20.209129 23.798938
-13.965855 -21.360156 24.539768
-14.812591 -22.535749 25.403614
-15.695051 -23.725805 26.400735
-16.610325 -24.917687 27.540986
-17.554322 -26.095973 28.833338
-18.521594 -27.242282 30.285277
-19.505157 -28.335213 31.902088
-20.496342 -29.350441 33.686033
-21.484675 -30.261025 35.635447
-22.457822 -31.037992 37.743814
-23.401614 -31.651216 39.998896
-24.300182 -32.070637 42.382005
-25.136227 -32.267796 44.867550
-25.891431 -32.217622 47.422989
-26.547032 -31.900373 50.009290
-27.084540 -31.303546 52.582000
-27.486566 -30.423554 55.092925
-27.737721 -29.266939 57.492385
-27.825516 -27.850896 59.731854
-27.741170 -26.202983 61.766777
-27.480265 -24.359939 63.559240
-27.043151 -22.365699 65.080198
-26.435070 -20.268798 66.310994
-25.665967 -18.119446 67.244003
-24.750010 -15.966592 67.882364
-23.704867 -13.855315 68.238873
-22.550802 -11.824758 68.334251
-21.309695 -9.906758 68.195025
-20.004057 -8.125215 67.851303
-18.656114 -6.496122 67.334659
-17.287028 -5.028123 66.676333
-15.916283 -3.723459 65.905812
-14.561236 -2.579101 65.049848
-13.236860 -1.587960 64.131885
-11.955619 -0.740038 63.171825
-10.727489 -0.023456 62.186069
-9.560069 0.574672 61.187747
-8.458765 1.067548 60.187064
-7.427019 1.468170 59.191703
-6.466559 1.788953 58.207247
-5.577658 2.041483 57.237570
-4.759384 2.236370 56.285204
-4.009836 2.383186 55.351650
-3.326356 2.490446 54.437641
-2.705721 2.565646 53.543359
-2.416108 2.766350 52.886190
-2.208551 2.982345 52.298619
-2.001182 3.172194 51.717957
-1.794998 3.337088 51.144651
-1.590904 3.478280 50.579055
-1.389723 3.597068 50.021438
-1.192193 3.694778 49.471989
-0.998971 3.772747 48.930823
-0.810636 3.832315 48.397986
-0.627690 3.874811 47.873466
-0.450568 3.901544 47.357198
-0.279632 3.913795 46.849073
-0.115184 3.912809 46.348941
0.042537 3.899795 45.856626
0.193344 3.875914 45.371922
0.337106 3.842281 44.894610
0.473738 3.799960 44.424453
0.603197 3.749963 43.961207
0.725485 3.693249 43.504626
0.840636 3.630723 43.054461
0.948720 3.563235 42.610467
1.049835 3.491584 42.172403
1.144106 3.416512 41.740038
1.231680 3.338713 41.313147
1.312727 3.258828 40.891520
1.387433 3.177447 40.474954
1.455998 3.095116 40.063261
1.518635 3.012332 39.656266
1.575570 2.929549 39.253806
1.627032 2.847177 38.855729
1.673261 2.765587 38.461899
1.714500 2.685113 38.072189
1.750993 2.606049 37.686485
1.782987 2.528658 37.304683
1.810728 2.453170 36.926691
1.834463 2.379784 36.552424
1.854435 2.308672 36.181807
1.870882 2.239978 35.814775
1.884040 2.173824 35.451266
1.894140 2.110309 35.091229
1.901407 2.049510 34.734616
1.906060 1.991488 34.381386
1.908311 1.936283 34.031502
1.908365 1.883924 33.684931
1.906421 1.834423 33.341643
1.902668 1.787780 33.001611
1.897289 1.743984 32.664813
1.890460 1.703015 32.331226
1.882348 1.664845 32.000830
1.873112 1.629436 31.673606
1.862903 1.596745 31.349537
1.851866 1.566726 31.028607
1.840136 1.539325 30.710800
1.827843 1.514486 30.396099
1.815107 1.492152 30.084490
1.802043 1.472260 29.775959
1.788759 1.454750 29.470490
1.775355 1.439558 29.168068
1.761926 1.426623 28.868678
1.748559 1.415880 28.572306
1.735338 1.407269 28.278937
1.722338 1.400730 27.988554
1.709632 1.396202 27.701143
1.697285 1.393629 27.416687
1.685359 1.392955 27.135171
1.673911 1.394128 26.856579
1.662994 1.397098 26.580894
1.652655 1.401816 26.308101
1.642941 1.408238 26.038183
1.633892 1.416322 25.771124
1.625547 1.426029 25.506907
1.617942 1.437323 25.245516
1.611108 1.450173 24.986934
1.605077 1.464548 24.731147
1.599875 1.480422 24.478137
1.595529 1.497774 24.227889
1.592062 1.516582 23.980388
1.589498 1.536832 23.735619
1.587856 1.558510 23.493566
1.587156 1.581606 23.254215
1.587418 1.606113 23.017553
1.588658 1.632030 22.783566
1.590893 1.659355 22.552242
1.594140 1.688091 22.323567
1.598414 1.718245 22.097530
1.603731 1.749825 21.874121
1.610107 1.782845 21.653329
1.617556 1.817319 21.435145
1.626093 1.853265 21.219560
1.635735 1.890705 21.006567
1.646496 1.929663 20.796160
1.658393 1.970166 20.588332
1.671443 2.012244 20.383079
1.685663 2.055930 20.180399
1.701071 2.101259 19.980288
1.717685 2.148270 19.782748
1.735524 2.197004 19.587777
1.754610 2.247506 19.395380
1.774963 2.299822 19.205559
1.796606 2.354003 19.018320
1.819563 2.410100 18.833671
1.843858 2.468171 18.651621
1.869517 2.528272 18.472182
1.896567 2.590465 18.295366
1.925038 2.654814 18.121190
1.954960 2.721386 17.949672
1.986363 2.790250 17.780833
2.019282 2.861480 17.614695
2.053751 2.935151 17.451287
2.089806 3.011341 17.290636
2.127487 3.090132 17.132776
2.166832 3.171607 16.977743
2.207883 3.255855 16.825577
2.250684 3.342966 16.676321
2.295281 3.433031 16.530024
2.341720 3.526148 16.386737
2.390052 3.622416 16.246518
2.440327 3.721935 16.109428
2.492599 3.824811 15.975536
2.546923 3.931150 15.844912
2.603356 4.041063 15.717637
2.661960 4.154662 15.593794
2.722794 4.272063 15.473477
2.785923 4.393383 15.356783
2.851413 4.518740 15.243819
2.919332 4.648259 15.134700
2.989751 4.782061 15.029547
3.062741 4.920271 14.928492
3.138378 5.063018 14.831677
3.216738 5.210427 14.739252
3.297900 5.362628 14.651380
3.381944 5.519749 14.568232
3.468952 5.681917 14.489994
3.559009 5.849260 14.416863
3.652201 6.021904 14.349047
3.748615 6.199974 14.286772
3.848340 6.383589 14.230275
3.951465 6.572868 14.179810
4.058082 6.767923 14.135645
4.168283 6.968861 14.098066
4.282159 7.175782 14.067375
4.399804 7.388777 14.043894
4.521308 7.607930 14.027962
4.646764 7.833311 14.019936
4.776262 8.064977 14.020196
4.909890 8.302972 14.029138
5.047737 8.547322 14.047184
5.189885 8.798033 14.074773
5.336415 9.055091 14.112366
5.487403 9.318457 14.160447
5.642922 9.588062 14.219521
5.803035 9.863812 14.290114
5.967802 10.145574 14.372771
6.137272 10.433181 14.468061
6.311487 10.726425 14.576568
6.490475 11.025052 14.698895
6.674257 11.328759 14.835663
6.862835 11.637192 14.987503
7.056199 11.949935 15.155059
7.254321 12.266514 15.338982
7.457155 12.586387 15.539927
7.664634 12.908940 15.758550
7.876666 13.233483 15.995498
8.093136 13.559245 16.251408
8.313902 13.885373 16.526898
8.538791 14.210923 16.822559
8.767599 14.534860 17.138948
9.000086 14.856054 17.476577
9.235978 15.173280 17.835903
9.474959 15.485213 18.217317
9.716672 15.790432 18.621131
9.960719 16.087419 19.047567
10.206652 16.374562 19.496741
10.453979 16.650160 19.968649
10.702158 16.912430 20.463157
10.950595 17.159514 20.979977
11.198648 17.389492 21.518661
11.445622 17.600392 22.078583
11.690773 17.790211 22.658925
11.933304 17.956927 23.258667
12.172374 18.098525 23.876576
12.407093 18.213018 24.511193
12.636531 18.298476 25.160835
12.859720 18.353049 25.823586
13.075659 18.374999 26.497299
13.283321 18.362735 27.179605
13.481661 18.314838 27.867916
13.669622 18.230096 28.559444
13.846147 18.107536 29.251217
14.010186 17.946451 29.940108
14.160709 17.746428 30.622855
14.296717 17.507370 31.296105
14.417251 17.229518 31.956445
14.521407 16.913462 32.600445
14.608348 16.560147 33.224702
14.677311 16.170881 33.825890
14.727624 15.747324 34.400799
14.758713 15.291476 34.946390
14.770108 14.805659 35.459832
14.761459 14.292488 35.938550
14.732535 13.754841 36.380257
14.683230 13.195816 36.782990
14.613572 12.618691 37.145133
14.523713 12.026876 37.465440
14.413941 11.423862 37.743044
14.284665 10.813175 37.977461
14.136419 10.198320 38.168587
13.969852 9.582740 38.316688
13.785719 8.969765 38.422382
13.584875 8.362572 38.486615
13.368262 7.764151 38.510632
13.136897 7.177272 38.495946
12.891862 6.604458 38.444298
12.634290 6.047973 38.357624
12.365353 5.509799 38.238015
12.086248 4.991641 38.087676
11.798189 4.494915 37.908891
11.502391 4.020759 37.703987
11.200059 3.570041 37.475304
10.892381 3.143368 37.225158
10.580519 2.741105 36.955825
10.265596 2.363392 36.669508
9.948695 2.010163 36.368325
9.630849 1.681168 36.054291
9.313038 1.375994 35.729309
8.996183 1.094087 35.395155
8.681147 0.834773 35.053481
8.368729 0.597277 34.705807
8.059666 0.380745 34.353520
7.754629 0.184259 33.997879
7.454229 0.006853 33.640020
7.159011 -0.152468 33.280952
6.869463 -0.294718 32.921574
6.586009 -0.420919 32.562674
6.309022 -0.532087 32.204939
6.038817 -0.629227 31.848963
5.775659 -0.713323 31.495252
5.519763 -0.785334 31.144235
5.271301 -0.846187 30.796271
5.030400 -0.896776 30.451652
4.797150 -0.937954 30.110617
4.571604 -0.970536 29.773351
4.353780 -0.995297 29.439997
4.143669 -1.012966 29.110660
3.941232 -1.024233 28.785409
3.746407 -1.029745 28.464287
3.559108 -1.030105 28.147310
3.379232 -1.025880 27.834477
3.206656 -1.017592 27.525765
3.041244 -1.005729 27.221142
2.882847 -0.990741 26.920562
2.731302 -0.973041 26.623968
2.586441 -0.953011 26.331301
2.448086 -0.931000 26.042491
2.316052 -0.907327 25.757470
2.190152 -0.882283 25.476163
2.070193 -0.856132 25.198495
1.955981 -0.829113 24.924391
1.847320 -0.801441 24.653776
1.744015 -0.773310 24.386575
1.645869 -0.744894 24.122715
1.552689 -0.716347 23.862125
1.464282 -0.687807 23.604736
1.380459 -0.659395 23.350478
1.301032 -0.631217 23.099289
1.225819 -0.603366 22.851103
1.154638 -0.575922 22.605862
1.087316 -0.548954 22.363506
1.023680 -0.522519 22.123980
0.963565 -0.496667 21.887231
0.906809 -0.471437 21.653207
0.853254 -0.446862 21.421860
0.802750 -0.422967 21.193142
0.755149 -0.399770 20.967009
0.710310 -0.377285 20.743417
0.668097 -0.355519 20.522325
0.628378 -0.334475 20.303694
0.591027 -0.314152 20.087486
0.555924 -0.294547 19.873664
0.522952 -0.275652 19.662193
0.491999 -0.257456 19.453039
0.462961 -0.239947 19.246171
0.435734 -0.223110 19.041555
0.410221 -0.206928 18.839163
0.386331 -0.191384 18.638964
0.363975 -0.176459 18.440931
0.343069 -0.162132 18.245035
0.323533 -0.148382 18.051250
0.305292 -0.135187 17.859549
0.288272 -0.122526 17.669908
0.272406 -0.110377 17.482300
0.257628 -0.098715 17.296703
0.243878 -0.087520 17.113093
0.231097 -0.076767 16.931446
0.219231 -0.066435 16.751739
0.208227 -0.056500 16.573951
0.198037 -0.046942 16.398060
0.188614 -0.037737 16.224045
0.179915 -0.028864 16.051883
0.171899 -0.020301 15.881556
0.164527 -0.012029 15.713042
0.157762 -0.004026 15.546322
0.151572 0.003728 15.381376
0.145925 0.011252 15.218184
0.140789 0.018565 15.056728
0.136138 0.025687 14.896989
0.131945 0.032636 14.738947
0.128185 0.039430 14.582586
0.124837 0.046086 14.427887
0.121878 0.052621 14.274831
0.119290 0.059053 14.123403
0.117053 0.065397 13.973583
0.115152 0.071670 13.825355
0.113570 0.077887 13.678702
0.112293 0.084064 13.533608
0.111307 0.090215 13.390055
0.110602 0.096356 13.248028
0.110164 0.102502 13.107511
0.109985 0.108666 12.968486
0.110056 0.114863 12.830940
0.110367 0.121107 12.694856
0.110913 0.127412 12.560218
0.111685 0.133792 12.427012
0.112679 0.140261 12.295223
0.113890 0.146832 12.164836
0.115313 0.153519 12.035836
0.116946 0.160335 11.908208
0.118784 0.167295 11.781939
0.120826 0.174413 11.657014
0.123070 0.181702 11.533420
0.125516 0.189176 11.411143
0.128163 0.196851 11.290168
0.131011 0.204739 11.170483
0.134062 0.212857 11.052074
0.137316 0.221218 10.934929
0.140775 0.229838 10.819035
0.144442 0.238734 10.704378
0.148319 0.247920 10.590946
0.152411 0.257413 10.478728
0.156721 0.267229 10.367710
0.161253 0.277387 10.257881
0.166013 0.287904 10.149229
0.171006 0.298798 10.041743
0.176239 0.310088 9.935410
0.181716 0.321793 9.830221
0.187447 0.333934 9.726163
0.193438 0.346532 9.623227
0.199697 0.359608 9.521400
0.206234 0.373184 9.420674
0.213057 0.387283 9.321038
0.220175 0.401931 9.222482
0.227601 0.417151 9.124997
0.235343 0.432970 9.028572
0.243415 0.449415 8.933199
0.251827 0.466514 8.838870
0.260594 0.484295 8.745574
0.269728 0.502790 8.653304
0.279244 0.522031 8.562052
0.289156 0.542049 8.471811
0.299481 0.562879 8.382572
0.310234 0.584558 8.294329
0.321432 0.607122 8.207075
0.333095 0.630611 8.120804
0.345240 0.655065 8.035510
0.357888 0.680525 7.951187
0.371058 0.707037 7.867831
0.384773 0.734646 7.785437
0.399056 0.763401 7.704002
0.413929 0.793350 7.623522
0.429418 0.824547 7.543993
0.445548 0.857046 7.465415
0.462347 0.890903 7.387786
0.479842 0.926179 7.311104
0.498064 0.962934 7.235371
0.517042 1.001234 7.160587
0.536810 1.041146 7.086754
0.557401 1.082740 7.013875
0.578849 1.126090 6.941954
0.601192 1.171273 6.870997
0.624469 1.218368 6.801009
0.648718 1.267459 6.731998
0.673982 1.318634 6.663974
0.700305 1.371982 6.596947
0.727732 1.427600 6.530930
0.756311 1.485585 6.465937
0.786091 1.546042 6.401984
0.817124 1.609077 6.339090
0.849466 1.674804 6.277276
0.883171 1.743340 6.216565
0.918299 1.814807 6.156983
0.954912 1.889333 6.098558
0.993075 1.967050 6.041324
1.032853 2.048096 5.985317
1.074318 2.132617 5.930575
1.117542 2.220763 5.877142
1.162602 2.312690 5.825067
1.209576 2.408562 5.774402
1.258549 2.508548 5.725207
1.309606 2.612825 5.677544
1.362837 2.721577 5.631484
1.418337 2.834995 5.587105
1.476203 2.953277 5.544490
1.536537 3.076629 5.503732
1.599446 3.205267 5.464931
1.665041 3.339412 5.428198
1.733435 3.479294 5.393653
1.804750 3.625151 5.361428
1.879110 3.777232 5.331666
1.956644 3.935790 5.304523
2.037487 4.101091 5.280170
2.121780 4.273405 5.258791
2.209667 4.453013 5.240590
2.301299 4.640204 5.225786
2.396832 4.835273 5.214618
2.496429 5.038526 5.207346
2.600257 5.250272 5.204252
2.708489 5.470829 5.205645
2.821304 5.700520 5.211856
2.938889 5.939673 5.223247
3.061432 6.188620 5.240211
3.189130 6.447696 5.263172
3.322185 6.717236 5.292590
3.460804 6.997575 5.328963
3.605198 7.289046 5.372829
3.755585 7.591974 5.424771
3.912184 7.906680 5.485417
4.075220 8.233471 5.555443
4.244920 8.572639 5.635578
4.421514 8.924459 5.726609
4.605233 9.289179 5.829379
4.796307 9.667020 5.944792
4.994966 10.058166 6.073819
5.201438 10.462758 6.217496
5.415945 10.880887 6.376931
5.638704 11.312585 6.553303
5.869923 11.757814 6.747864
6.109799 12.216456 6.961943
6.358514 12.688303 7.196943
6.616234 13.173039 7.454343
6.883102 13.670232 7.735694
7.159239 14.179314 8.042616
7.444733 14.699568 8.376795
7.739638 15.230109 8.739976
8.043968 15.769862 9.133951
8.357690 16.317550 9.560551
8.680718 16.871670 10.021628
9.012906 17.430473 10.519039
9.354040 17.991943 11.054623
9.703828 18.553784 11.630174
10.061896 19.113394 12.247412
10.427775 19.667857 12.907946
10.800894 20.213925 13.613235
11.180571 20.748013 14.364542
11.566001 21.266193 15.162881
11.956253 21.764199 16.008967
12.350257 22.237438 16.903154
12.746798 22.681008 17.845371
13.144513 23.089734 18.835061
13.541884 23.458202 19.871114
13.937234 23.780825 20.951806
14.328735 24.051905 22.074736
14.714402 24.265720 23.236777
15.092108 24.416624 24.434032
15.459588 24.499154 25.661803
15.814460 24.508158 26.914583
16.154242 24.438929 28.186055
16.476372 24.287338 29.469131
16.778245 24.049983 30.756003
17.057238 23.724320 32.038225
17.310753 23.308800 33.306827
17.536251 22.802973 34.552454
17.731302 22.207589 35.765524
17.893623 21.524654 36.936418
18.021125 20.757468 38.055673
18.111956 19.910617 39.114198
18.164543 18.989925 40.103477
18.177622 18.002372 41.015774
18.150277 16.955966 41.844317
18.081957 15.859585 42.583458
17.972497 14.722789 43.228803
17.822121 13.555605 43.777299
17.631445 12.368307 44.227284
17.401463 11.171185 44.578494
17.133532 9.974322 44.832020
16.829342 8.787389 44.990234
16.490886 7.619453 45.056677
16.120419 6.478826 45.035915
15.720416 5.372932 44.933379
15.293529 4.308226 44.755192
14.842536 3.290132 44.507983
14.370300 2.323026 44.198719
13.879723 1.410247 43.834525
13.373704 0.554132 43.422538
12.855100 -0.243921 42.969766
12.326694 -0.983376 42.482967
11.791167 -1.664469 41.968563
11.251071 -2.288112 41.432556
10.708808 -2.855790 40.880482
10.166622 -3.369465 40.317374
9.626581 -3.831477 39.747747
9.090577 -4.244455 39.175595
8.560318 -4.611235 38.604403
8.037332 -4.934787 38.037165
7.522969 -5.218152 37.476414
7.018407 -5.464384 36.924253
6.524657 -5.676508 36.382395
6.042573 -5.857481 35.852194
5.010132 -5.711165 35.207751
3.887258 -5.475339 34.550467
2.906027 -5.282283 33.929810
2.046976 -5.130516 33.340299
1.292880 -5.018220 32.777651
0.628541 -4.943436 32.238543
0.040580 -4.904207 31.720420
-0.482760 -4.898668 31.221338
-0.951802 -4.925106 30.739842
-1.375604 -4.981996 30.274868
-1.762113 -5.068025 29.825671
-2.118306 -5.182102 29.391768
-2.450319 -5.323358 28.972899
-2.763557 -5.491145 28.568993
-3.062795 -5.685032 28.180153
-3.352268 -5.904794 27.806637
-3.635749 -6.150401 27.448858
-3.916618 -6.422010 27.107376
-4.197923 -6.719950 26.782906
-4.482433 -7.044710 26.476320
-4.772683 -7.396926 26.188660
-5.071015 -7.777363 25.921148
-5.379608 -8.186901 25.675204
-5.700511 -8.626516 25.452463
-6.035663 -9.097256 25.254794
-6.386910 -9.600221 25.084328
-6.756022 -10.136528 24.943476
-7.144699 -10.707282 24.834959
-7.554575 -11.313534 24.761838
-7.987217 -11.956231 24.727537
-8.444118 -12.636161 24.735874
-8.926687 -13.353886 24.791083
-9.436225 -14.109658 24.897840
-9.973901 -14.903331 25.061274
-10.540720 -15.734251 25.286974
-11.137478 -16.601132 25.580981
-11.764708 -17.501916 25.949763
-12.422622 -18.433621 26.400165
-13.111036 -19.392169 26.939328
-13.829285 -20.372207 27.574573
-14.576132 -21.366927 28.313234
-15.349661 -22.367885 29.162445
-16.147171 -23.364836 30.128857
-16.965055 -24.345615 31.218295
-17.798696 -25.296056 32.435345
-18.642355 -26.199999 33.782876
-19.489085 -27.039404 35.261505
-20.330674 -27.794595 36.869034
-21.157625 -28.444672 38.599879
-21.959190 -28.968096 40.444549
-22.723482 -29.343475 42.389217
-23.437652 -29.550516 44.415463
-24.088175 -29.571130 46.500245
-24.661213 -29.390623 48.616163
-25.143074 -28.998871 50.732073
-25.520741 -28.391393 52.814049
-25.782443 -27.570178 54.826675
-25.918242 -26.544159 56.734606
-25.920575 -25.329240 58.504269
-25.784723 -23.947831 60.105565
-25.509154 -22.427885 61.513401
-25.095695 -20.801528 62.708906
-24.549538 -19.103383 63.680193
-23.879042 -17.368769 64.422626
-23.095385 -15.631939 64.938558
-22.212056 -13.924516 65.236627
-21.244270 -12.274251 65.330692
-20.208318 -10.704185 65.238567
-19.120933 -9.232208 64.980676
-17.998686 -7.871015 64.578759
-16.857473 -6.628377 64.054733
-15.712079 -5.507644 63.429759
-14.575873 -4.508400 62.723548
-13.460591 -3.627185 61.953900
-12.376227 -2.858216 61.136457
-11.331008 -2.194061 60.284623
-10.331441 -1.626236 59.409629
-9.382412 -1.145704 58.520675
-8.487319 -0.743279 57.625143
-7.648234 -0.409938 56.728830
-6.866070 -0.137041 55.836186
-6.140761 0.083510 54.950547
-5.471418 0.259176 54.074345
-4.856497 0.396734 53.209291
-4.293934 0.502263 52.356539
-3.781279 0.581154 51.516810
-3.315805 0.638141 50.690511
-2.894605 0.677343 49.877812
-2.514678 0.702311 49.078715
-2.172990 0.716084 48.293112
-1.866532 0.721240 47.520816
-1.592364 0.719945 46.761593
-1.347648 0.714010 46.015184
-1.129671 0.704929 45.281318
-0.935866 0.693929 44.559721
-0.763820 0.682003 43.850123
-0.651643 0.691608 43.251417
-0.598274 0.726324 42.790757
-0.545723 0.756679 42.335061
-0.494123 0.782944 41.884294
-0.443594 0.805389 41.438421
-0.394237 0.824279 40.997403
-0.346140 0.839873 40.561196
-0.299378 0.852427 40.129756
-0.254014 0.862186 39.703037
-0.210097 0.869389 39.280990
-0.167666 0.874267 38.863565
-0.126750 0.877039 38.450711
-0.087368 0.877916 38.042376
-0.049530 0.877100 37.638509
-0.013237 0.874780 37.239056
0.021515 0.871138 36.843965
0.054738 0.866344 36.453184
0.086450 0.860557 36.066659
0.116675 0.853929 35.684340
0.145441 0.846599 35.306173
0.172779 0.838697 34.932110
0.198727 0.830346 34.562098
0.223322 0.821658 34.196089
0.246608 0.812736 33.834033
0.268627 0.803677 33.475883
0.289427 0.794567 33.121592
0.309055 0.785487 32.771114
0.327558 0.776510 32.424402
0.344987 0.767702 32.081413
0.361392 0.759123 31.742103
0.376823 0.750827 31.406429
0.391329 0.742863 31.074349
0.404962 0.735273 30.745822
0.417771 0.728097 30.420807
0.429804 0.721368 30.099265
0.441112 0.715117 29.781157
0.451741 0.709370 29.466445
0.461738 0.704150 29.155091
0.471149 0.699476 28.847058
0.480019 0.695367 28.542311
0.488391 0.691835 28.240814
0.496308 0.688895 27.942532
0.503811 0.686555 27.647431
0.510941 0.684826 27.355476
0.517735 0.683713 27.066635
0.524231 0.683224 26.780876
0.530466 0.683362 26.498165
0.536474 0.684132 26.218471
0.542290 0.685536 25.941763
0.547945 0.687577 25.668011
0.553471 0.690258 25.397183
0.558898 0.693581 25.129250
0.564255 0.697546 24.864184
0.569570 0.702156 24.601954
0.574870 0.707413 24.342532
0.580182 0.713318 24.085890
0.585529 0.719874 23.832001
0.590937 0.727084 23.580837
0.596429 0.734950 23.332372
0.602026 0.743477 23.086578
0.607752 0.752668 22.843430
0.613627 0.762528 22.602903
0.619671 0.773064 22.364970
0.625905 0.784281 22.129607
0.632347 0.796187 21.896791
0.639018 0.808789 21.666496
0.645935 0.822097 21.438699
0.653117 0.836121 21.213377
0.660581 0.850872 20.990508
0.668346 0.866361 20.770069
0.676428 0.882602 20.552038
0.684846 0.899610 20.336395
0.693615 0.917398 20.123117
0.702754 0.935984 19.912185
0.712279 0.955386 19.703579
0.722208 0.975623 19.497280
0.732558 0.996714 19.293268
0.743347 1.018682 19.091525
0.754591 1.041549 18.892034
0.766309 1.065340 18.694777
0.778520 1.090081 18.499738
0.791240 1.115798 18.306900
0.804491 1.142521 18.116249
0.818289 1.170279 17.927769
0.832656 1.199105 17.741446
0.847612 1.229033 17.557268
0.863177 1.260096 17.375221
0.879373 1.292333 17.195294
0.896221 1.325782 17.017476
0.913745 1.360483 16.841757
0.931968 1.396479 16.668127
0.950914 1.433814 16.496579
0.970609 1.472534 16.327106
0.991077 1.512688 16.159700
1.012347 1.554327 15.994357
1.034445 1.597503 15.831074
1.057401 1.642270 15.669847
1.081245 1.688687 15.510676
1.106007 1.736813 15.353560
1.131720 1.786710 15.198502
1.158418 1.838443 15.045503
1.186134 1.892079 14.894570
1.214906 1.947689 14.745709
1.244769 2.005344 14.598928
1.275765 2.065122 14.454239
1.307932 2.127100 14.311653
1.341312 2.191360 14.171186
1.375950 2.257988 14.032855
1.411891 2.327071 13.896680
1.449181 2.398701 13.762685
1.487869 2.472973 13.630895
1.528006 2.549985 13.501338
1.569645 2.629840 13.374049
1.612840 2.712643 13.249061
1.657649 2.798503 13.126417
1.704129 2.887535 13.006158
1.752342 2.979854 12.888335
1.802351 3.075584 12.772999
1.854223 3.174847 12.660211
1.908024 3.277776 12.550032
1.963827 3.384502 12.442533
2.021703 3.495164 12.337790
2.081729 3.609903 12.235885
2.143984 3.728867 12.136908
2.208548 3.852205 12.040955
2.275505 3.980072 11.948133
2.344942 4.112627 11.858555
2.416950 4.250032 11.772344
2.491620 4.392454 11.689634
2.569049 4.540063 11.610570
2.649335 4.693034 11.535305
2.732579 4.851543 11.464008
2.818887 5.015769 11.396860
2.908366 5.185897 11.334054
3.001127 5.362110 11.275799
3.097283 5.544594 11.222320
3.196951 5.733537 11.173858
3.300250 5.929127 11.130672
3.407302 6.131550 11.093040
3.518232 6.340993 11.061260
3.633166 6.557638 11.035649
3.752233 6.781665 11.016550
3.875564 7.013249 11.004326
4.003292 7.252557 10.999367
4.135550 7.499748 11.002089
4.272473 7.754972 11.012933
4.414195 8.018366 11.032372
4.560851 8.290051 11.060905
4.712576 8.570130 11.099066
4.869500 8.858689 11.147418
5.031753 9.155786 11.206558
5.199464 9.461452 11.277118
5.372752 9.775688 11.359763
5.551736 10.098459 11.455194
5.736526 10.429687 11.564149
5.927222 10.769250 11.687397
6.123917 11.116973 11.825746
6.326691 11.472625 11.980035
6.535611 11.835909 12.151138
6.750729 12.206459 12.339956
6.972078 12.583829 12.547420
7.199670 12.967489 12.774482
7.433496 13.356814 13.022117
7.673519 13.751079 13.291310
7.919673 14.149447 13.583054
8.171862 14.550965 13.898340
8.429951 14.954552 14.238148
8.693765 15.358994 14.603436
8.963089 15.762937 14.995128
9.237656 16.164875 15.414098
9.517152 16.563153 15.861156
9.801203 16.955956 16.337025
10.089378 17.341310 16.842331
10.381181 17.717079 17.377570
10.676050 18.080970 17.943093
10.973351 18.430535 18.539079
11.272377 18.763182 19.165509
11.572341 19.076186 19.822139
11.872383 19.366704 20.508476
12.171560 19.631797 21.223751
12.468848 19.868458 21.966890
12.763149 20.073638 22.736496
13.053283 20.244286 23.530827
13.338000 20.377389 24.347777
13.615984 20.470016 25.184867
13.885854 20.519371 26.039238
14.146180 20.522843 26.907653
14.395490 20.478065 27.786505
14.632282 20.382972 28.671833
14.855039 20.235853 29.559356
15.062244 20.035413 30.444502
15.252397 19.780817 31.322461
15.424037 19.471743 32.188239
15.575756 19.108416 33.036725
15.706221 18.691634 33.862761
15.814195 18.222792 34.661225
15.898556 17.703879 35.427112
15.958315 17.137474 36.155617
15.992636 16.526719 36.842223
16.000847 15.875283 37.482781
15.982458 15.187311 38.073578
15.937168 14.467360 38.611411
15.864873 13.720325 39.093634
15.765670 12.951355 39.518205
15.639861 12.165768 39.883708
15.487941 11.368954 40.189369
15.310603 10.566291 40.435047
15.108716 9.763050 40.621225
14.883323 8.964318 40.748968
14.635618 8.174917 40.819886
14.366931 7.399341 40.836078
14.078711 6.641704 40.800069
13.772499 5.905695 40.714744
13.449916 5.194549 40.583277
13.112634 4.511028 40.409057
12.762360 3.857420 40.195626
12.400813 3.235536 39.946603
12.029707 2.646732 39.665629
11.650733 2.091925 39.356309
11.265545 1.571627 39.022162
10.875743 1.085974 38.666585
10.482864 0.634764 38.292810
10.088369 0.217498 37.903887
9.693640 -0.166581 37.502659
9.299967 -0.518450 37.091750
8.908550 -0.839270 36.673558
8.520493 -1.130342 36.250253
8.136803 -1.393084 35.823782
7.758390 -1.628992 35.395870
7.386068 -1.839616 34.968035
7.020560 -2.026535 34.541592
6.662496 -2.191337 34.117676
6.312421 -2.335598 33.697243
5.970795 -2.460871 33.281097
5.638003 -2.568667 32.869897
5.314353 -2.660453 32.464172
5.000088 -2.737637 32.064340
4.695384 -2.801567 31.670715
4.400362 -2.853524 31.283525
4.115087 -2.894721 30.902920
3.839576 -2.926301 30.528985
3.573801 -2.949338 30.161750
3.317696 -2.964835 29.801199
3.071159 -2.973727 29.447276
2.591721 -2.849742 29.007575
2.025108 -2.671657 28.521940
1.535450 -2.529083 28.050916
1.111023 -2.418553 27.592736
0.741689 -2.336989 27.146068
0.418691 -2.281690 26.709906
