-5.000000 1.000000
-4.747798 1.937074
-4.509726 2.830054
-4.283859 3.681307
-4.068577 4.492878
-3.862515 5.266548
-3.664508 6.003867
-3.473558 6.706194
-3.288806 7.374719
-3.109507 8.010491
-2.935013 8.614430
-2.764755 9.187350
-2.598232 9.729966
-2.435001 10.242911
-2.274665 10.726740
-2.116872 11.181942
-1.961302 11.608947
-1.807667 12.008127
-1.655702 12.379807
-1.505166 12.724266
-1.355835 13.041739
-1.207498 13.332426
-1.059962 13.596487
-0.913038 13.834049
-0.766550 14.045207
-0.620325 14.230023
-0.474198 14.388529
-0.328003 14.520730
-0.181577 14.626597
-0.034757 14.706074
0.076526 14.568230
0.176526 14.367977
0.276526 14.167524
0.376526 13.966871
0.476526 13.766018
0.576526 13.564965
0.676526 13.363712
0.776526 13.162259
0.876526 12.960606
0.976526 12.758753
1.076526 12.556700
1.176526 12.354447
1.276526 12.151994
1.376526 11.949341
1.476526 11.746488
1.576526 11.543435
1.676526 11.340182
1.776526 11.136729
1.876526 10.933075
1.976526 10.729222
2.076526 10.525169
2.176526 10.320916
2.276526 10.116463
2.376526 9.911810
2.476526 9.706957
2.576526 9.501904
2.676526 9.296651
2.776526 9.091198
2.876526 8.885545
2.976526 8.679692
3.076526 8.473639
3.176526 8.267386
3.276526 8.060933
3.376526 7.854280
3.476526 7.647427
3.576526 7.440374
3.676526 7.233121
3.776526 7.025668
3.876526 6.818014
3.976526 6.610161
4.076526 6.402108
4.176526 6.193855
4.276526 5.985402
4.376526 5.776749
4.476526 5.567896
4.576526 5.358843
4.676526 5.149590
4.776526 4.940137
4.876526 4.730484
4.976526 4.520631
5.076526 4.310578
5.176526 4.100325
5.276526 3.889872
5.376526 3.679219
5.476526 3.468366
5.576526 3.257313
5.676526 3.046060
5.776526 2.834606
5.876526 2.622953
5.976526 2.411100
6.076526 2.199047
6.176526 1.986794
6.276526 1.774341
6.376526 1.561688
6.476526 1.348835
6.576526 1.135782
6.676526 0.922529
6.776526 0.709076
6.876526 0.495423
6.976526 0.281570
7.076526 0.067517
7.012280 -0.096907
6.872280 -0.235753
6.732280 -0.371798
6.592280 -0.505044
6.452280 -0.635489
6.312280 -0.763135
6.172280 -0.887981
6.032280 -1.010026
5.892280 -1.129272
5.752280 -1.245718
5.612280 -1.359363
5.472280 -1.470209
5.332280 -1.578254
5.192280 -1.683500
5.052280 -1.785946
4.912280 -1.885591
4.772280 -1.982437
4.632280 -2.076482
4.492280 -2.167728
4.352280 -2.256174
4.212280 -2.341819
4.072280 -2.424665
3.932280 -2.504710
3.792280 -2.581956
3.652280 -2.656402
3.512280 -2.728047
3.372280 -2.796893
3.232280 -2.862938
3.092280 -2.926184
2.952280 -2.986630
2.812280 -3.044275
2.672280 -3.099121
2.532280 -3.151166
2.392280 -3.200412
2.252280 -3.246858
2.112280 -3.290503
1.972280 -3.331349
1.832280 -3.369394
1.692280 -3.404640
1.552280 -3.437086
1.412280 -3.466731
1.272280 -3.493577
1.132280 -3.517622
0.992280 -3.538868
0.852280 -3.557314
0.712280 -3.572959
0.572280 -3.585805
0.432280 -3.595850
0.292280 -3.603096
0.152280 -3.607542
0.012280 -3.609187
-0.127860 -3.608030
-0.267860 -3.604073
-0.407860 -3.597316
-0.547860 -3.587759
-0.687860 -3.575402
-0.827860 -3.560244
-0.967860 -3.542287
-1.107860 -3.521530
-1.247860 -3.497973
-1.387860 -3.471616
-1.527860 -3.442458
-1.667860 -3.410501
-1.807860 -3.375744
-1.947860 -3.338187
-2.087860 -3.297830
-2.227860 -3.254672
-2.367860 -3.208715
-2.507860 -3.159958
-2.647860 -3.108401
-2.787860 -3.054044
-2.927860 -2.996886
-3.067860 -2.936929
-3.207860 -2.874172
-3.347860 -2.808615
-3.487860 -2.740258
-3.627860 -2.669100
-3.767860 -2.595143
-3.907860 -2.518386
-4.047860 -2.438829
-4.187860 -2.356472
-4.327860 -2.271314
-4.467860 -2.183357
-4.607860 -2.092600
-4.747860 -1.999043
-4.887860 -1.902686
-5.027860 -1.803528
-5.167860 -1.701571
-5.307860 -1.596814
-5.447860 -1.489257
-5.587860 -1.378900
-5.727860 -1.265743
-5.867860 -1.149785
-6.007860 -1.031028
-6.147860 -0.909471
-6.287860 -0.785114
-6.427860 -0.657957
-6.567860 -0.527999
-6.707860 -0.395242
-6.847860 -0.259685
-6.987860 -0.121328
-7.038677 0.185846
-6.567878 1.469668
-6.143450 2.673060
-5.757166 3.803595
-5.402572 4.867538
-5.074533 5.870113
-4.768916 6.815714
-4.482356 7.708065
-4.212088 8.550338
-3.955819 9.345255
-3.711628 10.095157
-3.477896 10.802068
-3.253248 11.467744
-3.036505 12.093712
-2.826652 12.681299
-2.622806 13.231667
-2.424196 13.745823
-2.230142 14.224650
-2.040042 14.668912
-1.853358 15.079270
-1.669605 15.456296
-1.488341 15.800477
-1.309163 16.112224
-1.131698 16.391879
-0.955598 16.639717
-0.780534 16.855956
-0.606192 17.040753
-0.432270 17.194210
-0.258473 17.316377
-0.084509 17.407250
0.051680 17.337058
0.151680 17.136855
0.251680 16.936451
0.351680 16.735848
0.451680 16.535045
0.551680 16.334041
0.651680 16.132838
0.751680 15.931435
0.851680 15.729831
0.951680 15.528028
1.051680 15.326025
1.151680 15.123821
1.251680 14.921418
1.351680 14.718815
1.451680 14.516011
1.551680 14.313008
1.651680 14.109804
1.751680 13.906401
1.851680 13.702798
