1.000000 4.000000
1.050000 3.898975
1.100000 3.797900
1.150000 3.696775
1.200000 3.595600
1.250000 3.494375
1.300000 3.393100
1.350000 3.291775
1.400000 3.190400
1.450000 3.088975
1.500000 2.987500
1.550000 2.885975
1.600000 2.784400
1.650000 2.682775
1.700000 2.581100
1.750000 2.479375
1.800000 2.377600
1.850000 2.275775
1.900000 2.173900
1.950000 2.071975
2.000000 1.970000
2.050000 1.867975
2.100000 1.765900
2.150000 1.663775
2.200000 1.561600
2.250000 1.459375
2.300000 1.357100
2.350000 1.254775
2.400000 1.152400
2.450000 1.049975
2.500000 0.947500
2.550000 0.844975
2.600000 0.742400
2.650000 0.639775
2.700000 0.537100
2.750000 0.434375
2.800000 0.331600
2.850000 0.228775
2.900000 0.125900
2.950000 0.022975
2.906829 -0.022896
2.836829 -0.051614
2.766829 -0.079632
2.696829 -0.106951
2.626829 -0.133569
2.556829 -0.159487
2.486829 -0.184705
2.416829 -0.209224
2.346829 -0.233042
2.276829 -0.256160
2.206829 -0.278579
2.136829 -0.300297
2.066829 -0.321315
1.996829 -0.341633
1.926829 -0.361252
1.856829 -0.380170
1.786829 -0.398388
1.716829 -0.415907
1.646829 -0.432725
1.576829 -0.448843
1.506829 -0.464261
1.436829 -0.478980
1.366829 -0.492998
1.296829 -0.506316
1.226829 -0.518935
1.156829 -0.530853
1.086829 -0.542071
1.016829 -0.552589
0.946829 -0.562408
0.876829 -0.571526
0.806829 -0.579944
0.736829 -0.587663
0.666829 -0.594681
0.596829 -0.600999
0.526829 -0.606617
0.456829 -0.611536
0.386829 -0.615754
0.316829 -0.619272
0.246829 -0.622091
0.176829 -0.624209
0.106829 -0.625627
0.036829 -0.626345
-0.033241 -0.626363
-0.103241 -0.625681
-0.173241 -0.624299
-0.243241 -0.622216
-0.313241 -0.619434
-0.383241 -0.615951
-0.453241 -0.611769
-0.523241 -0.606887
-0.593241 -0.601304
-0.663241 -0.595022
-0.733241 -0.588039
-0.803241 -0.580357
-0.873241 -0.571974
-0.943241 -0.562892
-1.013241 -0.553110
-1.083241 -0.542627
-1.153241 -0.531445
-1.223241 -0.519562
-1.293241 -0.506980
-1.363241 -0.493698
-1.433241 -0.479715
-1.503241 -0.465033
-1.573241 -0.449650
-1.643241 -0.433568
-1.713241 -0.416785
-1.783241 -0.399303
-1.853241 -0.381121
-1.923241 -0.362238
-1.993241 -0.342656
-2.063241 -0.322373
-2.133241 -0.301391
-2.203241 -0.279709
-2.273241 -0.257326
-2.343241 -0.234244
-2.413241 -0.210461
-2.483241 -0.185979
-2.553241 -0.160796
-2.623241 -0.134914
-2.693241 -0.108332
-2.763241 -0.081049
-2.833241 -0.053067
-2.903241 -0.024384
-2.954132 0.049920
-2.910158 0.343815
-2.866006 0.633743
-2.821682 0.919691
-2.777192 1.201641
-2.732539 1.479580
-2.687730 1.753494
-2.642767 2.023367
-2.597655 2.289187
-2.552398 2.550941
-2.506999 2.808614
-2.461462 3.062196
-2.415790 3.311674
-2.369986 3.557035
-2.324053 3.798267
-2.277992 4.035360
-2.231807 4.268302
-2.185500 4.497082
-2.139073 4.721689
-2.092528 4.942112
-2.045866 5.158340
-1.999089 5.370364
-1.952199 5.578173
-1.905197 5.781756
-1.858084 5.981105
-1.810862 6.176208
-1.763530 6.367057
-1.716091 6.553640
-1.668544 6.735950
-1.620891 6.913975
-1.573132 7.087707
-1.525267 7.257136
-1.477296 7.422252
-1.429220 7.583046
-1.381039 7.739508
-1.332752 7.891630
-1.284360 8.039401
-1.235862 8.182811
-1.187258 8.321853
-1.138548 8.456515
-1.089730 8.586788
-1.040805 8.712663
-0.991771 8.834130
-0.942627 8.951178
-0.893373 9.063799
-0.844007 9.171982
-0.794529 9.275717
-0.744937 9.374994
-0.695230 9.469802
-0.645405 9.560132
-0.595462 9.645972
-0.545399 9.727311
-0.495214 9.804140
-0.444905 9.876446
-0.394469 9.944219
-0.343906 10.007447
-0.293211 10.066118
-0.242384 10.120221
-0.191421 10.169743
-0.140319 10.214672
-0.089076 10.254996
-0.037689 10.290702
0.013471 10.287080
0.063471 10.187042
0.113471 10.086953
0.163471 9.986815
0.213471 9.886626
0.263471 9.786388
0.313471 9.686099
0.363471 9.585761
0.413471 9.485372
0.463471 9.384934
0.513471 9.284446
0.563471 9.183907
0.613471 9.083319
0.663471 8.982680
0.713471 8.881992
0.763471 8.781253
0.813471 8.680465
0.863471 8.579626
0.913471 8.478738
0.963471 8.377799
1.013471 8.276811
1.063471 8.175772
1.113471 8.074684
1.163471 7.973545
1.213471 7.872357
1.263471 7.771118
1.313471 7.669830
1.363471 7.568492
1.413471 7.467103
1.463471 7.365665
1.513471 7.264176
1.563471 7.162638
1.613471 7.061049
1.663471 6.959411
1.713471 6.857722
1.763471 6.755984
1.813471 6.654195
1.863471 6.552357
1.913471 6.450468
1.963471 6.348530
2.013471 6.246541
2.063471 6.144503
2.113471 6.042414
2.163471 5.940276
2.213471 5.838087
2.263471 5.735849
2.313471 5.633561
2.363471 5.531222
2.413471 5.428834
2.463471 5.326395
2.513471 5.223907
2.563471 5.121368
2.613471 5.018780
2.663471 4.916141
2.713471 4.813453
2.763471 4.710714
2.813471 4.607926
2.863471 4.505087
2.913471 4.402199
2.963471 4.299260
3.013471 4.196272
3.063471 4.093233
3.113471 3.990145
3.163471 3.887007
3.213471 3.783818
3.263471 3.680580
3.313471 3.577291
3.363471 3.473953
3.413471 3.370564
3.463471 3.267126
3.513471 3.163637
3.563471 3.060099
3.613471 2.956510
3.663471 2.852872
3.713471 2.749183
3.763471 2.645445
3.813471 2.541656
3.863471 2.437818
3.913471 2.333929
3.963471 2.229991
4.013471 2.126003
4.063471 2.021964
4.113471 1.917876
4.163471 1.813737
4.213471 1.709549
4.263471 1.605310
4.313471 1.501022
4.363471 1.396683
4.413471 1.292295
4.463471 1.187856
4.513471 1.083368
4.563471 0.978829
4.613471 0.874241
4.663471 0.769602
4.713471 0.664914
4.763471 0.560175
4.813471 0.455387
4.863471 0.350549
4.913471 0.245660
4.963471 0.140722
5.013471 0.035733
4.984350 -0.033142
4.914350 -0.082635
4.844350 -0.131429
4.774350 -0.179522
4.704350 -0.226916
4.634350 -0.273609
4.564350 -0.319603
4.494350 -0.364896
4.424350 -0.409490
4.354350 -0.453383
4.284350 -0.496577
4.214350 -0.539070
4.144350 -0.580864
4.074350 -0.621957
4.004350 -0.662351
3.934350 -0.702044
3.864350 -0.741038
3.794350 -0.779332
3.724350 -0.816925
3.654350 -0.853819
3.584350 -0.890012
3.514350 -0.925506
3.444350 -0.960299
3.374350 -0.994393
3.304350 -1.027786
3.234350 -1.060480
3.164350 -1.092473
3.094350 -1.123767
3.024350 -1.154360
2.954350 -1.184254
2.884350 -1.213447
2.814350 -1.241941
2.744350 -1.269734
2.674350 -1.296828
2.604350 -1.323221
2.534350 -1.348915
2.464350 -1.373908
2.394350 -1.398202
2.324350 -1.421795
2.254350 -1.444689
2.184350 -1.466882
2.114350 -1.488376
2.044350 -1.509169
1.974350 -1.529263
1.904350 -1.548656
1.834350 -1.567350
1.764350 -1.585343
1.694350 -1.602637
1.624350 -1.619230
1.554350 -1.635124
1.484350 -1.650317
1.414350 -1.664811
1.344350 -1.678604
1.274350 -1.691698
1.204350 -1.704091
1.134350 -1.715785
1.064350 -1.726778
0.994350 -1.737072
0.924350 -1.746665
0.854350 -1.755559
0.784350 -1.763752
0.714350 -1.771246
0.644350 -1.778039
0.574350 -1.784133
0.504350 -1.789526
0.434350 -1.794220
0.364350 -1.798213
0.294350 -1.801507
0.224350 -1.804100
0.154350 -1.805994
0.084350 -1.807187
0.014350 -1.807681
-0.055720 -1.807474
-0.125720 -1.806567
-0.195720 -1.804959
-0.265720 -1.802652
-0.335720 -1.799645
-0.405720 -1.795938
-0.475720 -1.791531
-0.545720 -1.786423
-0.615720 -1.780616
-0.685720 -1.774109
-0.755720 -1.766902
-0.825720 -1.758995
-0.895720 -1.750387
-0.965720 -1.741080
-1.035720 -1.731073
-1.105720 -1.720366
-1.175720 -1.708959
-1.245720 -1.696851
-1.315720 -1.684044
-1.385720 -1.670537
-1.455720 -1.656330
-1.525720 -1.641423
-1.595720 -1.625815
-1.665720 -1.609508
-1.735720 -1.592501
-1.805720 -1.574794
-1.875720 -1.556387
-1.945720 -1.537279
-2.015720 -1.517472
-2.085720 -1.496965
-2.155720 -1.475758
-2.225720 -1.453851
-2.295720 -1.431243
-2.365720 -1.407936
-2.435720 -1.383929
-2.505720 -1.359222
-2.575720 -1.333815
-2.645720 -1.307707
-2.715720 -1.280900
-2.785720 -1.253393
-2.855720 -1.225186
-2.925720 -1.196279
-2.995720 -1.166671
-3.065720 -1.136364
-3.135720 -1.105357
-3.205720 -1.073650
-3.275720 -1.041243
-3.345720 -1.008136
-3.415720 -0.974328
-3.485720 -0.939821
-3.555720 -0.904614
-3.625720 -0.868707
-3.695720 -0.832100
-3.765720 -0.794792
-3.835720 -0.756785
-3.905720 -0.718078
-3.975720 -0.678671
-4.045720 -0.638564
-4.115720 -0.597756
-4.185720 -0.556249
-4.255720 -0.514042
-4.325720 -0.471135
-4.395720 -0.427528
-4.465720 -0.383220
-4.535720 -0.338213
-4.605720 -0.292506
-4.675720 -0.246099
-4.745720 -0.198992
-4.815720 -0.151184
-4.885720 -0.102677
-4.955720 -0.053470
-5.025720 -0.003563
-4.914840 0.443741
-4.793640 0.910596
-4.675860 1.366699
-4.561259 1.812346
-4.449615 2.247814
-4.340725 2.673359
-4.234403 3.089222
-4.130476 3.495624
-4.028788 3.892774
-3.929191 4.280868
-3.831550 4.660087
-3.735742 5.030602
-3.641649 5.392572
-3.549165 5.746147
-3.458190 6.091467
-3.368630 6.428664
-3.280399 6.757861
-3.193415 7.079173
-3.107604 7.392711
-3.022893 7.698575
-2.939218 7.996862
-2.856515 8.287663
-2.774725 8.571063
-2.693795 8.847140
-2.613672 9.115970
-2.534307 9.377623
-2.455654 9.632166
-2.377669 9.879661
-2.300310 10.120166
-2.223540 10.353735
-2.147320 10.580419
-2.071614 10.800268
-1.996390 11.013324
-1.921615 11.219631
-1.847258 11.419227
-1.773289 11.612149
-1.699682 11.798430
-1.626407 11.978102
-1.553440 12.151193
-1.480755 12.317730
-1.408328 12.477737
-1.336136 12.631236
-1.264156 12.778247
-1.192366 12.918790
-1.120744 13.052878
-1.049269 13.180528
-0.977922 13.301751
-0.906682 13.416557
-0.835529 13.524956
-0.764445 13.626954
-0.693410 13.722558
-0.622405 13.811769
-0.551412 13.894591
-0.480412 13.971023
-0.409388 14.041064
-0.338320 14.104711
-0.267190 14.161960
-0.195980 14.212803
-0.124671 14.257233
-0.053246 14.295241
0.012859 14.293806
0.062859 14.193768
0.112859 14.093680
0.162859 13.993542
0.212859 13.893354
0.262859 13.793116
0.312859 13.692828
0.362859 13.592491
0.412859 13.492103
0.462859 13.391665
