5.000000 5.000000 5.000000
5.008668 5.438893 5.050857
5.034176 5.876503 5.110284
5.075840 6.314156 5.178639
5.133052 6.753089 5.256368
5.205275 7.194455 5.344007
5.292039 7.639320 5.442176
5.392929 8.088669 5.551576
5.507586 8.543398 5.672989
5.635697 9.004321 5.807281
5.776993 9.472161 5.955394
5.931239 9.947551 6.118352
6.098235 10.431025 6.297261
6.277808 10.923017 6.493306
6.469804 11.423849 6.707754
6.674088 11.933727 6.941950
6.890535 12.452729 7.197321
7.119024 12.980793 7.475368
7.359436 13.517708 7.777668
7.611642 14.063097 8.105865
7.875502 14.616403 8.461668
8.150856 15.176874 8.846837
8.437516 15.743546 9.263179
8.735258 16.315225 9.712529
9.043816 16.890466 10.196737
9.362875 17.467560 10.717644
9.692055 18.044512 11.277063
10.030910 18.619023 11.876745
10.378914 19.188481 12.518353
10.735455 19.749939 13.203417
11.099818 20.300114 13.933296
11.471186 20.835374 14.709132
11.848621 21.351745 15.531792
12.231060 21.844916 16.401816
12.617308 22.310255 17.319358
13.006026 22.742833 18.284119
13.395733 23.137465 19.295285
13.784795 23.488754 20.351466
14.171430 23.791158 21.450633
14.553705 24.039061 22.590062
14.929543 24.226870 23.766288
15.296732 24.349113 24.975070
15.652936 24.400558 26.211368
15.995712 24.376341 27.469338
16.322532 24.272097 28.742354
16.630807 24.084107 30.023050
16.917922 23.809428 31.303384
17.181261 23.446028 32.574735
17.418257 22.992912 33.828028
17.626423 22.450216 35.053879
17.803400 21.819292 36.242770
17.946998 21.102751 37.385234
18.055241 20.304483 38.472059
18.126410 19.429628 39.494497
18.159075 18.484513 40.444461
18.152135 17.476551 41.314727
18.104840 16.414102 42.099095
18.016814 15.306298 42.792543
17.888066 14.162847 43.391328
17.718993 12.993821 43.893062
17.510375 11.809427 44.296736
17.263360 10.619788 44.602708
16.979443 9.434724 44.812644
16.660436 8.263563 44.929428
16.308434 7.114962 44.957039
15.925773 5.996771 44.900398
15.514987 4.915923 44.765202
15.078765 3.878360 44.557753
14.619900 2.888997 44.284779
14.141251 1.951715 43.953259
13.645696 1.069383 43.570265
13.136092 0.243904 43.142817
12.615242 -0.523714 42.677755
12.085863 -1.233276 42.181632
11.550557 -1.885312 41.660630
11.011792 -2.480975 41.120499
10.471881 -3.021943 40.566507
9.932974 -3.510324 40.003420
9.397046 -3.948560 39.435488
8.865894 -4.339346 38.866454
8.341136 -4.685549 38.299561
7.824210 -4.990144 37.737582
7.316381 -5.256148 37.182847
6.818746 -5.486576 36.637276
6.332241 -5.684397 36.102417
5.857652 -5.852500 35.579484
4.637131 -5.588963 34.896875
3.566069 -5.365315 34.254101
2.629880 -5.184204 33.645786
1.809855 -5.043947 33.066886
1.089459 -4.942608 32.513467
0.454121 -4.878173 31.982492
-0.108974 -4.848674 31.471632
-0.611082 -4.852262 30.979121
-1.062078 -4.887259 30.503649
-1.470624 -4.952191 30.044267
-1.844319 -5.045803 29.600321
-2.189839 -5.167063 29.171406
-2.513051 -5.315168 28.757322
-2.819132 -5.489534 28.358053
-3.112656 -5.689792 27.973746
-3.397687 -5.915780 27.604701
-3.677851 -6.167526 27.251369
-3.956404 -6.445246 26.914348
-4.236286 -6.749323 26.594386
-4.520178 -7.080298 26.292395
-4.810541 -7.438855 26.009453
-5.109653 -7.825805 25.746825
-5.419647 -8.242073 25.505975
-5.742528 -8.688672 25.288586
-6.080203 -9.166686 25.096583
-6.434495 -9.677246 24.932154
-6.807152 -10.221494 24.797777
-7.199859 -10.800556 24.696247
-7.614238 -11.415492 24.630704
-8.051847 -12.067252 24.604663
-8.514170 -12.756616 24.622039
-9.002604 -13.484120 24.687175
-9.518439 -14.249977 24.804860
-10.062828 -15.053983 24.980348
-10.636752 -15.895398 25.219358
-11.240978 -16.772825 25.528064
-11.875999 -17.684063 25.913071
-12.541974 -18.625946 26.381353
-13.238648 -19.594175 26.940174
-13.965269 -20.583128 27.596956
-14.720489 -21.585677 28.359109
-15.502259 -22.593010 29.233800
-16.307715 -23.594467 30.227656
-17.133060 -24.577419 31.346409
-17.973453 -25.527206 32.594460
-18.822902 -26.427153 33.974383
-19.674183 -27.258707 35.486378
-20.518779 -28.001714 37.127692
-21.346874 -28.634863 38.892044
-22.147400 -29.136320 40.769102
-22.908154 -29.484551 42.744080
-23.616008 -29.659330 44.797505
-24.257203 -29.642878 46.905238
-24.817739 -29.421079 49.038807
-25.283857 -28.984671 51.166091
-25.642586 -28.330296 53.252365
-25.882327 -27.461283 55.261679
-25.993444 -26.388055 57.158474
-25.968811 -25.128059 58.909332
-25.804256 -23.705189 60.484688
-25.498888 -22.148724 61.860334
-25.055235 -20.491850 63.018571
-24.479207 -18.769923 63.948894
-23.779868 -17.018626 64.648140
-22.969040 -15.272204 65.120128
-22.060771 -13.561933 65.374853
-21.070723 -11.914942 65.427348
-20.015508 -10.353443 65.296361
-18.912052 -8.894378 65.002991
-17.776995 -7.549449 64.569398
-16.626188 -6.325456 64.017683
-15.474281 -5.224850 63.368995
-14.334429 -4.246428 62.642880
-13.218099 -3.386064 61.856862
-12.134984 -2.637443 61.026237
-11.092993 -1.992728 60.164034
-10.098309 -1.443144 59.281096
-9.155504 -0.979465 58.386255
-8.267682 -0.592398 57.486548
-7.436641 -0.272879 56.587463
-6.663052 -0.012280 55.693183
-5.946631 0.197446 54.806813
-5.286306 0.363686 53.930593
-4.680374 0.493127 53.066074
-4.126643 0.591744 52.214280
-3.622555 0.664824 51.375833
-3.165301 0.716995 50.551054
-2.751912 0.752277 49.740049
-2.379340 0.774126 48.942775
-2.044518 0.785491 48.159083
-1.744419 0.788870 47.388757
-1.476094 0.786359 46.631544
-1.236704 0.779701 45.887168
-1.023541 0.770336 45.155346
-0.834049 0.759441 44.435796
-0.721524 0.777994 43.853622
-0.661920 0.818023 43.386140
-0.603184 0.853028 42.923711
-0.545472 0.883315 42.466307
-0.488924 0.909190 42.013897
-0.433661 0.930955 41.566442
-0.379787 0.948906 41.123902
-0.327393 0.963333 40.686234
-0.276552 0.974519 40.253390
-0.227325 0.982736 39.825322
-0.179761 0.988249 39.401979
-0.133894 0.991310 38.983308
-0.089751 0.992162 38.569255
-0.047345 0.991037 38.159766
-0.006680 0.988153 37.754786
0.032245 0.983720 37.354259
0.069443 0.977934 36.958131
0.104931 0.970980 36.566344
0.138736 0.963031 36.178845
0.170886 0.954250 35.795580
0.201417 0.944789 35.416493
0.230369 0.934787 35.041533
0.257786 0.924375 34.670646
0.283713 0.913674 34.303781
0.308199 0.902793 33.940889
0.331298 0.891836 33.581919
0.353061 0.880894 33.226822
0.373543 0.870052 32.875552
0.392800 0.859388 32.528062
0.410889 0.848970 32.184306
0.427865 0.838862 31.844239
0.443787 0.829119 31.507819
0.458711 0.819791 31.175002
0.472692 0.810923 30.845747
0.485788 0.802554 30.520013
0.498052 0.794720 30.197759
0.509539 0.787449 29.878947
0.520302 0.780769 29.563539
0.530394 0.774702 29.251496
0.539864 0.769267 28.942782
0.548762 0.764481 28.637360
0.557137 0.760357 28.335196
0.565035 0.756908 28.036254
0.572502 0.754141 27.740499
0.579581 0.752065 27.447899
0.586314 0.750686 27.158420
0.592744 0.750009 26.872030
0.598908 0.750036 26.588696
0.604846 0.750771 26.308388
0.610594 0.752216 26.031073
0.616188 0.754371 25.756722
0.621660 0.757239 25.485305
0.627045 0.760820 25.216792
0.632372 0.765114 24.951154
0.637674 0.770123 24.688362
0.642978 0.775848 24.428388
0.648313 0.782289 24.171205
0.653705 0.789448 23.916784
0.659181 0.797328 23.665100
0.664765 0.805930 23.416124
0.670482 0.815259 23.169833
0.676355 0.825318 22.926199
0.682406 0.836112 22.685198
0.688658 0.847646 22.446805
0.695132 0.859927 22.210995
0.701849 0.872962 21.977744
0.708828 0.886760 21.747030
0.716090 0.901330 21.518829
0.723654 0.916682 21.293118
0.731538 0.932828 21.069875
0.739763 0.949781 20.849079
0.748346 0.967554 20.630709
0.757306 0.986164 20.414743
0.766661 1.005626 20.201162
0.776429 1.025957 19.989946
0.786629 1.047178 19.781076
0.797279 1.069309 19.574534
0.808398 1.092371 19.370301
0.820003 1.116388 19.168359
0.832115 1.141384 18.968694
0.844751 1.167387 18.771287
0.857932 1.194422 18.576124
0.871677 1.222522 18.383189
0.886006 1.251715 18.192469
0.900941 1.282035 18.003951
0.916501 1.313517 17.817621
0.932709 1.346197 17.633469
0.949588 1.380112 17.451482
0.967159 1.415304 17.271652
0.985447 1.451812 17.093968
1.004477 1.489683 16.918423
1.024272 1.528960 16.745010
1.044860 1.569693 16.573723
1.066268 1.611930 16.404557
1.088523 1.655726 16.237508
1.111654 1.701133 16.072575
1.135691 1.748209 15.909755
1.160666 1.797014 15.749050
1.186610 1.847608 15.590462
1.213557 1.900057 15.433994
1.241542 1.954427 15.279652
1.270600 2.010788 15.127443
1.300770 2.069212 14.977376
1.332089 2.129776 14.829463
1.364598 2.192555 14.683716
1.398340 2.257634 14.540151
1.433357 2.325095 14.398788
1.469694 2.395026 14.259646
1.507399 2.467518 14.122750
1.546520 2.542666 13.988127
1.587108 2.620567 13.855806
1.629215 2.701323 13.725821
1.672895 2.785038 13.598209
1.718205 2.871821 13.473013
1.765204 2.961784 13.350276
1.813952 3.055044 13.230049
1.864513 3.151720 13.112388
1.916951 3.251937 12.997351
1.971335 3.355823 12.885004
2.027734 3.463509 12.775419
2.086221 3.575132 12.668673
2.146872 3.690832 12.564852
2.209764 3.810752 12.464045
2.274979 3.935042 12.366353
2.342598 4.063853 12.271884
2.412708 4.197341 12.180753
2.485399 4.335666 12.093087
2.560761 4.478991 12.009021
2.638889 4.627483 11.928702
2.719881 4.781311 11.852288
2.803837 4.940649 11.779949
2.890861 5.105672 11.711868
2.981058 5.276557 11.648242
3.074538 5.453484 11.589283
3.171411 5.636632 11.535218
3.271794 5.826184 11.486291
3.375802 6.022319 11.442764
3.483555 6.225216 11.404917
3.595176 6.435055 11.373050
3.710787 6.652008 11.347484
3.830516 6.876246 11.328562
3.954489 7.107933 11.316650
4.082834 7.347226 11.312140
4.215683 7.594273 11.315448
4.353165 7.849210 11.327017
4.495410 8.112160 11.347318
4.642548 8.383231 11.376852
4.794707 8.662510 11.416150
4.952014 8.950067 11.465774
5.114592 9.245941 11.526318
5.282561 9.550148 11.598408
5.456037 9.862667 11.682704
5.635127 10.183443 11.779902
5.819934 10.512378 11.890728
6.010552 10.849327 12.015943
6.207062 11.194092 12.156341
6.409536 11.546419 12.312747
6.618029 11.905987 12.486016
6.832583 12.272404 12.677031
7.053219 12.645201 12.886697
7.279938 13.023822 13.115941
7.512718 13.407618 13.365707
7.751509 13.795840 13.636946
7.996233 14.187629 13.930612
8.246778 14.582010 14.247654
8.502996 14.977885 14.589006
8.764699 15.374024 14.955574
9.031657 15.769057 15.348225
9.303590 16.161475 15.767771
9.580169 16.549616 16.214958
9.861008 16.931670 16.690439
10.145663 17.305672 17.194765
10.433629 17.669504 17.728354
10.724331 18.020900 18.291479
11.017128 18.357449 18.884234
11.311307 18.676608 19.506516
11.606077 18.975708 20.158001
11.900576 19.251982 20.838112
12.193863 19.502575 21.546001
12.484922 19.724578 22.280524
12.772660 19.915057 23.040220
13.055914 20.071085 23.823289
13.333452 20.189789 24.627585
13.603980 20.268389 25.450601
13.866146 20.304248 26.289468
14.118555 20.294927 27.140958
14.359773 20.238232 28.001493
14.588344 20.132275 28.867170
14.802799 19.975523 29.733785
15.001677 19.766850 30.596871
15.183538 19.505586 31.451748
15.346982 19.191555 32.293577
15.490668 18.825115 33.117424
15.613332 18.407173 33.918332
15.713804 17.939206 34.691393
15.791034 17.423257 35.431832
15.844099 16.861926 36.135085
15.872229 16.258345 36.796878
15.874814 15.616136 37.413299
15.851420 14.939363 37.980873
15.801797 14.232471 38.496614
15.725886 13.500208 38.958081
15.623820 12.747554 39.363408
15.495926 11.979632 39.711332
15.342720 11.201621 40.001200
15.164900 10.418674 40.232963
14.963340 9.635832 40.407156
14.739069 8.857947 40.524869
14.493264 8.089611 40.587702
14.227231 7.335101 40.597714
13.942382 6.598322 40.557362
13.640220 5.882773 40.469441
13.322320 5.191520 40.337011
12.990303 4.527176 40.163337
12.645824 3.891904 39.951818
12.290544 3.287413 39.705927
11.926123 2.714981 39.429151
11.554192 2.175471 39.124945
11.176349 1.669357 38.796678
10.794138 1.196761 38.447601
10.409042 0.757484 38.080811
10.022471 0.351044 37.699230
9.635758 -0.023286 37.305582
9.250149 -0.366443 36.902386
8.866801 -0.679537 36.491946
8.486781 -0.963814 36.076349
8.111062 -1.220630 35.657469
7.740524 -1.451419 35.236973
7.375955 -1.657664 34.816326
7.018053 -1.840880 34.396805
6.667430 -2.002589 33.979510
6.324614 -2.144304 33.565378
5.990053 -2.267517 33.155192
5.664120 -2.373681 32.749601
5.347118 -2.464208 32.349131
5.039282 -2.540453 31.954196
4.740788 -2.603717 31.565116
4.451752 -2.655237 31.182123
4.172242 -2.696183 30.805376
3.902277 -2.727662 30.434971
3.641833 -2.750712 30.070949
3.390847 -2.766306 29.713308
3.149223 -2.775350 29.362005
2.916834 -2.778688 29.016968
2.545724 -2.699603 28.619534
1.999904 -2.521204 28.141798
1.528901 -2.377753 27.678022
1.121277 -2.265723 27.226538
0.767161 -2.181999 26.786087
0.458033 -2.123854 26.355718
0.186547 -2.088928 25.934715
-0.053633 -2.075207 25.522534
-0.267977 -2.080992 25.118767
-0.461211 -2.104874 24.723107
-0.637425 -2.145714 24.335330
-0.800169 -2.202617 23.955274
-0.952534 -2.274910 23.582833
-1.097225 -2.362131 23.217946
-1.236618 -2.464004 22.860594
-1.372821 -2.580433 22.510797
-1.507717 -2.711486 22.168614
-1.643005 -2.857385 21.834146
-1.780234 -3.018504 21.507534
-1.920838 -3.195352 21.188965
-2.066160 -3.388581 20.878677
-2.217477 -3.598971 20.576966
-2.376020 -3.827435 20.284191
-2.542993 -4.075018 20.000782
-2.719591 -4.342891 19.727254
-2.907014 -4.632356 19.464217
-3.106478 -4.944846 19.212389
-3.319230 -5.281925 18.972613
-3.546558 -5.645288 18.745875
-3.789801 -6.036763 18.533329
-4.050354 -6.458307 18.336315
-4.329682 -6.912005 18.156394
-4.629319 -7.400064 17.995373
-4.950880 -7.924806 17.855350
-5.296057 -8.488653 17.738747
-5.666627 -9.094108 17.648361
-6.064444 -9.743731 17.587413
-6.491443 -10.440104 17.559607
-6.949622 -11.185783 17.569189
-7.441035 -11.983236 17.621016
-7.967775 -12.834766 17.720624
-8.531940 -13.742414 17.874300
-9.135604 -14.707827 18.089155
-9.780767 -15.732108 18.373186
-10.469297 -16.815626 18.735331
-11.202854 -17.957788 19.185508
-11.982793 -19.156762 19.734619
-12.810053 -20.409167 20.394514
-13.685013 -21.709708 21.177897
-14.607332 -23.050771 22.098153
-15.575751 -24.421992 23.169064
-16.587880 -25.809806 24.404411
-17.639952 -27.197026 25.817405
-18.726565 -28.562461 27.419953
-19.840416 -29.880676 29.221726
-20.972048 -31.121921 31.229039
-22.109629 -32.252354 33.443566
-23.238801 -33.234627 35.860944
-24.342621 -34.028929 38.469373
-25.401664 -34.594554 41.248363
-26.394290 -34.892004 44.167797
-27.297149 -34.885570 47.187562
-28.085915 -34.546236 50.257930
-28.736264 -33.854660 53.320894
-29.225042 -32.803865 56.312510
-29.531575 -31.401263 59.166198
-29.638989 -29.669614 61.816743
-29.535427 -27.646649 64.204612
-29.215018 -25.383253 66.280059
-28.678479 -22.940333 68.006479
-27.933263 -20.384717 69.362573
-26.993228 -17.784603 70.343036
-25.877861 -15.205125 70.957767
-24.611147 -12.704563 71.229776
-23.220203 -10.331573 71.192202
-21.733833 -8.123606 70.884882
-20.181127 -6.106500 70.350946
-18.590230 -4.295056 69.633782
-16.987330 -2.694329 68.774623
-15.395928 -1.301343 67.810838
-13.836370 -0.106958 66.774917
-12.325626 0.902330 65.694056
-10.877279 1.742771 64.590206
-9.501661 2.432024 63.480451
-8.206112 2.988109 62.377573
-6.995302 3.428632 61.290709
-5.871587 3.770260 60.226019
-4.835375 4.028389 59.187315
-4.063247 4.313484 58.269614
-3.725774 4.761607 57.581039
-3.384995 5.157685 56.899928
-3.043044 5.503634 56.228043
-2.701890 5.801595 55.566858
-2.363339 6.053876 54.917566
-2.029033 6.262914 54.281088
-1.700450 6.431223 53.658089
-1.378914 6.561364 53.049000
-1.065593 6.655913 52.454035
-0.761510 6.717431 51.873220
-0.467549 6.748446 51.306411
-0.184459 6.751433 50.753325
0.087134 6.728802 50.213558
0.346724 6.682882 49.686612
0.593912 6.615918 49.171912
0.828402 6.530062 48.668828
1.049992 6.427369 48.176693
1.258567 6.309795 47.694816
1.454091 6.179194 47.222501
1.636599 6.037319 46.759055
1.806192 5.885821 46.303797
1.963031 5.726251 45.856074
2.107329 5.560062 45.415258
2.239344 5.388609 44.980759
2.359376 5.213152 44.552027
2.467763 5.034858 44.128552
2.564871 4.854806 43.709869
2.651093 4.673985 43.295558
2.726844 4.493303 42.885242
2.792556 4.313583 42.478589
2.848677 4.135572 42.075309
2.895662 3.959942 41.675153
2.933974 3.787292 41.277908
2.964083 3.618153 40.883399
2.986456 3.452992 40.491483
3.001561 3.292212 40.102046
3.009862 3.136160 39.715002
3.011817 2.985126 39.330291
3.007876 2.839352 38.947871
2.998480 2.699029 38.567722
2.984061 2.564305 38.189838
2.965037 2.435287 37.814226
2.941814 2.312044 37.440908
2.914784 2.194610 37.069911
2.884323 2.082988 36.701271
2.850795 1.977155 36.335029
2.814545 1.877059 35.971231
2.775904 1.782628 35.609923
2.735185 1.693769 35.251156
2.692687 1.610372 34.894977
2.648691 1.532314 34.541435
2.603463 1.459456 34.190577
2.557251 1.391652 33.842448
2.510290 1.328745 33.497089
2.462798 1.270573 33.154540
2.414977 1.216967 32.814837
2.367017 1.167758 32.478012
2.319092 1.122771 32.144095
2.271363 1.081833 31.813110
2.223977 1.044771 31.485080
2.177069 1.011412 31.160022
2.130763 0.981587 30.837952
2.085171 0.955128 30.518881
2.040392 0.931874 30.202818
1.996518 0.911664 29.889767
1.953629 0.894346 29.579731
1.911798 0.879771 29.272710
1.871087 0.867796 28.968701
1.831552 0.858284 28.667699
1.793240 0.851104 28.369696
1.756193 0.846131 28.074685
1.720446 0.843247 27.782654
1.686026 0.842340 27.493590
1.652958 0.843305 27.207481
1.621259 0.846042 26.924310
1.590944 0.850459 26.644063
1.562023 0.856468 26.366722
1.534501 0.863991 26.092270
1.508383 0.872952 25.820687
1.483666 0.883283 25.551956
1.460351 0.894922 25.286056
1.438430 0.907812 25.022968
1.417899 0.921902 24.762673
1.398747 0.937144 24.505149
1.380967 0.953499 24.250376
1.364546 0.970930 23.998335
1.349474 0.989406 23.749004
1.335737 1.008899 23.502364
1.323322 1.029389 23.258394
1.312217 1.050856 23.017076
1.302409 1.073288 22.778389
1.293883 1.096673 22.542313
1.286628 1.121006 22.308831
1.280629 1.146284 22.077924
1.275876 1.172508 21.849574
1.272356 1.199683 21.623762
1.270059 1.227816 21.400472
1.268974 1.256919 21.179688
1.269091 1.287005 20.961394
1.270404 1.318090 20.745574
1.272904 1.350195 20.532213
1.276586 1.383343 20.321298
1.281443 1.417558 20.112815
1.287474 1.452868 19.906753
1.294674 1.489304 19.703098
1.303044 1.526899 19.501842
1.312583 1.565689 19.302973
1.323293 1.605711 19.106483
1.335178 1.647007 18.912364
1.348241 1.689619 18.720609
1.362490 1.733592 18.531213
1.377932 1.778976 18.344172
1.394577 1.825818 18.159481
1.412436 1.874174 17.977139
1.431521 1.924097 17.797146
1.451847 1.975646 17.619502
1.473430 2.028880 17.444211
1.496289 2.083862 17.271276
1.520443 2.140657 17.100704
1.545914 2.199333 16.932502
1.572725 2.259961 16.766681
1.600902 2.322614 16.603252
1.630471 2.387367 16.442229
1.661463 2.454299 16.283630
1.693909 2.523491 16.127474
1.727841 2.595027 15.973782
1.763296 2.668995 15.822579
1.800310 2.745485 15.673893
1.838923 2.824589 15.527755
1.879178 2.906405 15.384200
1.921116 2.991030 15.243265
1.964786 3.078568 15.104994
2.010236 3.169125 14.969432
2.057515 3.262808 14.836629
2.106677 3.359731 14.706642
2.157778 3.460008 14.579532
2.210875 3.563758 14.455363
2.266029 3.671103 14.334208
2.323302 3.782168 14.216144
2.382761 3.897082 14.101256
2.444471 4.015975 13.989635
2.508505 4.138983 13.881380
2.574934 4.266242 13.776597
2.643835 4.397895 13.675401
2.715285 4.534082 13.577917
2.789366 4.674951 13.484276
2.866160 4.820650 13.394623
2.945754 4.971327 13.309111
3.028236 5.127136 13.227907
3.113697 5.288229 13.151187
3.202230 5.454759 13.079141
3.293932 5.626882 13.011974
3.388899 5.804752 12.949904
3.487234 5.988521 12.893164
3.589037 6.178342 12.842003
3.694413 6.374365 12.796687
3.803469 6.576734 12.757501
3.916310 6.785592 12.724746
4.033047 7.001075 12.698746
4.153789 7.223310 12.679843
4.278646 7.452420 12.668401
4.407728 7.688514 12.664806
4.541145 7.931689 12.669470
4.679008 8.182031 12.682825
4.821423 8.439606 12.705330
4.968497 8.704464 12.737471
5.120334 8.976630 12.779757
5.277034 9.256109 12.832727
5.438691 9.542874 12.896943
5.605397 9.836868 12.972999
5.777236 10.138000 13.061513
5.954283 10.446139 13.163130
6.136605 10.761108 13.278522
6.324260 11.082686 13.408385
6.517292 11.410595 13.553438
6.715732 11.744499 13.714425
6.919596 12.083999 13.892104
7.128880 12.428626 14.087252
7.343564 12.777834 14.300657
7.563603 13.130996 14.533116
7.788928 13.487397 14.785424
8.019444 13.846230 15.058375
8.255024 14.206585 15.352748
8.495510 14.567448 15.669304
8.740708 14.927696 16.008770
8.990385 15.286088 16.371833
9.244266 15.641268 16.759127
9.502031 15.991753 17.171217
9.763313 16.335942 17.608587
10.027693 16.672107 18.071621
10.294699 16.998399 18.560590
10.563803 17.312852 19.075631
10.834417 17.613388 19.616728
11.105894 17.897825 20.183694
11.377525 18.163890 20.776153
11.648536 18.409235 21.393518
11.918092 18.631453 22.034972
12.185295 18.828100 22.699453
12.449187 18.996721 23.385638
12.708749 19.134880 24.091929
12.962911 19.240192 24.816444
13.210550 19.310355 25.557010
13.450500 19.343194 26.311161
13.681559 19.336696 27.076145
13.902497 19.289055 27.848931
14.112066 19.198711 28.626224
14.309011 19.064396 29.404491
14.492083 18.885166 30.179990
14.660052 18.660446 30.948804
14.811723 18.390054 31.706888
14.945946 18.074236 32.450114
15.061636 17.713675 33.174328
15.157788 17.309512 33.875407
15.233486 16.863341 34.549321
15.287926 16.377208 35.192194
15.320422 15.853589 35.800365
15.330418 15.295365 36.370445
15.317505 14.705787 36.899377
15.281419 14.088429 37.384479
15.222057 13.447135 37.823490
15.139470 12.785963 38.214597
15.033874 12.109119 38.556461
14.905640 11.420891 38.848232
14.755295 10.725584 39.089544
14.583511 10.027455 39.280511
14.391103 9.330646 39.421709
14.179008 8.639133 39.514146
13.948282 7.956669 39.559226
13.700079 7.286743 39.558713
13.435641 6.632542 39.514676
13.156278 5.996922 39.429448
12.863355 5.382391 39.305568
12.558273 4.791098 39.145734
12.242458 4.224827 38.952750
11.917340 3.685007 38.729480
11.584344 3.172716 38.478803
11.244873 2.688701 38.203573
10.900301 2.233399 37.906585
10.551956 1.806960 37.590541
10.201118 1.409274 37.258030
9.849005 1.039998 36.911506
9.496770 0.698585 36.553269
9.145499 0.384315 36.185463
8.796200 0.096318 35.810061
8.449807 -0.166394 35.428866
8.107176 -0.404905 35.043514
7.769087 -0.620374 34.655472
7.436241 -0.814007 34.266049
7.109263 -0.987046 33.876398
6.788708 -1.140745 33.487528
6.475056 -1.276363 33.100313
6.168721 -1.395145 32.715501
5.870053 -1.498314 32.333725
5.579338 -1.587064 31.955513
5.296808 -1.662549 31.581299
5.022640 -1.725882 31.211433
4.756961 -1.778128 30.846188
4.499853 -1.820300 30.485772
4.251355 -1.853362 30.130337
4.011470 -1.878222 29.779983
3.780164 -1.895735 29.434768
3.557372 -1.906704 29.094714
3.343002 -1.911877 28.759811
3.136939 -1.911954 28.430025
2.939041 -1.907582 28.105301
2.749153 -1.899361 27.785567
2.567100 -1.887848 27.470739
2.392693 -1.873553 27.160721
2.225732 -1.856944 26.855412
2.066007 -1.838454 26.554705
1.913301 -1.818474 26.258489
1.705116 -1.764770 25.932424
1.345034 -1.629112 25.510571
1.036002 -1.520263 25.098237
0.769942 -1.435135 24.694587
0.539935 -1.371060 24.298987
0.340056 -1.325752 23.910956
0.165232 -1.297264 23.530121
0.011118 -1.283957 23.156193
-0.126014 -1.284467 22.788942
-0.249364 -1.297674 22.428188
-0.361687 -1.322679 22.073785
-0.465362 -1.358782 21.725619
-0.562453 -1.405458 21.383597
-0.654755 -1.462347 21.047647
-0.743846 -1.529231 20.717717
-0.831119 -1.606031 20.393772
-0.917819 -1.692789 20.075792
-1.005069 -1.789666 19.763779
-1.093897 -1.896931 19.457751
-1.185256 -2.014960 19.157748
-1.280043 -2.144230 18.863834
-1.379115 -2.285320 18.576098
-1.483308 -2.438906 18.294658
-1.593443 -2.605766 18.019667
-1.710344 -2.786778 17.751316
-1.834845 -2.982924 17.489842
-1.967803 -3.195294 17.235532
-2.110105 -3.425086 16.988733
-2.262675 -3.673616 16.749862
-2.426489 -3.942318 16.519415
-2.602574 -4.232752 16.297982
-2.792024 -4.546611 16.086261
-2.996002 -4.885720 15.885073
-3.215749 -5.252051 15.695389
-3.452590 -5.647718 15.518345
-3.707946 -6.074986 15.355276
-3.983330 -6.536271 15.207744
-4.280362 -7.034139 15.077574
-4.600770 -7.571302 14.966896
-4.946393 -8.150611 14.878195
-5.319185 -8.775038 14.814360
-5.721212 -9.447656 14.778748
-6.154652 -10.171606 14.775250
-6.621786 -10.950054 14.808372
-7.124989 -11.786125 14.883311
-7.666707 -12.682826 15.006048
-8.249436 -13.642939 15.183444
-8.875685 -14.668882 15.423335
-9.547924 -15.762543 15.734625
-10.268526 -16.925056 16.127378
-11.039676 -18.156542 16.612885
-11.863277 -19.455785 17.203703
-12.740807 -20.819849 17.913654
-13.673167 -22.243628 18.757749
-14.660480 -23.719342 19.752025
-15.701864 -25.235964 20.913254
-16.795157 -26.778635 22.258488
-17.936620 -28.328059 23.804412
-19.120602 -29.859969 25.566449
-20.339189 -31.344712 27.557612
-21.581867 -32.747070 29.787072
-22.835207 -34.026431 32.258487
-24.082637 -35.137448 34.968147
-25.304336 -36.031320 37.903068
-26.477313 -36.657797 41.039250
-27.575730 -36.967943 44.340356
-28.571529 -36.917595 47.757148
-29.435377 -36.471291 51.227988
-30.137945 -35.606296 54.680675
-30.651456 -34.316208 58.035723
-30.951401 -32.613557 61.210962
-31.018275 -30.530830 64.127084
-30.839122 -28.119558 66.713495
-30.408727 -25.447362 68.913696
-29.730250 -22.593244 70.689404
-28.815242 -19.641714 72.022823
-27.682998 -16.676569 72.916761
-26.359347 -13.775165 73.392716
-24.875019 -11.003889 73.487344
-23.263790 -8.415235 73.247971
-21.560608 -6.046596 72.727847
-19.799873 -3.920597 71.981748
-18.014006 -2.046586 71.062371
-16.232363 -0.422858 70.017713
-14.480528 0.960813 68.889467
-12.779944 2.120675 67.712320
-11.147838 3.076749 66.513951
-9.597373 3.850976 65.315520
-8.137956 4.465762 64.132457
-6.775647 4.942947 62.975373
-5.513612 5.303098 61.850997
-4.972577 5.918414 61.032517
-4.533529 6.514439 60.267360
-4.089776 7.037427 59.511653
-3.644313 7.490124 58.768459
-3.199903 7.875625 58.040315
-2.759075 8.197280 57.329247
-2.324121 8.458618 56.636788
-1.897105 8.663279 55.964008
-1.479866 8.814950 55.311557
-1.074025 8.917325 54.679698
-0.680996 8.974058 54.068362
-0.301994 8.988734 53.477185
0.061949 8.964847 52.905560
0.409981 8.905780 52.352677
0.741409 8.814792 51.817566
1.055696 8.695013 51.299138
1.352444 8.549432 50.796216
1.631387 8.380899 50.307571
1.892375 8.192126 49.831948
2.135371 7.985682 49.368094
2.360436 7.763998 48.914776
2.567721 7.529368 48.470801
2.757458 7.283954 48.035030
2.929954 7.029785 47.606389
3.085578 6.768762 47.183883
3.224760 6.502659 46.766593
3.347977 6.233129 46.353689
3.455753 5.961703 45.944428
3.548645 5.689796 45.538155
3.627246 5.418706 45.134301
3.692171 5.149621 44.732382
3.744057 4.883620 44.331995
3.783556 4.621676 43.932812
3.811329 4.364658 43.534578
3.828045 4.113340 43.137103
3.834376 3.868398 42.740254
3.830990 3.630416 42.343956
3.818550 3.399894 41.948179
3.797714 3.177248 41.552933
3.769126 2.962815 41.158268
3.733417 2.756860 40.764258
3.691204 2.559580 40.371008
3.643084 2.371106 39.978637
3.589635 2.191513 39.587283
3.531416 2.020819 39.197093
3.468962 1.858996 38.808221
3.402786 1.705969 38.420827
3.333376 1.561626 38.035071
3.261196 1.425816 37.651109
3.186688 1.298361 37.269097
3.110264 1.179055 36.889183
3.032317 1.067667 36.511511
2.953210 0.963951 36.136214
2.873286 0.867642 35.763419
2.792860 0.778464 35.393243
2.712228 0.696131 35.025791
2.631659 0.620352 34.661161
2.551403 0.550830 34.299441
2.471686 0.487267 33.940707
2.392715 0.429364 33.585028
2.314677 0.376827 33.232463
2.237740 0.329361 32.883062
2.162054 0.286681 32.536867
2.087751 0.248504 32.193911
2.014950 0.214556 31.854222
1.943751 0.184571 31.517818
1.874243 0.158293 31.184715
1.806498 0.135473 30.854920
1.740579 0.115872 30.528435
1.676536 0.099264 30.205258
1.614409 0.085430 29.885384
1.554226 0.074163 29.568803
1.496009 0.065266 29.255501
1.439770 0.058554 28.945461
1.385512 0.053851 28.638665
1.333235 0.050991 28.335092
1.282929 0.049819 28.034719
1.234581 0.050189 27.737521
1.188171 0.051966 27.443472
1.143676 0.055023 27.152545
1.101069 0.059242 26.864712
1.060319 0.064514 26.579943
1.021393 0.070739 26.298210
0.984254 0.077824 26.019483
0.948865 0.085684 25.743731
0.915186 0.094241 25.470923
0.883176 0.103424 25.201031
0.852792 0.113169 24.934022
0.823992 0.123418 24.669867
0.796731 0.134118 24.408535
0.770968 0.145222 24.149996
0.746657 0.156689 23.894221
0.723756 0.168482 23.641179
0.702221 0.180569 23.390842
0.682010 0.192922 23.143179
0.663080 0.205517 22.898163
0.645391 0.218335 22.655766
0.628902 0.231358 22.415958
0.613575 0.244575 22.178714
0.599370 0.257973 21.944004
0.586251 0.271547 21.711803
0.574182 0.285291 21.482084
0.563128 0.299204 21.254820
0.553057 0.313285 21.029987
0.543936 0.327538 20.807558
0.535735 0.341965 20.587509
0.528425 0.356573 20.369816
0.521978 0.371371 20.154453
0.516368 0.386367 19.941397
0.511570 0.401574 19.730625
0.507561 0.417002 19.522113
0.504318 0.432667 19.315838
0.501822 0.448583 19.111780
0.500053 0.464766 18.909914
0.498993 0.481235 18.710220
0.498627 0.498007 18.512677
0.498939 0.515102 18.317263
0.499916 0.532542 18.123958
0.501545 0.550347 17.932742
0.503817 0.568540 17.743594
0.506720 0.587145 17.556497
0.510248 0.606187 17.371430
0.514393 0.625690 17.188374
0.519150 0.645682 17.007313
0.524515 0.666189 16.828228
0.530483 0.687240 16.651101
0.537055 0.708864 16.475915
0.544228 0.731092 16.302654
0.552004 0.753954 16.131303
0.560385 0.777484 15.961844
0.569373 0.801714 15.794264
0.578974 0.826679 15.628547
0.589192 0.852414 15.464679
0.600034 0.878958 15.302647
0.611509 0.906346 15.142438
0.623624 0.934620 14.984039
0.636392 0.963820 14.827437
0.649823 0.993987 14.672623
0.663930 1.025166 14.519585
0.678726 1.057402 14.368314
0.694229 1.090740 14.218800
0.710453 1.125230 14.071035
0.727417 1.160922 13.925011
0.745140 1.197868 13.780721
0.763642 1.236121 13.638161
0.782946 1.275736 13.497324
0.803074 1.316773 13.358208
0.824050 1.359290 13.220808
0.845902 1.403350 13.085124
0.868655 1.449017 12.951156
0.892341 1.496359 12.818903
0.916987 1.545443 12.688369
0.942628 1.596344 12.559557
0.969296 1.649135 12.432472
0.997027 1.703894 12.307121
1.025858 1.760701 12.183514
1.055828 1.819640 12.061660
1.086977 1.880798 11.941573
1.119348 1.944266 11.823267
1.152985 2.010135 11.706760
1.187936 2.078504 11.592071
1.224247 2.149474 11.479223
1.261971 2.223148 11.368242
1.301160 2.299636 11.259155
1.341868 2.379049 11.151995
1.384154 2.461505 11.046797
1.428076 2.547125 10.943601
1.473699 2.636034 10.842449
1.521085 2.728361 10.743389
1.570304 2.824243 10.646475
1.621424 2.923817 10.551764
1.674520 3.027229 10.459319
1.729667 3.134628 10.369209
1.786944 3.246168 10.281510
1.846433 3.362008 10.196305
1.908219 3.482314 10.113682
1.972390 3.607255 10.033740
2.039039 3.737007 9.956585
2.108260 3.871750 9.882332
2.180152 4.011670 9.811107
2.254816 4.156957 9.743044
2.332359 4.307809 9.678292
2.412889 4.464425 9.617008
2.496520 4.627012 9.559366
2.583368 4.795779 9.505551
2.673554 4.970941 9.455764
2.767201 5.152717 9.410224
2.864438 5.341327 9.369163
2.965397 5.536997 9.332835
3.070212 5.739951 9.301512
3.179023 5.950420 9.275487
3.291972 6.168629 9.255076
3.409204 6.394808 9.240618
3.530870 6.629182 9.232478
3.657120 6.871974 9.231048
3.788110 7.123401 9.236747
3.923996 7.383674 9.250026
4.064938 7.652996 9.271368
4.211095 7.931557 9.301287
4.362629 8.219536 9.340334
4.519701 8.517093 9.389099
4.682474 8.824368 9.448207
4.851106 9.141479 9.518325
5.025755 9.468513 9.600163
5.206577 9.805528 9.694471
5.393721 10.152542 9.802046
5.587330 10.509529 9.923728
5.787541 10.876416 10.060404
5.994480 11.253073 10.213006
6.208264 11.639306 10.382511
6.428995 12.034850 10.569939
6.656759 12.439361 10.776356
6.891622 12.852404 11.002865
7.133633 13.273450 11.250605
7.382810 13.701856 11.520751
7.639149 14.136866 11.814498
7.902609 14.577590 12.133065
8.173116 15.022999 12.477677
8.450554 15.471912 12.849559
8.734763 15.922985 13.249923
9.025533 16.374700 13.679949
9.322599 16.825358 14.140776
9.625635 17.273066 14.633472
9.934251 17.715733 15.159019
10.247987 18.151065 15.718288
10.566305 18.576559 16.312008
10.888588 18.989506 16.940739
11.214129 19.386997 17.604839
11.542137 19.765926 18.304434
11.871720 20.123006 19.039376
12.201894 20.454792 19.809213
12.531574 20.757699 20.613152
12.859573 21.028038 21.450023
13.184606 21.262056 22.318246
13.505292 21.455979 23.215807
13.820154 21.606068 24.140225
14.127630 21.708679 25.088541
14.426079 21.760328 26.057309
14.713790 21.757763 27.042588
14.989001 21.698041 28.039963
15.249908 21.578606 29.044561
15.494688 21.397363 30.051091
15.721516 21.152757 31.053893
15.928592 20.843838 32.047004
16.114161 20.470325 33.024236
16.276539 20.032654 33.979263
16.414141 19.532014 34.905728
16.525505 18.970368 35.797346
16.609320 18.350450 36.648022
16.664447 17.675748 37.451961
16.689944 16.950465 38.203787
16.685084 16.179460 38.898644
16.649369 15.368171 39.532293
16.582544 14.522516 40.101194
16.484607 13.648792 40.602569
16.355804 12.753554 41.034446
16.196634 11.843493 41.395683
16.007840 10.925309 41.685969
15.790394 10.005595 41.905806
15.545486 9.090713 42.056464
15.274505 8.186699 42.139932
14.979009 7.299169 42.158836
14.660710 6.433241 42.116364
14.321440 5.593481 42.016166
13.963129 4.783862 41.862265
13.587773 4.007740 41.658953
13.197410 3.267850 41.410701
12.794093 2.566312 41.122067
12.379865 1.904654 40.797613
11.956739 1.283847 40.441832
11.526677 0.704342 40.059085
11.091570 0.166124 39.653544
10.653229 -0.331245 39.229157
10.213367 -0.788562 38.789607
9.773593 -1.206938 38.338300
9.335404 -1.587739 37.878340
8.900182 -1.932537 37.412536
8.469187 -2.243064 36.943393
8.043562 -2.521170 36.473125
7.624330 -2.768779 36.003665
7.212397 -2.987860 35.536679
6.808556 -3.180396 35.073585
6.413491 -3.348357 34.615571
6.027785 -3.493679 34.163615
5.651919 -3.618250 33.718508
5.286287 -3.723894 33.280867
4.931193 -3.812358 32.851165
4.586866 -3.885313 32.429740
4.253459 -3.944337 32.016817
3.836856 -3.941566 31.584254
3.025426 -3.712727 31.030976
2.321907 -3.526139 30.500158
1.710574 -3.378419 29.988523
1.177713 -3.266399 29.493571
0.711386 -3.187184 29.013406
0.301211 -3.138179 28.546590
-0.061837 -3.117093 28.092043
-0.385600 -3.121946 27.648957
-0.676895 -3.151052 27.216740
-0.941654 -3.203014 26.794968
-1.185047 -3.276702 26.383354
-1.411591 -3.371245 25.981724
-1.625245 -3.486010 25.589998
-1.829493 -3.620589 25.208185
-2.027418 -3.774787 24.836368
-2.221769 -3.948606 24.474712
-2.415010 -4.142238 24.123453
-2.609379 -4.356051 23.782909
-2.806920 -4.590584 23.453481
-3.009529 -4.846535 23.135661
-3.218985 -5.124758 22.830041
-3.436973 -5.426257 22.537326
-3.665117 -5.752174 22.258345
-3.904995 -6.103791 21.994067
-4.158163 -6.482520 21.745622
-4.426166 -6.889896 21.514319
-4.710557 -7.327567 21.301671
-5.012903 -7.797289 21.109424
-5.334795 -8.300905 20.939581
-5.677858 -8.840333 20.794446
-6.043748 -9.417541 20.676650
-6.434157 -10.034522 20.589200
-6.850808 -10.693249 20.535520
-7.295449 -11.395638 20.519501
-7.769838 -12.143483 20.545545
-8.275727 -12.938385 20.618622
-8.814839 -13.781662 20.744314
-9.388834 -14.674238 20.928865
-9.999265 -15.616509 21.179216
-10.647529 -16.608189 21.503037
-11.334799 -17.648113 21.908731
-12.061941 -18.734028 22.405415
-12.829424 -19.862340 23.002868
-13.637200 -21.027837 23.711425
-14.484573 -22.223390 24.541806
-15.370047 -23.439634 25.504870
-16.291160 -24.664661 26.611272
-17.244295 -25.883726 27.871003
-18.224496 -27.079017 29.292815
-19.225270 -28.229524 30.883506
-20.238413 -29.311045 32.647087
-21.253864 -30.296411 34.583850
-22.259609 -31.155969 36.689370
-23.241665 -31.858377 38.953534
-24.184169 -32.371759 41.359666
-25.069600 -32.665215 43.883905
-25.879153 -32.710647 46.494944
-26.593281 -32.484798 49.154297
-27.192399 -31.971352 51.817181
-27.657735 -31.162868 54.434075
-27.972264 -30.062301 56.952935
-28.121684 -28.683864 59.321913
-28.095325 -27.053036 61.492365
-27.886917 -25.205609 63.421818
-27.495123 -23.185825 65.076566
-26.923775 -21.043746 66.433580
-26.181779 -18.832175 67.481499
-25.282697 -16.603457 68.220630
-24.244038 -14.406529 68.661987
-23.086347 -12.284504 68.825586
-21.832166 -10.273000 68.738230
-20.504973 -8.399252 68.431104
-19.128186 -6.681984 67.937452
-17.724285 -5.131907 67.290529
-16.314110 -3.752651 66.521978
-14.916351 -2.541978 65.660674
-13.547222 -1.493070 64.732019
-12.220305 -0.595797 63.757633
-10.946547 0.162145 62.755354
-9.734355 0.794266 61.739462
-8.589785 1.314508 60.721042
-7.516781 1.736655 59.708418
-6.517432 2.073909 58.707606
-5.592257 2.338614 57.722754
-4.740461 2.542084 56.756535
