1.000000 4.000000
1.100000 3.797900
1.200000 3.595600
1.300000 3.393100
1.400000 3.190400
1.500000 2.987500
1.600000 2.784400
1.700000 2.581100
1.800000 2.377600
1.900000 2.173900
2.000000 1.970000
2.100000 1.765900
2.200000 1.561600
2.300000 1.357100
2.400000 1.152400
2.500000 0.947500
2.600000 0.742400
2.700000 0.537100
2.800000 0.331600
2.900000 0.125900
2.906879 -0.022999
2.766879 -0.079737
2.626879 -0.133674
2.486879 -0.184812
2.346879 -0.233149
2.206879 -0.278687
2.066879 -0.321425
1.926879 -0.361362
1.786879 -0.398500
1.646879 -0.432837
1.506879 -0.464375
1.366879 -0.493112
1.226879 -0.519050
1.086879 -0.542188
0.946879 -0.562525
0.806879 -0.580063
0.666879 -0.594800
0.526879 -0.606738
0.386879 -0.615875
0.246879 -0.622213
0.106879 -0.625751
-0.033261 -0.626487
-0.173261 -0.624422
-0.313261 -0.619557
-0.453261 -0.611892
-0.593261 -0.601427
-0.733261 -0.588161
-0.873261 -0.572096
-1.013261 -0.553231
-1.153261 -0.531566
-1.293261 -0.507100
-1.433261 -0.479835
-1.573261 -0.449770
-1.713261 -0.416905
-1.853261 -0.381239
-1.993261 -0.342774
-2.133261 -0.301509
-2.273261 -0.257444
-2.413261 -0.210579
-2.553261 -0.160913
-2.693261 -0.108448
-2.833261 -0.053183
-2.954665 0.048800
-2.866519 0.632717
-2.777686 1.200706
-2.688206 1.752645
-2.598115 2.288423
-2.507444 2.807932
-2.416220 3.311070
-2.324468 3.797739
-2.232209 4.267848
-2.139461 4.721305
-2.046241 5.158025
-1.952563 5.577925
-1.858436 5.980921
-1.763871 6.366935
-1.668875 6.735889
-1.573452 7.087705
-1.477607 7.422306
-1.381340 7.739618
-1.284652 8.039564
-1.187541 8.322067
-1.090004 8.587053
-0.992036 8.834443
-0.893630 9.064159
-0.794778 9.276123
-0.695471 9.470252
-0.595695 9.646464
-0.495439 9.804674
-0.394687 9.944793
-0.293422 10.066730
-0.191624 10.170393
-0.089272 10.255682
0.013339 10.288305
0.113339 10.088178
0.213339 9.887851
0.313339 9.687325
0.413339 9.486598
0.513339 9.285671
0.613339 9.084545
0.713339 8.883218
0.813339 8.681691
0.913339 8.479965
1.013339 8.278038
1.113339 8.075911
1.213339 7.873585
1.313339 7.671058
1.413339 7.468331
1.513339 7.265405
1.613339 7.062278
1.713339 6.858951
1.813339 6.655425
1.913339 6.451698
2.013339 6.247771
2.113339 6.043645
2.213339 5.839318
2.313339 5.634791
2.413339 5.430065
2.513339 5.225138
2.613339 5.020011
2.713339 4.814685
2.813339 4.609158
2.913339 4.403431
3.013339 4.197505
3.113339 3.991378
3.213339 3.785051
3.313339 3.578525
3.413339 3.371798
3.513339 3.164871
3.613339 2.957744
3.713339 2.750418
3.813339 2.542891
3.913339 2.335164
4.013339 2.127238
4.113339 1.919111
4.213339 1.710784
4.313339 1.502258
4.413339 1.293531
4.513339 1.084604
4.613339 0.875478
4.713339 0.666151
4.813339 0.456624
4.913339 0.246898
5.013339 0.036971
4.915682 -0.082170
4.775682 -0.179083
4.635682 -0.273197
4.495682 -0.364510
4.355682 -0.453024
4.215682 -0.538738
4.075682 -0.621651
3.935682 -0.701765
3.795682 -0.779079
3.655682 -0.853592
3.515682 -0.925306
3.375682 -0.994220
3.235682 -1.060333
3.095682 -1.123647
2.955682 -1.184161
2.815682 -1.241874
2.675682 -1.296788
2.535682 -1.348901
2.395682 -1.398215
2.255682 -1.444729
2.115682 -1.488442
1.975682 -1.529356
1.835682 -1.567470
1.695682 -1.602783
1.555682 -1.635297
1.415682 -1.665011
1.275682 -1.691924
1.135682 -1.716038
0.995682 -1.737352
0.855682 -1.755865
0.715682 -1.771579
0.575682 -1.784493
0.435682 -1.794606
0.295682 -1.801920
0.155682 -1.806433
0.015682 -1.808147
-0.124458 -1.807058
-0.264458 -1.803169
-0.404458 -1.796480
-0.544458 -1.786991
-0.684458 -1.774702
-0.824458 -1.759612
-0.964458 -1.741723
-1.104458 -1.721034
-1.244458 -1.697545
-1.384458 -1.671256
-1.524458 -1.642167
-1.664458 -1.610278
-1.804458 -1.575588
-1.944458 -1.538099
-2.084458 -1.497810
-2.224458 -1.454721
-2.364458 -1.408832
-2.504458 -1.360143
-2.644458 -1.308653
-2.784458 -1.254364
-2.924458 -1.197275
-3.064458 -1.137386
-3.204458 -1.074697
-3.344458 -1.009208
-3.484458 -0.940919
-3.624458 -0.869829
-3.764458 -0.795940
-3.904458 -0.719251
-4.044458 -0.639762
-4.184458 -0.557473
-4.324458 -0.472384
-4.464458 -0.384494
-4.604458 -0.293805
-4.744458 -0.200316
-4.884458 -0.104027
-5.024458 -0.004938
-4.797565 0.898139
-4.564950 1.800575
-4.344211 2.662233
-4.133783 3.485109
-3.932339 4.270934
-3.738751 5.021222
-3.552051 5.737297
-3.371406 6.420323
-3.196093 7.071323
-3.025483 7.691199
-2.859026 8.280746
-2.696236 8.840668
-2.536684 9.371585
-2.379989 9.874045
-2.225809 10.348532
-2.073837 10.795469
-1.923795 11.215229
-1.775432 11.608136
-1.628516 11.974471
-1.482833 12.314475
-1.338187 12.628353
-1.194391 12.916274
-1.051273 13.178375
-0.908666 13.414763
-0.766412 13.625516
-0.624358 13.810683
-0.482353 13.970287
-0.340250 14.104324
-0.197902 14.212763
-0.055162 14.295545
0.061594 14.197710
0.161594 13.997487
0.261594 13.797064
0.361594 13.596441
0.461594 13.395618
