3.000000 3.000000 3.000000
3.005678 3.287584 3.005723
3.022404 3.575051 3.014973
3.049760 3.863439 3.027904
3.087387 4.153737 3.044710
3.134974 4.446891 3.065629
3.192261 4.743807 3.090936
3.259033 5.045354 3.120949
3.335115 5.352370 3.156026
3.420374 5.665659 3.196568
3.514711 5.985995 3.243018
3.618061 6.314124 3.295867
3.730390 6.650765 3.355653
3.851694 6.996607 3.422964
3.981995 7.352313 3.498443
4.121339 7.718515 3.582788
4.269795 8.095813 3.676758
4.427453 8.484773 3.781175
4.594419 8.885926 3.896929
4.770817 9.299758 4.024979
4.956782 9.726710 4.166360
5.152462 10.167169 4.322186
5.358011 10.621463 4.493653
5.573592 11.089849 4.682043
5.799366 11.572508 4.888724
6.035497 12.069529 5.115158
6.282140 12.580901 5.362899
6.539445 13.106494 5.633594
6.807546 13.646049 5.928985
7.086561 14.199158 6.250904
7.376581 14.765244 6.601272
7.677669 15.343544 6.982094
7.989853 15.933083 7.395446
8.313114 16.532655 7.843471
8.647383 17.140796 8.328358
8.992533 17.755763 8.852327
9.348363 18.375501 9.417603
9.714597 18.997626 10.026393
10.090867 19.619395 10.680844
10.476705 20.237687 11.383013
10.871532 20.848982 12.134810
11.274645 21.449345 12.937954
11.685205 22.034417 13.793909
12.102228 22.599412 14.703818
12.524572 23.139125 15.668431
12.950927 23.647946 16.688026
13.379808 24.119894 17.762331
13.809547 24.548659 18.890435
14.238287 24.927668 20.070710
14.663984 25.250159 21.300728
15.084407 25.509285 22.577186
15.497141 25.698230 23.895847
15.899606 25.810347 25.251494
16.289065 25.839311 26.637899
16.662650 25.779286 28.047826
17.017391 25.625109 29.473057
17.350246 25.372467 30.904457
17.658145 25.018082 32.332067
17.938030 24.559878 33.745244
18.186911 23.997136 35.132830
18.401915 23.330618 36.483364
18.580342 22.562654 37.785312
18.719720 21.697185 39.027328
18.817862 20.739762 40.198526
18.872915 19.697480 41.288746
18.883404 18.578871 42.288825
18.848273 17.393734 43.190825
18.766915 16.152925 43.988244
18.639185 14.868104 44.676175
18.465418 13.551458 45.251408
18.246413 12.215405 45.712485
17.983430 10.872298 46.059686
17.678153 9.534141 46.294969
17.332663 8.212326 46.421843
16.949389 6.917402 46.445216
16.531058 5.658892 46.371190
16.080641 4.445147 46.206843
15.601296 3.283255 45.959999
15.096309 2.178993 45.638987
14.569037 1.136827 45.252421
14.022855 0.159946 44.808989
13.461109 -0.749663 44.317260
12.887066 -1.591126 43.785528
12.303883 -2.364561 43.221678
11.714567 -3.070957 42.633084
11.121956 -3.712041 42.026532
10.528695 -4.290147 41.408180
9.937227 -4.808091 40.783523
9.349776 -5.269053 40.157402
8.768354 -5.676468 39.534008
8.194752 -6.033932 38.916915
7.630551 -6.345118 38.309112
7.077123 -6.613707 37.713052
6.154786 -6.641800 37.052759
4.812740 -6.392145 36.323218
3.637168 -6.182936 35.641600
2.606124 -6.014425 35.000618
1.700007 -5.886006 34.394475
0.901391 -5.796554 33.818603
0.194830 -5.744661 33.269439
-0.433326 -5.728807 32.744229
-0.995122 -5.747475 32.240881
-1.501168 -5.799228 31.757835
-1.960805 -5.882760 31.293965
-2.382254 -5.996932 30.848506
-2.772755 -6.140789 30.420993
-3.138689 -6.313566 30.011220
-3.485692 -6.514694 29.619207
-3.818750 -6.743795 29.245179
-4.142293 -7.000674 28.889554
-4.460270 -7.285309 28.552935
-4.776218 -7.597840 28.236109
-5.093322 -7.938551 27.940047
-5.414466 -8.307858 27.665918
-5.742279 -8.706284 27.415091
-6.079174 -9.134446 27.189153
-6.427374 -9.593021 26.989924
-6.788942 -10.082728 26.819472
-7.165800 -10.604288 26.680135
-7.559741 -11.158394 26.574539
-7.972436 -11.745661 26.505618
-8.405441 -12.366586 26.476636
-8.860189 -13.021481 26.491201
-9.337981 -13.710412 26.553284
-9.839972 -14.433121 26.667225
-10.367143 -15.188939 26.837737
-10.920277 -15.976686 27.069896
-11.499914 -16.794559 27.369118
-12.106309 -17.640011 27.741122
-12.739371 -18.509621 28.191862
-13.398605 -19.398949 28.727436
-14.083035 -20.302396 29.353962
-14.791129 -21.213066 30.077410
-15.520707 -22.122635 30.903393
-16.268859 -23.021249 31.836906
-17.031853 -23.897456 32.882014
-17.805050 -24.738194 34.041497
-18.582836 -25.528854 35.316443
-19.358568 -26.253437 36.705816
-20.124545 -26.894825 38.206017
-20.872028 -27.435183 39.810460
-21.591299 -27.856498 41.509203
-22.271781 -28.141264 43.288689
-22.902225 -28.273278 45.131629
-23.470970 -28.238528 47.017080
-23.966263 -28.026120 48.920770
-24.376653 -27.629162 50.815675
-24.691421 -27.045529 52.672856
-24.901044 -26.278421 54.462538
-24.997647 -25.336636 56.155343
-24.975424 -24.234496 57.723620
-24.830978 -22.991406 59.142734
-24.563572 -21.631054 60.392214
-24.175236 -20.180318 61.456642
-23.670749 -18.667964 62.326210
-23.057470 -17.123265 62.996897
-22.345047 -15.574644 63.470272
-21.545014 -14.048480 63.752954
-20.670326 -12.568134 63.855818
-19.734844 -11.153278 63.793039
-18.752826 -9.819521 63.581066
-17.738451 -8.578323 63.237622
-16.705393 -7.437156 62.780806
-15.666466 -6.399854 62.228340
-14.633359 -5.467085 61.596983
-13.616446 -4.636896 60.902122
-12.624680 -3.905266 60.157523
-11.665551 -3.266642 59.375223
-10.745105 -2.714426 58.565526
-9.868015 -2.241392 57.737081
-9.037671 -1.840032 56.897024
-8.256309 -1.502839 56.051132
-7.525141 -1.222512 55.204007
-6.844496 -0.992110 54.359251
-6.213957 -0.805157 53.519635
-5.632491 -0.655697 52.687245
-5.098577 -0.538333 51.863623
-4.610309 -0.448227 51.049874
-4.165504 -0.381087 50.246766
-3.761782 -0.333145 49.454810
-3.396643 -0.301123 48.674315
-3.067529 -0.282194 47.905449
-2.771877 -0.273941 47.148271
-2.507158 -0.274316 46.402763
-2.270915 -0.281599 45.668854
-2.060781 -0.294361 44.946435
-1.874506 -0.311428 44.235373
-1.709965 -0.331844 43.535522
-1.565167 -0.354846 42.846723
-1.438259 -0.379832 42.168816
-1.327532 -0.406342 41.501637
-1.231411 -0.434029 40.845025
-1.148461 -0.462649 40.198819
-1.077375 -0.492038 39.562861
-1.016972 -0.522102 38.936997
-0.966189 -0.552805 38.321075
-0.924075 -0.584156 37.714947
-0.889781 -0.616203 37.118467
-0.862558 -0.649027 36.531495
-0.841744 -0.682736 35.953893
-0.826761 -0.717457 35.385524
-0.817105 -0.753338 34.826258
-0.812344 -0.790542 34.275966
-0.812108 -0.829245 33.734523
-0.816088 -0.869637 33.201809
-0.824026 -0.911919 32.677705
-0.835715 -0.956303 32.162097
-0.850991 -1.003012 31.654875
-0.869734 -1.052283 31.155935
-0.891860 -1.104363 30.665174
-0.917324 -1.159514 30.182497
-0.946112 -1.218011 29.707814
-0.978241 -1.280147 29.241039
-1.013760 -1.346230 28.782094
-1.052745 -1.416590 28.330907
-1.095300 -1.491574 27.887416
-1.141558 -1.571556 27.451563
-1.191677 -1.656934 27.023304
-1.245842 -1.748131 26.602604
-1.304265 -1.845604 26.189438
-1.367186 -1.949840 25.783798
-1.434874 -2.061363 25.385687
-1.507624 -2.180735 24.995129
-1.585765 -2.308561 24.612162
-1.669656 -2.445491 24.236851
-1.759689 -2.592223 23.869281
-1.856292 -2.749510 23.509569
-1.959931 -2.918160 23.157861
-2.071110 -3.099043 22.814340
-2.190377 -3.293094 22.479232
-2.318324 -3.501321 22.152809
-2.455590 -3.724804 21.835399
-2.602867 -3.964704 21.527391
-2.760900 -4.222265 21.229246
-2.930491 -4.498822 20.941509
-3.112505 -4.795804 20.664818
-3.307871 -5.114736 20.399919
-3.517587 -5.457246 20.147684
-3.742723 -5.825064 19.909128
-3.984426 -6.220029 19.685427
-4.243920 -6.644082 19.477949
-4.522512 -7.099270 19.288274
-4.821592 -7.587737 19.118230
-5.142634 -8.111717 18.969924
-5.487200 -8.673521 18.845784
-5.856931 -9.275516 18.748601
-6.253549 -9.920102 18.681579
-6.678848 -10.609671 18.648383
-7.134681 -11.346565 18.653202
-7.622949 -12.133012 18.700806
-8.145578 -12.971046 18.796610
-8.704491 -13.862416 18.946733
-9.301570 -14.808453 19.158067
-9.938611 -15.809931 19.438322
-10.617264 -16.866876 19.796076
-11.338955 -17.978355 20.240791
-12.104798 -19.142216 20.782807
-12.915483 -20.354795 21.433295
-13.771140 -21.610582 22.204146
-14.671187 -22.901852 23.107790
-15.614149 -24.218279 24.156912
-16.597451 -25.546537 25.364060
-17.617204 -26.869938 26.741099
-18.667967 -28.168122 28.298516
-19.742508 -29.416872 30.044556
-20.831589 -30.588107 31.984194
-21.923776 -31.650142 34.117972
-23.005320 -32.568271 36.440764
-24.060130 -33.305775 38.940543
-25.069887 -33.825378 41.597311
-26.014317 -34.091162 44.382335
-26.871664 -34.070896 47.257882
-27.619378 -33.738614 50.177648
-28.235005 -33.077229 53.088000
-28.697244 -32.080889 55.930113
-28.987124 -30.756712 58.642906
-29.089174 -29.125602 61.166595
-28.992517 -27.221902 63.446489
-28.691721 -25.091800 65.436614
-28.187348 -22.790593 67.102691
-27.486087 -20.379104 68.424092
-26.600486 -17.919688 69.394534
-25.548270 -15.472297 70.021486
-24.351355 -13.091077 70.324433
-23.034635 -10.821809 70.332324
-21.624695 -8.700375 70.080595
-20.148541 -6.752246 69.608145
-18.632470 -4.992849 68.954606
-17.101128 -3.428605 68.158105
-15.576810 -2.058377 67.253630
-14.078991 -0.875092 66.272009
-12.624088 0.132642 65.239423
-11.225405 0.979063 64.177344
-9.893232 1.680011 63.102799
-8.635050 2.251918 62.028820
-7.455810 2.711056 60.964995
-6.358248 3.072999 59.918061
-5.343213 3.352274 58.892458
-4.409992 3.562156 57.890843
-3.642895 3.761095 56.963796
-3.344846 4.145533 56.304436
-3.044286 4.485842 55.652180
-2.743012 4.783681 55.008343
-2.442680 5.040882 54.374027
-2.144809 5.259414 53.750120
-1.850779 5.441341 53.137310
-1.561832 5.588790 52.536093
-1.279077 5.703925 51.946789
-1.003498 5.788921 51.369557
-0.735950 5.845942 50.804415
-0.477174 5.877122 50.251256
-0.227797 5.884555 49.709866
0.011657 5.870278 49.179941
0.240767 5.836264 48.661106
0.459202 5.784413 48.152927
0.666716 5.716549 47.654929
0.863146 5.634413 47.166607
1.048398 5.539663 46.687438
1.222449 5.433870 46.216893
1.385334 5.318519 45.754444
1.537143 5.195007 45.299571
1.678017 5.064646 44.851772
1.808142 4.928664 44.410565
1.927740 4.788204 43.975493
2.037070 4.644326 43.546127
2.136421 4.498015 43.122068
2.226106 4.350175 42.702949
2.306462 4.201636 42.288437
2.377841 4.053157 41.878228
2.440612 3.905427 41.472052
2.495154 3.759070 41.069669
2.541855 3.614644 40.670869
2.581109 3.472649 40.275471
2.613311 3.333526 39.883318
2.638858 3.197663 39.494279
2.658147 3.065394 39.108246
2.671568 2.937009 38.725130
2.679510 2.812749 38.344861
2.682353 2.692814 37.967385
2.680470 2.577365 37.592664
2.674224 2.466528 37.220670
2.663970 2.360393 36.851387
2.650050 2.259021 36.484810
2.632796 2.162446 36.120938
2.612527 2.070674 35.759779
2.589548 1.983691 35.401345
2.564154 1.901461 35.045651
2.536624 1.823930 34.692716
2.507225 1.751028 34.342560
2.476210 1.682674 33.995204
2.443820 1.618770 33.650669
2.410279 1.559213 33.308978
2.375803 1.503889 32.970150
2.340591 1.452676 32.634204
2.304830 1.405450 32.301160
2.268697 1.362081 31.971033
2.232354 1.322437 31.643837
2.195952 1.286382 31.319585
2.159633 1.253783 30.998288
2.123526 1.224506 30.679952
2.087750 1.198416 30.364586
2.052414 1.175382 30.052192
2.017619 1.155274 29.742772
1.983455 1.137968 29.436326
1.950006 1.123339 29.132853
1.917345 1.111270 28.832348
1.885541 1.101644 28.534806
1.854653 1.094353 28.240220
1.824734 1.089291 27.948582
1.795832 1.086357 27.659882
1.767989 1.085456 27.374108
1.741241 1.086497 27.091249
1.715619 1.089395 26.811292
1.691151 1.094071 26.534222
1.667860 1.100449 26.260025
1.645764 1.108461 25.988686
1.624880 1.118042 25.720189
1.605221 1.129133 25.454517
1.586796 1.141680 25.191653
1.569614 1.155634 24.931582
1.553679 1.170951 24.674285
1.538996 1.187591 24.419746
1.525567 1.205520 24.167946
1.513393 1.224706 23.918870
1.502472 1.245125 23.672499
1.492804 1.266754 23.428817
1.484387 1.289577 23.187807
1.477219 1.313579 22.949452
1.471295 1.338752 22.713737
1.466614 1.365089 22.480645
1.463172 1.392589 22.250161
1.460966 1.421254 22.022271
1.459994 1.451087 21.796959
1.460253 1.482099 21.574213
1.461741 1.514301 21.354019
1.464458 1.547708 21.136365
1.468401 1.582338 20.921239
1.473573 1.618213 20.708630
1.479973 1.655356 20.498528
1.487604 1.693795 20.290924
1.496470 1.733561 20.085810
1.506573 1.774685 19.883178
1.517921 1.817204 19.683023
1.530518 1.861157 19.485339
1.544375 1.906584 19.290123
1.559499 1.953530 19.097372
1.575901 2.002041 18.907084
1.593594 2.052167 18.719261
1.612592 2.103959 18.533904
1.632909 2.157473 18.351015
1.654563 2.212766 18.170601
1.677572 2.269899 17.992667
1.701956 2.328933 17.817224
1.727737 2.389934 17.644281
1.754940 2.452972 17.473851
1.783589 2.518117 17.305949
1.813711 2.585443 17.140594
1.845337 2.655026 16.977804
1.878497 2.726947 16.817604
1.913225 2.801287 16.660018
1.949554 2.878133 16.505076
1.987524 2.957572 16.352810
2.027172 3.039696 16.203255
2.068540 3.124599 16.056450
2.111671 3.212378 15.912439
2.156612 3.303133 15.771269
2.203409 3.396968 15.632992
2.252114 3.493990 15.497664
2.302777 3.594307 15.365347
2.355454 3.698032 15.236108
2.410203 3.805280 15.110020
2.467081 3.916169 14.987161
2.526151 4.030821 14.867615
2.587476 4.149359 14.751476
2.651124 4.271911 14.638842
2.717162 4.398604 14.529821
2.785663 4.529571 14.424526
2.856700 4.664946 14.323083
2.930349 4.804864 14.225624
3.006688 4.949463 14.132292
3.085798 5.098882 14.043240
3.167763 5.253261 13.958632
3.252667 5.412741 13.878645
3.340598 5.577462 13.803466
3.431646 5.747567 13.733297
3.525903 5.923195 13.668352
3.623461 6.104483 13.608861
3.724416 6.291569 13.555069
3.828866 6.484586 13.507235
3.936907 6.683662 13.465639
4.048639 6.888920 13.430574
4.164163 7.100479 13.402353
4.283578 7.318447 13.381311
4.406986 7.542926 13.367800
4.534487 7.774003 13.362192
4.666180 8.011756 13.364884
4.802165 8.256248 13.376292
4.942539 8.507522 13.396856
5.087395 8.765606 13.427041
5.236826 9.030502 13.467332
5.390918 9.302191 13.518241
5.549754 9.580623 13.580304
5.713412 9.865720 13.654079
5.881961 10.157366 13.740151
6.055463 10.455410 13.839124
6.233973 10.759656 13.951628
6.417530 11.069861 14.078312
6.606167 11.385733 14.219846
6.799899 11.706921 14.376915
6.998726 12.033014 14.550221
7.202633 12.363537 14.740476
7.411583 12.697939 14.948399
7.625518 13.035596 15.174712
7.844358 13.375800 15.420136
8.067993 13.717757 15.685380
8.296288 14.060581 15.971140
8.529075 14.403287 16.278086
8.766152 14.744792 16.606854
9.007280 15.083907 16.958036
9.252183 15.419335 17.332171
9.500539 15.749671 17.729727
9.751984 16.073399 18.151094
10.006107 16.388895 18.596565
10.262445 16.694428 19.066320
10.520485 16.988164 19.560417
10.779661 17.268172 20.078766
11.039349 17.532438 20.621119
11.298872 17.778869 21.187050
11.557495 18.005310 21.775937
11.814424 18.209565 22.386953
12.068814 18.389410 23.019043
12.319763 18.542625 23.670917
12.566317 18.667010 24.341035
12.807477 18.760424 25.027605
13.042199 18.820810 25.728575
13.269400 18.846231 26.441633
13.487970 18.834904 27.164215
13.696774 18.785241 27.893511
13.894663 18.695878 28.626482
14.080488 18.565717 29.359882
14.253103 18.393956 30.090284
14.411386 18.180121 30.814111
14.554245 17.924095 31.527679
14.680634 17.626138 32.227237
14.789567 17.286903 32.909013
14.880130 16.907445 33.569269
14.951492 16.489225 34.204350
15.002922 16.034101 34.810740
15.033798 15.544313 35.385117
15.043616 15.022459 35.924396
15.032002 14.471467 36.425789
14.998717 13.894551 36.886833
14.943660 13.295170 37.305440
14.866876 12.676975 37.679916
14.768555 12.043754 38.008984
14.649026 11.399376 38.291798
14.508762 10.747736 38.527944
14.348367 10.092690 38.717433
14.168572 9.438009 38.860689
13.970223 8.787324 38.958523
13.754274 8.144080 39.012108
13.521770 7.511495 39.022941
13.273839 6.892531 38.992806
13.011673 6.289863 38.923730
12.736517 5.705863 38.817937
12.449653 5.142586 38.677811
12.152390 4.601767 38.505843
11.846043 4.084822 38.304594
11.531929 3.592856 38.076655
11.211347 3.126673 37.824609
10.885575 2.686794 37.551002
10.555852 2.273477 37.258312
10.223376 1.886739 36.948925
9.889294 1.526376 36.625118
9.554696 1.191996 36.289042
9.220610 0.883033 35.942713
8.888000 0.598781 35.588000
8.557759 0.338412 35.226627
8.230715 0.101001 34.860167
7.907622 -0.114453 34.490045
7.589166 -0.309011 34.117542
7.275962 -0.483769 33.743801
6.968559 -0.639850 33.369831
6.667440 -0.778388 32.996515
6.373022 -0.900510 32.624623
6.085667 -1.007336 32.254815
5.805673 -1.099960 31.887650
5.533290 -1.179450 31.523599
5.268712 -1.246839 31.163053
5.012088 -1.303121 30.806328
4.763523 -1.349248 30.453675
4.523081 -1.386127 30.105288
4.290789 -1.414617 29.761312
4.066641 -1.435532 29.421848
3.850598 -1.449637 29.086959
3.642596 -1.457650 28.756676
3.442545 -1.460242 28.431004
3.250332 -1.458039 28.109923
3.065828 -1.451623 27.793398
2.888884 -1.441532 27.481374
2.719339 -1.428264 27.173790
2.557016 -1.412278 26.870570
2.401732 -1.393997 26.571633
2.253292 -1.373805 26.276895
2.111496 -1.352057 25.986265
1.976138 -1.329075 25.699651
1.847009 -1.305151 25.416963
1.723894 -1.280551 25.138107
1.606582 -1.255514 24.862993
1.494855 -1.230256 24.591531
1.388501 -1.204971 24.323632
1.287307 -1.179834 24.059214
1.191060 -1.154997 23.798192
1.026039 -1.092309 23.481376
0.806645 -1.001824 23.104870
0.619067 -0.929787 22.735412
0.458106 -0.873908 22.372620
0.319338 -0.832236 22.016197
0.198998 -0.803124 21.665905
0.093878 -0.785186 21.321551
0.001248 -0.777269 20.982977
-0.081227 -0.778425 20.650047
-0.155539 -0.787884 20.322645
-0.223400 -0.805038 20.000671
-0.286281 -0.829420 19.684035
-0.345458 -0.860686 19.372657
-0.402038 -0.898607 19.066466
-0.456993 -0.943056 18.765400
-0.511186 -0.993997 18.469404
-0.565387 -1.051483 18.178430
-0.620294 -1.115643 17.892438
-0.676551 -1.186684 17.611399
-0.734758 -1.264884 17.335291
-0.795486 -1.350594 17.064103
-0.859284 -1.444230 16.797837
-0.926693 -1.546282 16.536508
-0.998252 -1.657307 16.280145
-1.074505 -1.777936 16.028798
-1.156009 -1.908873 15.782534
-1.243342 -2.050901 15.541445
-1.337108 -2.204882 15.305652
-1.437942 -2.371767 15.075306
-1.546517 -2.552597 14.850596
-1.663551 -2.748510 14.631753
-1.789812 -2.960746 14.419061
-1.926125 -3.190658 14.212861
-2.073374 -3.439715 14.013564
-2.232515 -3.709512 13.821660
-2.404578 -4.001779 13.637736
-2.590673 -4.318385 13.462485
-2.792001 -4.661351 13.296735
-3.009856 -5.032857 13.141459
-3.245636 -5.435246 12.997810
-3.500850 -5.871035 12.867146
-3.777119 -6.342916 12.751067
-4.076191 -6.853759 12.651454
-4.399941 -7.406612 12.570514
-4.750378 -8.004692 12.510839
-5.129646 -8.651377 12.475462
-5.540030 -9.350179 12.467928
-5.983949 -10.104720 12.492377
-6.463954 -10.918677 12.553631
-6.982715 -11.795728 12.657292
-7.543007 -12.739454 12.809851
-8.147679 -13.753234 13.018806
-8.799616 -14.840085 13.292779
-9.501693 -16.002473 13.641644
-10.256698 -17.242065 14.076634
-11.067246 -18.559420 14.610449
-11.935655 -19.953613 15.257314
-12.863802 -21.421781 16.033002
-13.852931 -22.958579 16.954769
-14.903427 -24.555564 18.041179
-16.014540 -26.200496 19.311783
-17.184068 -27.876597 20.786591
-18.407981 -29.561798 22.485292
-19.680023 -31.228042 24.426180
-20.991279 -32.840756 26.624725
-22.329752 -34.358602 29.091802
-23.679976 -35.733683 31.831584
-25.022730 -36.912393 34.839201
-26.334915 -37.837073 38.098349
-27.589661 -38.448625 41.579122
-28.756768 -38.690114 45.236444
-29.803515 -38.511249 49.009540
-30.695907 -37.873405 52.822875
-31.400315 -36.754651 56.588882
-31.885451 -35.154047 60.212568
-32.124508 -33.094401 63.597747
-32.097252 -30.622795 66.654281
-31.791810 -27.808473 69.305382
-31.205897 -24.738148 71.493889
-30.347304 -21.509281 73.186533
-29.233553 -18.222304 74.375533
-27.890762 -14.972928 75.077388
-26.351863 -11.845619 75.329233
-24.654427 -8.908993 75.183533
-22.838340 -6.213461 74.702070
-20.943604 -3.791010 73.950111
-19.008439 -1.656707 72.991451
-17.067814 0.188681 71.884716
-15.152445 1.755507 70.681010
-13.288241 3.062034 69.422797
-11.496138 4.131510 68.143778
-9.792237 4.989733 66.869445
-8.188144 5.663174 65.618073
-6.691461 6.177632 64.401891
-5.926718 6.908489 63.462447
-5.408025 7.673959 62.624630
-4.881508 8.346098 61.796169
-4.351070 8.928195 60.981842
-3.820321 9.424070 60.185647
-3.292572 9.837935 59.410804
-2.770834 10.174273 58.659781
-2.257819 10.437734 57.934339
-1.755950 10.633043 57.235582
-1.267368 10.764931 56.564024
-0.793947 10.838078 55.919654
-0.337304 10.857068 55.302009
0.101183 10.826356 54.710241
0.520362 10.750244 54.143187
0.919293 10.632873 53.599431
1.297231 10.478206 53.077369
1.653612 10.290031 52.575257
1.988039 10.071956 52.091270
2.300269 9.827416 51.623539
2.590199 9.559672 51.170194
2.857856 9.271819 50.729395
3.103382 8.966789 50.299366
3.327028 8.647356 49.878412
3.529138 8.316137 49.464942
3.710145 7.975603 49.057480
3.870556 7.628071 48.654681
4.010949 7.275718 48.255331
4.131959 6.920574 47.858359
4.234276 6.564528 47.462829
4.318630 6.209330 47.067944
4.385794 5.856588 46.673040
4.436565 5.507776 46.277580
4.471768 5.164232 45.881150
4.492245 4.827159 45.483445
4.498847 4.497632 45.084264
4.492434 4.176597 44.683499
4.473866 3.864877 44.281125
4.443999 3.563176 43.877190
4.403681 3.272084 43.471803
4.353748 2.992079 43.065127
4.295018 2.723537 42.657369
4.228292 2.466738 42.248769
4.154349 2.221868 41.839595
4.073941 1.989028 41.430132
3.987793 1.768242 41.020678
3.896604 1.559465 40.611537
3.801039 1.362582 40.203013
3.701734 1.177425 39.795406
3.599290 1.003774 39.389008
3.494276 0.841361 38.984102
3.387229 0.689884 38.580954
3.278650 0.549004 38.179817
3.169008 0.418358 37.780926
3.058738 0.297558 37.384499
2.948243 0.186202 36.990735
2.837893 0.083873 36.599812
2.728029 -0.009854 36.211894
2.618961 -0.095410 35.827122
2.510968 -0.173226 35.445622
2.404305 -0.243733 35.067502
2.299196 -0.307357 34.692855
2.195843 -0.364519 34.321758
2.094422 -0.415630 33.954273
1.995087 -0.461092 33.590450
1.897969 -0.501296 33.230328
1.803180 -0.536621 32.873932
1.710812 -0.567431 32.521280
1.620942 -0.594077 32.172380
1.533628 -0.616894 31.827231
1.448913 -0.636202 31.485827
1.366826 -0.652309 31.148154
1.287385 -0.665502 30.814193
1.210595 -0.676057 30.483922
1.136450 -0.684234 30.157312
1.064934 -0.690276 29.834334
0.996024 -0.694413 29.514954
0.929687 -0.696861 29.199137
0.865886 -0.697822 28.886844
0.804575 -0.697482 28.578037
0.745704 -0.696019 28.272676
0.680924 -0.689262 27.958013
0.538493 -0.639975 27.512642
0.415855 -0.600173 27.074772
0.309962 -0.568834 26.644185
0.218195 -0.545068 26.220689
0.138295 -0.528104 25.804119
0.068322 -0.517278 25.394326
0.006605 -0.512028 24.991175
-0.048296 -0.511879 24.594541
-0.097622 -0.516441 24.204310
-0.142444 -0.525394 23.820371
-0.183690 -0.538488 23.442623
-0.222169 -0.555533 23.070967
-0.258583 -0.576396 22.705309
-0.293552 -0.600995 22.345560
-0.327622 -0.629295 21.991635
-0.361281 -0.661308 21.643451
-0.394967 -0.697084 21.300930
-0.429083 -0.736718 20.963999
-0.463997 -0.780339 20.632589
-0.500056 -0.828116 20.306632
-0.537590 -0.880254 19.986070
-0.576917 -0.936996 19.670846
-0.618351 -0.998621 19.360912
-0.662202 -1.065449 19.056224
-0.708784 -1.137835 18.756746
-0.758418 -1.216179 18.462452
-0.811435 -1.300922 18.173323
-0.868181 -1.392550 17.889350
-0.929018 -1.491599 17.610539
-0.994331 -1.598654 17.336907
-1.064527 -1.714356 17.068489
-1.140043 -1.839404 16.805336
-1.221345 -1.974562 16.547522
-1.308937 -2.120659 16.295145
-1.403358 -2.278598 16.048331
-1.505193 -2.449363 15.807239
-1.615070 -2.634019 15.572066
-1.733673 -2.833726 15.343055
-1.861738 -3.049738 15.120498
-2.000062 -3.283419 14.904751
-2.149509 -3.536242 14.696237
-2.311014 -3.809804 14.495465
-2.485589 -4.105829 14.303037
-2.674327 -4.426180 14.119670
-2.878414 -4.772864 13.946210
-3.099127 -5.148041 13.783659
-3.337848 -5.554030 13.633194
-3.596067 -5.993315 13.496205
-3.875386 -6.468550 13.374323
-4.177531 -6.982556 13.269462
-4.504350 -7.538322 13.183867
-4.857822 -8.138999 13.120165
-5.240059 -8.787879 13.081428
-5.653304 -9.488381 13.071239
-6.099928 -10.244010 13.093773
-6.582429 -11.058313 13.153880
-7.103412 -11.934809 13.257187
-7.665574 -12.876906 13.410198
-8.271678 -13.887774 13.620406
-8.924507 -14.970198 13.896408
-9.626819 -16.126381 14.248020
-10.381269 -17.357696 14.686381
-11.190316 -18.664381 15.224040
-12.056109 -20.045166 15.875011
-12.980332 -21.496822 16.654771
-13.964018 -23.013637 17.580182
-15.007328 -24.586815 18.669297
-16.109274 -26.203804 19.941020
-17.267409 -27.847593 21.414565
-18.477473 -29.496005 23.108670
-19.732996 -31.121064 25.040523
-21.024896 -32.688530 27.224360
-22.341078 -34.157724 29.669738
-23.666081 -35.481812 32.379504
-24.980823 -36.608702 35.347571
-26.262516 -37.482731 38.556674
-27.484807 -38.047250 41.976378
-28.618234 -38.248135 45.561704
-29.631050 -38.038079 49.252761
-30.490441 -37.381361 52.975806
-31.164126 -36.258544 56.645985
-31.622245 -34.670424 60.171823
-31.839398 -32.640482 63.461196
-31.796616 -30.215207 66.428192
-31.483020 -27.461950 68.999951
-30.896948 -24.464381 71.122501
-30.046381 -21.316099 72.764666
-28.948576 -18.113289 73.919478
-27.628962 -14.947502 74.602968
-26.119442 -11.899539 74.850702
-24.456316 -9.035143 74.712783
-22.678081 -6.402778 74.248196
-20.823341 -4.033413 73.519318
-18.929002 -1.941904 72.587250
-17.028873 -0.129446 71.508297
-15.152703 1.413457 70.331722
-13.325643 2.703958 69.098649
-11.568075 3.764097 67.841898
-9.895731 4.618487 66.586478
-8.320012 5.292501 65.350493
-6.848441 5.810968 64.146235
-5.841311 6.393451 63.119647
-5.346487 7.143235 62.299238
-4.843427 7.804234 61.486689
-4.335879 8.379406 60.686518
-3.827316 8.872231 59.902540
-3.320932 9.286582 59.137862
-2.819638 9.626612 58.394906
-2.326062 9.896655 57.675441
-1.842560 10.101139 56.980627
-1.371219 10.244517 56.311076
-0.913870 10.331212 55.666909
-0.472102 10.365572 55.047817
-0.047272 10.351835 54.453127
0.359481 10.294106 53.881865
0.747218 10.196342 53.332810
1.115191 10.062340 52.804554
1.462827 9.895731 52.295551
1.789712 9.699980 51.804166
2.095584 9.478382 51.328711
2.380315 9.234071 50.867490
2.643903 8.970019 50.418825
2.886459 8.689038 49.981082
3.108197 8.393788 49.552698
3.309423 8.086779 49.132198
3.490528 7.770374 48.718205
3.651977 7.446792 48.309456
3.794301 7.118112 47.904806
3.918087 6.786272 47.503233
4.023976 6.453077 47.103839
4.112649 6.120195 46.705849
4.184825 5.789161 46.308611
4.241250 5.461382 45.911585
4.282695 5.138135 45.514343
4.309950 4.820571 45.116560
4.323813 4.509721 44.718006
4.325092 4.206493 44.318535
4.314595 3.911681 43.918081
4.293126 3.625968 43.516646
4.261486 3.349928 43.114289
4.220462 3.084035 42.711124
4.170827 2.828664 42.307305
4.113338 2.584100 41.903019
4.048730 2.350541 41.498484
3.977717 2.128109 41.093933
3.900987 1.916849 40.689618
3.819202 1.716740 40.285796
3.732996 1.527703 39.882728
3.642975 1.349600 39.480674
3.549713 1.182246 39.079890
3.453754 1.025416 38.680623
3.355612 0.878843 38.283113
3.255768 0.742233 37.887582
3.154674 0.615260 37.494245
3.052750 0.497582 37.103296
2.950386 0.388836 36.714917
2.847941 0.288646 36.329274
2.745748 0.196627 35.946516
2.644108 0.112389 35.566776
2.543297 0.035538 35.190172
2.443566 -0.034320 34.816808
2.345137 -0.097576 34.446770
2.248212 -0.154616 34.080135
2.152966 -0.205820 33.716965
2.059557 -0.251559 33.357310
1.968119 -0.292196 33.001209
1.878767 -0.328081 32.648692
1.791601 -0.359553 32.299778
1.706699 -0.386939 31.954479
1.624129 -0.410552 31.612799
1.543939 -0.430693 31.274736
1.466168 -0.447648 30.940281
1.390840 -0.461688 30.609421
1.317969 -0.473072 30.282137
1.247556 -0.482045 29.958406
1.179597 -0.488836 29.638204
1.114075 -0.493664 29.321501
1.050969 -0.496731 29.008268
0.990249 -0.498229 28.698471
0.931878 -0.498336 28.392075
0.875817 -0.497218 28.089046
0.822019 -0.495032 27.789346
0.770436 -0.491919 27.492939
0.721013 -0.488014 27.199786
0.673694 -0.483439 26.909849
0.628422 -0.478307 26.623091
0.585136 -0.472723 26.339472
0.543773 -0.466783 26.058956
0.504270 -0.460573 25.781505
0.466564 -0.454174 25.507081
0.394763 -0.428983 25.156558
0.309297 -0.396514 24.756681
0.235961 -0.370690 24.363313
0.172809 -0.350728 23.976311
0.118177 -0.335959 23.595545
0.070645 -0.325814 23.220897
0.028996 -0.319812 22.852256
-0.007808 -0.317551 22.489517
-0.040661 -0.318698 22.132579
-0.070325 -0.322984 21.781346
-0.097460 -0.330195 21.435727
-0.122634 -0.340165 21.095631
-0.146340 -0.352776 20.760972
-0.169009 -0.367948 20.431665
-0.191021 -0.385638 20.107629
-0.212709 -0.405839 19.788785
-0.234377 -0.428573 19.475054
-0.256296 -0.453892 19.166362
-0.278719 -0.481878 18.862637
-0.301880 -0.512639 18.563809
-0.326002 -0.546308 18.269811
-0.351299 -0.583046 17.980579
-0.377983 -0.623041 17.696051
-0.406262 -0.666507 17.416171
-0.436349 -0.713685 17.140883
-0.468459 -0.764845 16.870138
-0.502815 -0.820288 16.603891
-0.539652 -0.880346 16.342101
-0.579215 -0.945385 16.084734
-0.621764 -1.015805 15.831762
-0.667576 -1.092048 15.583164
-0.716948 -1.174594 15.338930
-0.770199 -1.263970 15.099057
-0.827671 -1.360750 14.863554
-0.889736 -1.465559 14.632443
-0.956794 -1.579082 14.405762
-1.029279 -1.702061 14.183567
-1.107661 -1.835306 13.965932
-1.192449 -1.979700 13.752958
-1.284197 -2.136202 13.544771
-1.383507 -2.305856 13.341531
-1.491030 -2.489798 13.143436
-1.607477 -2.689262 12.950729
-1.733618 -2.905588 12.763704
-1.870289 -3.140234 12.582718
-2.018401 -3.394780 12.408198
-2.178941 -3.670940 12.240658
-2.352981 -3.970570 12.080709
-2.541685 -4.295681 11.929081
-2.746314 -4.648444 11.786638
-2.968236 -5.031202 11.654409
-3.208931 -5.446479 11.533608
-3.470001 -5.896986 11.425672
-3.753174 -6.385626 11.332300
-4.060315 -6.915502 11.255492
-4.393429 -7.489906 11.197608
-4.754668 -8.112324 11.161420
-5.146337 -8.786416 11.150188
-5.570890 -9.515994 11.167734
-6.030934 -10.304989 11.218531
-6.529218 -11.157397 11.307809
-7.068627 -12.077208 11.441661
-7.652155 -13.068310 11.627169
-8.282882 -14.134354 11.872532
-8.963926 -15.278580 12.187209
-9.698388 -16.503601 12.582053
-10.489269 -17.811113 13.069442
-11.339367 -19.201543 13.663387
-12.251143 -20.673612 14.379607
-13.226544 -22.223808 15.235535
-14.266792 -23.845762 16.250233
-15.372116 -25.529527 17.444173
-16.541440 -27.260785 18.838833
-17.772011 -29.019993 20.456046
-19.058975 -30.781538 22.317052
-20.394918 -32.512984 24.441187
-21.769380 -34.174539 26.844168
-23.168386 -35.718892 29.535973
-24.574041 -37.091644 32.518360
-25.964249 -38.232532 35.782172
-27.312650 -39.077658 39.304668
-28.588858 -39.562845 43.047249
-29.759088 -39.628119 46.954055
-30.787247 -39.223089 50.951954
-31.636506 -38.312736 54.952404
-32.271307 -36.882877 58.855456
-32.659682 -34.944382 62.555867
-32.775655 -32.535216 65.950818
-32.601467 -29.719625 68.948317
-32.129302 -26.584230 71.475074
-31.362266 -23.231386 73.482563
-30.314457 -19.770743 74.950299
-29.010083 -16.310293 75.885854
-27.481767 -12.948260 76.321797
-25.768265 -9.766902 76.310292
-23.911905 -6.828838 75.916429
-21.956042 -4.175944 75.211388
-19.942799 -1.830463 74.266380
-17.911247 0.202352 73.147923
-15.896111 1.930740 71.914690
-13.927007 3.372738 70.615853
-12.028126 4.552729 69.290660
-10.218308 5.498523 67.968918
-8.511371 6.239071 66.672031
-6.916615 6.802816 65.414322
-6.305713 7.718419 64.509596
-5.738960 8.555016 63.630099
-5.163703 9.286968 62.761432
-4.584306 9.918085 61.909283
-4.004799 10.452783 61.078376
-3.428873 10.895917 60.272490
-2.859876 11.252633 59.494483
-2.300821 11.528247 58.746354
-1.754392 11.728137 58.029310
-1.222956 11.857664 57.343844
-0.708582 11.922106 56.689823
-0.213049 11.926610 56.066573
0.262130 11.876161 55.472965
0.715693 11.775556 54.907501
1.146613 11.629396 54.368388
1.554080 11.442078 53.853618
1.937481 11.217795 53.361027
2.296392 10.960542 52.888363
2.630554 10.674118 52.433334
2.939868 10.362137 51.993661
3.224372 10.028030 51.567111
3.484237 9.675057 51.151536
3.719752 9.306309 50.744902
3.931310 8.924713 50.345306
4.119403 8.533037 49.950999
4.284607 8.133893 49.560392
4.427575 7.729736 49.172072
4.549030 7.322869 48.784796
4.649752 6.915438 48.397499
4.730570 6.509438 48.009286
4.792358 6.106708 47.619432
4.836026 5.708934 47.227365
4.862507 5.317650 46.832667
4.872758 4.934236 46.435053
4.867750 4.559925 46.034366
4.848459 4.195800 45.630561
4.815863 3.842800 45.223692
4.770937 3.501726 44.813900
4.714646 3.173241 44.401397
4.647939 2.857883 43.986456
4.571748 2.556064 43.569399
4.486983 2.268080 43.150585
4.394526 1.994121 42.730400
4.295230 1.734276 42.309245
4.189918 1.488539 41.887533
4.079376 1.256824 41.465677
3.964358 1.038966 41.044083
3.845577 0.834733 40.623151
3.723709 0.643835 40.203261
3.599393 0.465929 39.784779
3.473225 0.300628 39.368046
3.345765 0.147507 38.953383
3.217531 0.006112 38.541083
3.089005 -0.124035 38.131415
2.960629 -0.243431 37.724624
2.832809 -0.352587 37.320926
2.705915 -0.452019 36.920514
2.580280 -0.542250 36.523556
2.456207 -0.623800 36.130196
2.333964 -0.697187 35.740558
2.213790 -0.762921 35.354744
2.095892 -0.821503 34.972836
1.980454 -0.873424 34.594901
1.867630 -0.919160 34.220988
1.757551 -0.959170 33.851130
1.650324 -0.993901 33.485349
1.546038 -1.023779 33.123655
1.444758 -1.049215 32.766047
1.346533 -1.070599 32.412514
1.251395 -1.088304 32.063040
1.159360 -1.102683 31.717598
1.002824 -1.078506 31.301990
0.785681 -1.017755 30.801435
0.597343 -0.968695 30.309818
0.433574 -0.930307 29.826786
0.290691 -0.901674 29.352045
0.165491 -0.881984 28.885347
0.055193 -0.870520 28.426480
-0.042618 -0.866663 27.975257
-0.130044 -0.869884 27.531515
-0.208910 -0.879741 27.095107
-0.280804 -0.895872 26.665900
-0.347116 -0.917991 26.243772
-0.409059 -0.945884 25.828613
-0.467698 -0.979407 25.420319
-0.523976 -1.018475 25.018797
-0.578729 -1.063067 24.623959
-0.632704 -1.113218 24.235727
-0.686579 -1.169020 23.854028
-0.740968 -1.230616 23.478799
-0.796443 -1.298203 23.109984
-0.853535 -1.372028 22.747537
-0.912750 -1.452391 22.391421
-0.974574 -1.539642 22.041611
-1.039482 -1.634183 21.698091
-1.107944 -1.736471 21.360864
-1.180430 -1.847016 21.029943
-1.257420 -1.966385 20.705362
-1.339405 -2.095207 20.387173
-1.426893 -2.234170 20.075452
-1.520416 -2.384031 19.770300
-1.620534 -2.545616 19.471849
-1.727837 -2.719824 19.180265
-1.842955 -2.907635 18.895752
-1.966556 -3.110111 18.618562
-2.099358 -3.328404 18.348998
-2.242128 -3.563762 18.087427
-2.395689 -3.817532 17.834282
-2.560926 -4.091168 17.590082
-2.738792 -4.386238 17.355438
-2.930308 -4.704430 17.131072
-3.136575 -5.047554 16.917833
-3.358775 -5.417551 16.716717
-3.598179 -5.816496 16.528889
-3.856148 -6.246600 16.355713
-4.134144 -6.710212 16.198780
-4.433726 -7.209816 16.059946
-4.756561 -7.748026 15.941367
-5.104423 -8.327576 15.845553
-5.479192 -8.951303 15.775411
-5.882855 -9.622125 15.734313
-6.317501 -10.343004 15.726150
-6.785309 -11.116899 15.755415
-7.288542 -11.946706 15.827272
-7.829519 -12.835172 15.947644
-8.410595 -13.784790 16.123299
-9.034117 -14.797662 16.361935
-9.702379 -15.875330 16.672270
-10.417555 -17.018562 17.064107
-11.181618 -18.227097 17.548397
-11.996235 -19.499329 18.137260
-12.862635 -20.831949 18.843960
-13.781457 -22.219513 19.682819
-14.752560 -23.653967 20.669034
-15.774799 -25.124129 21.818375
-16.845773 -26.615139 23.146728
-17.961536 -28.107935 24.669454
-19.116294 -29.578777 26.400522
-20.302084 -30.998919 28.351415
-21.508462 -32.334505 30.529779
-22.722240 -33.546797 32.937874
-23.927284 -34.592872 35.570870
-25.104453 -35.426886 38.415141
-26.231701 -36.001992 41.446725
-27.284417 -36.272941 44.630212
-28.236028 -36.199275 47.918336
-29.058912 -35.748903 51.252560
-29.725587 -34.901734 54.564857
-30.210153 -33.652877 57.780786
-30.489861 -32.014904 60.823720
-30.546695 -30.018693 63.619885
-30.368772 -27.712525 66.103651
-29.951411 -25.159380 68.222365
-29.297704 -22.432661 69.940070
-28.418520 -19.610905 71.239554
-27.331922 -16.772156 72.122510
-26.062060 -13.988777 72.607863
-24.637695 -11.323292 72.728651
-23.090504 -8.825647 72.528020
-21.453358 -6.532002 72.054940
-19.758737 -4.464904 71.360201
-18.037385 -2.634536 70.493071
-16.317287 -1.040661 69.498823
-14.622976 0.325118 68.417164
-12.975160 1.477083 67.281491
-11.390616 2.433330 66.118784
-9.882301 3.214018 64.949986
-8.459615 3.839989 63.790659
-7.128767 4.331754 62.651791
-5.893181 4.708790 61.540639
-4.875840 5.055026 60.516575
-4.474778 5.634956 59.775026
-4.068027 6.148122 59.040657
-3.658385 6.596781 58.316268
-3.248444 6.983533 57.604226
-2.840586 7.311246 56.906468
-2.436987 7.582979 56.224514
-2.039610 7.801924 55.559485
-1.650218 7.971345 54.912134
-1.270374 8.094539 54.282876
-0.901452 8.174792 53.671826
-0.544642 8.215348 53.078834
-0.200964 8.219388 52.503523
0.128727 8.190003 51.945327
0.443728 8.130188 51.403528
0.743480 8.042825 50.877282
1.027555 7.930676 50.365661
1.295648 7.796383 49.867670
1.547567 7.642460 49.382281
1.783226 7.471294 48.908451
2.002630 7.285146 48.445142
2.205872 7.086151 47.991337
2.393121 6.876320 47.546056
2.564618 6.657541 47.108365
2.720665 6.431584 46.677387
2.861619 6.200101 46.252306
2.987886 5.964628 45.832372
3.099914 5.726592 45.416907
3.198187 5.487309 45.005303
3.283220 5.247990 44.597022
3.355553 5.009744 44.191597
3.415745 4.773578 43.788629
3.464374 4.540404 43.387781
3.502025 4.311040 42.988778
3.529294 4.086215 42.591402
3.546778 3.866572 42.195486
3.555076 3.652670 41.800910
3.554783 3.444992 41.407598
