5.000000 -3.000000
4.860000 -3.098600
4.720000 -3.194400
4.580000 -3.287400
4.440000 -3.377600
4.300000 -3.465000
4.160000 -3.549600
4.020000 -3.631400
3.880000 -3.710400
3.740000 -3.786600
3.600000 -3.860000
3.460000 -3.930600
3.320000 -3.998400
3.180000 -4.063400
3.040000 -4.125600
2.900000 -4.185000
2.760000 -4.241600
2.620000 -4.295400
2.480000 -4.346400
2.340000 -4.394600
2.200000 -4.440000
2.060000 -4.482600
1.920000 -4.522400
1.780000 -4.559400
1.640000 -4.593600
1.500000 -4.625000
1.360000 -4.653600
1.220000 -4.679400
1.080000 -4.702400
0.940000 -4.722600
0.800000 -4.740000
0.660000 -4.754600
0.520000 -4.766400
0.380000 -4.775400
0.240000 -4.781600
0.100000 -4.785000
-0.040140 -4.785599
-0.180140 -4.783396
-0.320140 -4.778394
-0.460140 -4.770591
-0.600140 -4.759988
-0.740140 -4.746585
-0.880140 -4.730382
-1.020140 -4.711380
-1.160140 -4.689577
-1.300140 -4.664974
-1.440140 -4.637571
-1.580140 -4.607368
-1.720140 -4.574366
-1.860140 -4.538563
-2.000140 -4.499960
-2.140140 -4.458557
-2.280140 -4.414354
-2.420140 -4.367352
-2.560140 -4.317549
-2.700140 -4.264946
-2.840140 -4.209543
-2.980140 -4.151340
-3.120140 -4.090338
-3.260140 -4.026535
-3.400140 -3.959932
-3.540140 -3.890529
-3.680140 -3.818326
-3.820140 -3.743324
-3.960140 -3.665521
-4.100140 -3.584918
-4.240140 -3.501515
-4.380140 -3.415312
-4.520140 -3.326310
-4.660140 -3.234507
-4.800140 -3.139904
-4.940140 -3.042501
-5.080140 -2.942298
-5.220140 -2.839296
-5.360140 -2.733493
-5.500140 -2.624890
-5.640140 -2.513487
-5.780140 -2.399284
-5.920140 -2.282282
-6.060140 -2.162479
-6.200140 -2.039876
-6.340140 -1.914473
-6.480140 -1.786270
-6.620140 -1.655268
-6.760140 -1.521465
-6.900140 -1.384862
-7.040140 -1.245459
-7.180140 -1.103256
-7.320140 -0.958254
-7.460140 -0.810451
-7.600140 -0.659848
-7.740140 -0.506445
-7.880140 -0.350242
-8.020140 -0.191240
-8.160140 -0.029437
-7.665847 1.218350
-7.102003 2.606417
-6.600437 3.898800
-6.149272 5.105593
-5.739388 6.235011
-5.363663 7.293819
-5.016461 8.287639
-4.693263 9.221183
-4.390403 10.098432
-4.104875 10.922767
-3.834193 11.697077
-3.576279 12.423842
-3.329385 13.105199
-3.092023 13.742992
-2.862920 14.338822
-2.640980 14.894073
-2.425246 15.409947
-2.214883 15.887484
-2.009150 16.327582
-1.807390 16.731016
-1.609009 17.098445
-1.413472 17.430430
-1.220285 17.727436
-1.028995 17.989846
-0.839174 18.217962
-0.650420 18.412013
-0.462346 18.572154
-0.274578 18.698476
-0.086747 18.790999
0.054070 18.714537
0.154070 18.514329
0.254070 18.313921
0.354070 18.113313
0.454070 17.912505
0.554070 17.711497
0.654070 17.510289
0.754070 17.308880
0.854070 17.107272
0.954070 16.905464
1.054070 16.703456
1.154070 16.501248
1.254070 16.298840
1.354070 16.096232
1.454070 15.893423
1.554070 15.690415
1.654070 15.487207
1.754070 15.283799
1.854070 15.080191
1.954070 14.876383
2.054070 14.672375
2.154070 14.468167
2.254070 14.263758
2.354070 14.059150
2.454070 13.854342
2.554070 13.649334
2.654070 13.444126
2.754070 13.238718
2.854070 13.033110
2.954070 12.827301
3.054070 12.621293
3.154070 12.415085
3.254070 12.208677
3.354070 12.002069
3.454070 11.795261
3.554070 11.588253
3.654070 11.381044
3.754070 11.173636
3.854070 10.966028
3.954070 10.758220
4.054070 10.550212
4.154070 10.342004
4.254070 10.133596
4.354070 9.924987
4.454070 9.716179
4.554070 9.507171
4.654070 9.297963
4.754070 9.088555
4.854070 8.878947
4.954070 8.669139
5.054070 8.459130
5.154070 8.248922
5.254070 8.038514
5.354070 7.827906
5.454070 7.617098
5.554070 7.406090
5.654070 7.194882
5.754070 6.983473
5.854070 6.771865
5.954070 6.560057
6.054070 6.348049
6.154070 6.135841
6.254070 5.923433
6.354070 5.710825
6.454070 5.498016
6.554070 5.285008
6.654070 5.071800
6.754070 4.858392
6.854070 4.644784
6.954070 4.430976
7.054070 4.216968
7.154070 4.002759
7.254070 3.788351
7.354070 3.573743
7.454070 3.358935
7.554070 3.143927
7.654070 2.928719
7.754070 2.713311
7.854070 2.497702
7.954070 2.281894
8.054070 2.065886
8.154070 1.849678
8.254070 1.633270
8.354070 1.416662
8.454070 1.199854
8.554070 0.982846
8.654070 0.765637
8.754070 0.548229
8.854070 0.330621
8.954070 0.112813
8.938391 -0.086784
8.798391 -0.264152
8.658391 -0.438720
8.518391 -0.610487
8.378391 -0.779455
8.238391 -0.945623
8.098391 -1.108991
7.958391 -1.269559
7.818391 -1.427326
7.678391 -1.582294
7.538391 -1.734462
7.398391 -1.883830
7.258391 -2.030398
7.118391 -2.174166
6.978391 -2.315133
6.838391 -2.453301
6.698391 -2.588669
6.558391 -2.721237
6.418391 -2.851005
6.278391 -2.977972
6.138391 -3.102140
5.998391 -3.223508
5.858391 -3.342076
5.718391 -3.457844
5.578391 -3.570812
5.438391 -3.680979
5.298391 -3.788347
5.158391 -3.892915
5.018391 -3.994683
4.878391 -4.093651
4.738391 -4.189818
4.598391 -4.283186
4.458391 -4.373754
4.318391 -4.461522
4.178391 -4.546490
4.038391 -4.628658
3.898391 -4.708025
