1.000000 0.000000 1.000000
0.962891 0.105752 0.989597
0.931301 0.207421 0.979688
0.904865 0.305594 0.970230
0.883256 0.400820 0.961192
0.866177 0.493611 0.952550
0.853367 0.584449 0.944287
0.844590 0.673790 0.936393
0.839638 0.762059 0.928863
0.838327 0.849665 0.921697
0.840495 0.936991 0.914901
0.846003 1.024408 0.908483
0.854730 1.112267 0.902458
0.866575 1.200910 0.896843
0.881452 1.290663 0.891659
0.899291 1.381847 0.886931
0.920040 1.474771 0.882689
0.943659 1.569741 0.878967
0.970120 1.667057 0.875802
0.999411 1.767013 0.873236
1.031530 1.869904 0.871317
1.066486 1.976024 0.870097
1.104302 2.085663 0.869634
1.145008 2.199118 0.869993
1.188646 2.316682 0.871243
1.235270 2.438656 0.873463
1.284939 2.565343 0.876739
1.337727 2.697051 0.881163
1.393714 2.834093 0.886840
1.452989 2.976790 0.893883
1.515652 3.125469 0.902416
1.581812 3.280464 0.912576
1.651585 3.442118 0.924512
1.725098 3.610785 0.938390
1.802487 3.786826 0.954388
1.883895 3.970611 0.972704
1.969477 4.162522 0.993554
2.059395 4.362952 1.017174
2.153820 4.572301 1.043825
2.252935 4.790983 1.073788
2.356929 5.019420 1.107375
2.466002 5.258045 1.144926
2.580364 5.507302 1.186811
2.700232 5.767641 1.233435
2.825834 6.039523 1.285243
2.957407 6.323413 1.342719
3.095198 6.619785 1.406390
3.239461 6.929114 1.476832
3.390459 7.251877 1.554675
3.548466 7.588551 1.640601
3.713761 7.939608 1.735356
3.886631 8.305512 1.839748
4.067370 8.686714 1.954657
4.256279 9.083648 2.081036
4.453662 9.496724 2.219920
4.659827 9.926321 2.372427
4.875085 10.372780 2.539766
5.099746 10.836394 2.723242
5.334119 11.317397 2.924259
5.578509 11.815952 3.144326
5.833213 12.332141 3.385061
6.098517 12.865944 3.648195
6.374695 13.417227 3.935573
6.662001 13.985719 4.249155
6.960665 14.570996 4.591018
7.270889 15.172454 4.963352
7.592839 15.789286 5.368454
7.926638 16.420454 5.808724
8.272359 17.064662 6.286650
8.630016 17.720322 6.804794
8.999552 18.385526 7.365773
9.380834 19.058011 7.972233
9.773635 19.735128 8.626816
10.177625 20.413805 9.332121
10.592360 21.090523 10.090660
11.017264 21.761283 10.904800
11.451616 22.421586 11.776701
11.894541 23.066415 12.708243
12.344986 23.690227 13.700944
12.801715 24.286959 14.755871
13.263292 24.850041 15.873541
13.728070 25.372432 17.053818
14.194182 25.846671 18.295806
14.659533 26.264953 19.597743
15.121803 26.619222 20.956893
15.578439 26.901301 22.369453
16.026672 27.103035 23.830471
16.463522 27.216466 25.333780
16.885823 27.234033 26.871967
17.290246 27.148784 28.436370
17.673338 26.954610 30.017110
18.031560 26.646480 31.603182
18.361341 26.220670 33.182577
18.659133 25.674985 34.742470
18.921476 25.008944 36.269444
19.145061 24.223939 37.749772
19.326802 23.323327 39.169722
19.463907 22.312476 40.515901
19.553943 21.198732 41.775601
19.594895 19.991320 42.937154
19.585228 18.701170 43.990254
19.523921 17.340675 44.926246
19.410506 15.923391 45.738372
19.245080 14.463694 46.421934
19.028312 12.976405 46.974397
18.761427 11.476410 47.395409
18.446181 9.978278 47.686739
18.084820 8.495914 47.852149
17.680031 7.042250 47.897199
17.234875 5.628984 47.829002
16.752729 4.266385 47.655944
16.237205 2.963161 47.387382
15.692087 1.726389 47.033344
15.121252 0.561509 46.604230
14.528609 -0.527633 46.110536
13.918033 -1.538695 45.562616
13.293313 -2.470714 44.970463
12.658102 -3.323956 44.343549
12.015875 -4.099753 43.690686
11.369904 -4.800331 43.019941
10.723229 -5.428641 42.338576
10.078644 -5.988199 41.653023
9.438685 -6.482931 40.968887
8.805631 -6.917045 40.290966
8.181502 -7.294903 39.623296
7.504271 -7.587967 38.956574
5.919139 -7.334236 38.140034
4.527027 -7.114835 37.385364
3.303673 -6.932671 36.683222
2.227167 -6.789048 36.026008
1.277847 -6.684195 35.407617
0.438149 -6.617645 34.823205
-0.307555 -6.588508 34.268965
-0.973129 -6.595670 33.741953
-1.570846 -6.637929 33.239927
-2.111549 -6.714091 32.761224
-2.604809 -6.823035 32.304662
-3.059072 -6.963756 31.869456
-3.481789 -7.135388 31.455164
-3.879537 -7.337225 31.061638
-4.258132 -7.568720 30.688991
-4.622723 -7.829482 30.337574
-4.977881 -8.119277 30.007965
-5.327676 -8.438007 29.700953
-5.675741 -8.785702 29.417544
-6.025336 -9.162498 29.158958
-6.379393 -9.568618 28.926632
-6.740562 -10.004345 28.722236
-7.111242 -10.469996 28.547676
-7.493615 -10.965888 28.405110
-7.889660 -11.492300 28.296958
-8.301175 -12.049434 28.225916
-8.729782 -12.637366 28.194968
-9.176928 -13.255987 28.207392
-9.643884 -13.904948 28.266769
-10.131734 -14.583583 28.376980
-10.641355 -15.290837 28.542200
-11.173393 -16.025173 28.766878
-11.728235 -16.784482 29.055705
-12.305967 -17.565978 29.413569
-12.906328 -18.366091 29.845486
-13.528662 -19.180355 30.356502
-14.171854 -20.003303 30.951579
-14.834269 -20.828361 31.635438
-15.513685 -21.647765 32.412371
-16.207228 -22.452494 33.286013
-16.911300 -23.232252 34.259085
-17.621528 -23.975482 35.333091
-18.332712 -24.669457 36.508004
-19.038798 -25.300443 37.781920
-19.732876 -25.853955 39.150734
-20.407207 -26.315105 40.607827
-21.053296 -26.669063 42.143818
-21.662000 -26.901611 43.746399
-22.223703 -26.999774 45.400294
-22.728531 -26.952514 47.087373
-23.166621 -26.751427 48.786944
-23.528437 -26.391402 50.476237
-23.805118 -25.871183 52.131079
-23.988834 -25.193762 53.726726
-24.073139 -24.366565 55.238821
-24.053295 -23.401379 56.644398
-23.926538 -22.314011 57.922866
-23.692259 -21.123687 59.056879
-23.352102 -19.852237 60.033031
-22.909946 -18.523122 60.842308
-22.371786 -17.160384 61.480267
-21.745511 -15.787616 61.946935
-21.040611 -14.427020 62.246464
-20.267809 -13.098623 62.386578
-19.438668 -11.819697 62.377875
-18.565194 -10.604400 62.233073
-17.659441 -9.463628 61.966238
-16.733170 -8.405067 61.592073
-15.797542 -7.433391 61.125291
-14.862883 -6.550579 60.580113
-13.938508 -5.756304 59.969884
-13.032603 -5.048349 59.306814
-12.152169 -4.423023 58.601831
-11.303012 -3.875555 57.864522
-10.489778 -3.400448 57.103149
-9.716009 -2.991783 56.324716
-8.984235 -2.643466 55.535072
-8.296074 -2.349437 54.739036
-7.652336 -2.103815 53.940519
-7.053140 -1.901015 53.142662
-6.498018 -1.735821 52.347951
-5.986021 -1.603434 51.558331
-5.515819 -1.499494 50.775305
-5.085780 -1.420085 50.000018
-4.694058 -1.361730 49.233328
-4.338654 -1.321368 48.475866
-4.017480 -1.296330 47.728090
-3.728404 -1.284315 46.990318
-3.469297 -1.283354 46.262764
-3.238062 -1.291781 45.545562
-3.032664 -1.308202 44.838785
-2.851147 -1.331462 44.142463
-2.691653 -1.360623 43.456590
-2.552431 -1.394934 42.781138
-2.431848 -1.433806 42.116060
-2.328385 -1.476796 41.461297
-2.240646 -1.523584 40.816783
-2.167357 -1.573954 40.182446
-2.107357 -1.627787 39.558210
-2.059604 -1.685042 38.944000
-2.023162 -1.745746 38.339742
-1.997203 -1.809989 37.745360
-1.980999 -1.877910 37.160787
-1.973915 -1.949699 36.585955
-1.975408 -2.025584 36.020805
-1.985015 -2.105832 35.465283
-2.002356 -2.190746 34.919343
-2.027124 -2.280660 34.382947
-2.059080 -2.375941 33.856067
-2.098054 -2.476988 33.338687
-2.143935 -2.584228 32.830805
-2.196672 -2.698123 32.332431
-2.256271 -2.819166 31.843595
-2.322789 -2.947883 31.364342
-2.396337 -3.084836 30.894741
-2.477074 -3.230626 30.434883
-2.565210 -3.385890 29.984889
-2.661000 -3.551310 29.544906
-2.764748 -3.727610 29.115119
-2.876806 -3.915562 28.695751
-2.997570 -4.115989 28.287067
-3.127488 -4.329763 27.889383
-3.267053 -4.557814 27.503071
-3.416808 -4.801128 27.128566
-3.577347 -5.060752 26.766374
-3.749314 -5.337794 26.417085
-3.933408 -5.633426 26.081375
-4.130378 -5.948884 25.760028
-4.341031 -6.285469 25.453944
-4.566229 -6.644544 25.164153
-4.806889 -7.027534 24.891835
-5.063988 -7.435922 24.638338
-5.338555 -7.871237 24.405197
-5.631680 -8.335054 24.194160
-5.944500 -8.828971 24.007210
-6.278205 -9.354599 23.846596
-6.634030 -9.913539 23.714859
-7.013244 -10.507350 23.614868
-7.417145 -11.137515 23.549847
-7.847045 -11.805397 23.523416
-8.304250 -12.512184 23.539620
-8.790043 -13.258818 23.602963
-9.305653 -14.045918 23.718438
-9.852225 -14.873681 23.891546
-10.430772 -15.741765 24.128316
-11.042131 -16.649162 24.435301
-11.686900 -17.594039 24.819558
-12.365367 -18.573568 25.288611
-13.077427 -19.583736 25.850364
-13.822491 -20.619137 26.512992
-14.599370 -21.672762 27.284762
-15.406166 -22.735786 28.173809
-16.240138 -23.797363 29.187827
-17.097570 -24.844472 30.333690
-17.973638 -25.861802 31.616987
-18.862281 -26.831732 33.041481
-19.756093 -27.734434 34.608488
-20.646243 -28.548127 36.316220
-21.522442 -29.249518 38.159110
-22.372971 -29.814470 40.127178
-23.184787 -30.218886 42.205511
-23.943729 -30.439823 44.373927
-24.634825 -30.456780 46.606912
-25.242710 -30.253103 48.873918
-25.752158 -29.817383 51.140058
-26.148683 -29.144723 53.367244
-26.419218 -28.237714 55.515723
-26.552781 -27.106984 57.545928
-26.541120 -25.771193 59.420499
-26.379241 -24.256429 61.106284
-26.065793 -22.595011 62.576128
-25.603254 -20.823805 63.810234
-24.997903 -18.982197 64.796988
-24.259564 -17.109956 65.533139
-23.401159 -15.245172 66.023373
-22.438109 -13.422486 66.279356
-21.387618 -11.671735 66.318390
-20.267931 -10.017090 66.161859
-19.097593 -8.476695 65.833632
-17.894788 -7.062746 65.358578
-16.676759 -5.781930 64.761291
-15.459365 -4.636106 64.065088
-14.256758 -3.623127 63.291309
-13.081185 -2.737707 62.458880
-11.942905 -1.972255 61.584127
-10.850195 -1.317637 60.680774
-9.809434 -0.763822 59.760077
-8.825239 -0.300415 58.831051
-7.900635 0.082931 57.900743
-7.037248 0.396208 56.974525
-6.235502 0.648843 56.056374
-5.494812 0.849559 55.149141
-4.813775 1.006303 54.254781
-4.190337 1.126219 53.374559
-3.621948 1.215652 52.509215
-3.105697 1.280180 51.659105
-2.638430 1.324660 50.824306
-2.216850 1.353285 50.004705
-1.837597 1.369642 49.200060
-1.497317 1.376778 48.410052
-1.309017 1.440615 47.791085
-1.199348 1.532672 47.276603
-1.090593 1.613505 46.767833
-0.983144 1.683710 46.264826
-0.877356 1.743895 45.767614
-0.773543 1.794671 45.276211
-0.671986 1.836652 44.790612
-0.572928 1.870444 44.310795
-0.476581 1.896646 43.836728
-0.383125 1.915844 43.368363
-0.292709 1.928611 42.905644
-0.205456 1.935501 42.448503
-0.121460 1.937050 41.996869
-0.040795 1.933773 41.550660
0.036492 1.926163 41.109795
0.110373 1.914689 40.674184
0.180838 1.899799 40.243739
0.247895 1.881915 39.818369
0.311570 1.861435 39.397983
0.371900 1.838734 38.982488
0.428936 1.814163 38.571797
0.482740 1.788049 38.165820
0.533386 1.760697 37.764470
0.580953 1.732388 37.367663
0.625531 1.703384 36.975317
0.667214 1.673923 36.587354
0.706102 1.644225 36.203697
0.742299 1.614491 35.824273
0.775914 1.584903 35.449011
0.807056 1.555626 35.077843
0.835837 1.526808 34.710706
0.862371 1.498581 34.347537
0.886772 1.471065 33.988278
0.909152 1.444363 33.632872
0.929626 1.418569 33.281264
0.948305 1.393763 32.933404
0.965299 1.370014 32.589243
0.980718 1.347381 32.248732
0.994668 1.325915 31.911826
1.007252 1.305659 31.578483
1.018573 1.286645 31.248659
1.028730 1.268901 30.922316
1.037819 1.252449 30.599413
1.045931 1.237304 30.279914
1.053158 1.223477 29.963783
1.059585 1.210973 29.650984
1.065296 1.199794 29.341482
1.070371 1.189941 29.035246
1.074887 1.181408 28.732243
1.078917 1.174190 28.432440
1.082532 1.168279 28.135809
1.085799 1.163665 27.842317
1.088782 1.160336 27.551938
1.091543 1.158281 27.264640
1.094140 1.157487 26.980397
1.096629 1.157941 26.699181
1.099062 1.159631 26.420964
1.101490 1.162543 26.145721
1.103962 1.166666 25.873425
1.106522 1.171988 25.604050
1.109213 1.178496 25.337571
1.112078 1.186182 25.073964
1.115154 1.195036 24.813205
1.118480 1.205049 24.555269
1.122091 1.216216 24.300134
1.126021 1.228531 24.047777
1.130303 1.241989 23.798174
1.134966 1.256589 23.551306
1.140042 1.272329 23.307149
1.145559 1.289211 23.065684
1.151543 1.307237 22.826889
1.158023 1.326412 22.590746
1.165023 1.346741 22.357235
1.172569 1.368232 22.126338
1.180684 1.390897 21.898036
1.189393 1.414745 21.672312
1.198720 1.439792 21.449149
1.208687 1.466054 21.228532
1.219317 1.493547 21.010445
1.230633 1.522292 20.794873
1.242657 1.552311 20.581803
1.255413 1.583628 20.371222
1.268922 1.616269 20.163118
1.283208 1.650263 19.957480
1.298294 1.685640 19.754296
1.314204 1.722432 19.553559
1.330961 1.760675 19.355260
1.348589 1.800406 19.159392
1.367114 1.841664 18.965949
1.386562 1.884492 18.774926
1.406958 1.928932 18.586320
1.428329 1.975033 18.400129
1.450703 2.022843 18.216352
1.474110 2.072413 18.034990
1.498578 2.123798 17.856046
1.524138 2.177054 17.679524
1.550822 2.232241 17.505430
1.578662 2.289419 17.333773
1.607694 2.348654 17.164561
1.637951 2.410013 16.997807
1.669471 2.473566 16.833526
1.702292 2.539386 16.671734
1.736452 2.607549 16.512451
1.771993 2.678133 16.355700
1.808958 2.751221 16.201504
1.847389 2.826896 16.049892
1.887334 2.905247 15.900896
1.928839 2.986366 15.754551
1.971953 3.070344 15.610894
2.016727 3.157282 15.469970
2.063215 3.247277 15.331824
2.111471 3.340436 15.196507
2.161551 3.436864 15.064077
2.213516 3.536672 14.934593
2.267425 3.639973 14.808123
2.323341 3.746884 14.684739
2.381330 3.857525 14.564518
2.441459 3.972020 14.447547
2.503798 4.090494 14.333916
2.568419 4.213076 14.223725
2.635396 4.339900 14.117081
2.704806 4.471098 14.014099
2.776726 4.606810 13.914904
2.851240 4.747175 13.819629
2.928429 4.892334 13.728418
3.008381 5.042431 13.641424
3.091183 5.197611 13.558814
3.176926 5.358021 13.480765
3.265702 5.523808 13.407466
3.357606 5.695119 13.339122
3.452736 5.872100 13.275949
3.551189 6.054896 13.218180
3.653066 6.243652 13.166063
3.758470 6.438508 13.119863
3.867504 6.639602 13.079861
3.980273 6.847064 13.046358
4.096883 7.061023 13.019674
4.217440 7.281595 13.000147
4.342051 7.508893 12.988139
4.470822 7.743014 12.984030
4.603861 7.984045 12.988226
4.741272 8.232060 13.001154
4.883158 8.487113 13.023266
5.029622 8.749242 13.055039
5.180760 9.018460 13.096973
5.336668 9.294758 13.149596
5.497436 9.578098 13.213461
5.663148 9.868409 13.289146
5.833882 10.165587 13.377255
6.009707 10.469488 13.478417
6.190683 10.779925 13.593286
6.376861 11.096661 13.722537
6.568277 11.419409 13.866869
6.764957 11.747823 14.026999
6.966906 12.081493 14.203662
7.174117 12.419942 14.397604
7.386559 12.762618 14.609583
7.604181 13.108890 14.840362
7.826906 13.458039 15.090701
8.054632 13.809259 15.361355
8.287227 14.161644 15.653063
8.524525 14.514188 15.966543
8.766327 14.865778 16.302478
9.012395 15.215190 16.661508
9.262451 15.561087 17.044219
9.516171 15.902016 17.451128
9.773187 16.236407 17.882668
10.033081 16.562572 18.339177
10.295381 16.878709 18.820875
10.559563 17.182908 19.327853
10.825045 17.473150 19.860053
11.091188 17.747326 20.417248
11.357293 18.003241 20.999026
11.622601 18.238633 21.604773
11.886293 18.451188 22.233650
12.147490 18.638565 22.884586
12.405257 18.798415 23.556255
12.658604 18.928416 24.247072
12.906487 19.026298 24.955178
13.147818 19.089880 25.678439
13.381469 19.117106 26.414444
13.606277 19.106080 27.160512
13.821055 19.055109 27.913697
14.024599 18.962741 28.670811
14.215704 18.827803 29.428440
14.393170 18.649439 30.182977
14.555817 18.427141 30.930655
14.702501 18.160780 31.667589
14.832123 17.850633 32.389825
14.943648 17.497395 33.093385
15.036117 17.102191 33.774330
15.108661 16.666580 34.428809
15.160514 16.192543 35.053124
15.191027 15.682470 35.643784
15.199677 15.139132 36.197559
15.186078 14.565649 36.711534
15.149987 13.965442 37.183151
15.091309 13.342191 37.610253
15.010102 12.699774 37.991105
14.906578 12.042210 38.324423
14.781098 11.373595 38.609384
14.634171 10.698042 38.845626
14.466447 10.019619 39.033238
14.278707 9.342289 39.172749
14.071854 8.669858 39.265098
13.846902 8.005924 39.311600
13.604960 7.353837 39.313913
13.347221 6.716663 39.273988
13.074945 6.097157 39.194029
12.789443 5.497748 39.076439
12.492064 4.920522 38.923777
12.184179 4.367224 38.738706
11.867167 3.839258 38.523954
11.542402 3.337698 38.282265
11.211238 2.863302 38.016369
10.875003 2.416531 37.728939
10.534982 1.997570 37.422572
10.192414 1.606357 37.099756
9.848482 1.242601 36.762857
9.504306 0.905817 36.414101
9.160943 0.595348 36.055562
8.819375 0.310393 35.689160
8.480516 0.050032 35.316653
8.145203 -0.186751 34.939639
7.814202 -0.401045 34.559559
7.488202 -0.593992 34.177702
7.167820 -0.766769 33.795208
6.853605 -0.920570 33.413081
6.546035 -1.056597 33.032192
6.245522 -1.176040 32.653293
5.952416 -1.280074 32.277024
5.667010 -1.369845 31.903924
5.389537 -1.446468 31.534438
5.120182 -1.511016 31.168931
4.859079 -1.564520 30.807693
4.606317 -1.607962 30.450949
4.361946 -1.642278 30.098866
4.125977 -1.668352 29.751563
3.898387 -1.687016 29.409116
3.679122 -1.699054 29.071563
3.468101 -1.705199 28.738912
3.265219 -1.706133 28.411146
3.070347 -1.702494 28.088224
2.883340 -1.694870 27.770091
2.704034 -1.683806 27.456675
2.532252 -1.669807 27.147895
2.367804 -1.653334 26.843662
2.210493 -1.634811 26.543880
2.060110 -1.614629 26.248449
1.916442 -1.593140 25.957268
1.779270 -1.570668 25.670234
1.648372 -1.547505 25.387245
1.522524 -1.523432 25.107386
1.206797 -1.397823 24.700981
0.936482 -1.296690 24.303201
0.704339 -1.217103 23.913368
0.504177 -1.156541 23.530966
0.330712 -1.112852 23.155596
0.179430 -1.084206 22.786951
0.046471 -1.069069 22.424785
-0.071467 -1.066161 22.068902
-0.177213 -1.074434 21.719142
-0.273195 -1.093043 21.375373
-0.361506 -1.121327 21.037485
-0.443956 -1.158785 20.705388
-0.522117 -1.205067 20.379006
-0.597366 -1.259953 20.058275
-0.670917 -1.323344 19.743148
-0.743851 -1.395256 19.433587
-0.817141 -1.475804 19.129570
-0.891675 -1.565206 18.831088
-0.968276 -1.663771 18.538145
-1.047717 -1.771896 18.250766
-1.130734 -1.890070 17.968990
-1.218044 -2.018869 17.692880
-1.310353 -2.158955 17.422523
-1.408367 -2.311080 17.158034
-1.512802 -2.476089 16.899560
-1.624392 -2.654920 16.647283
-1.743899 -2.848610 16.401431
-1.872120 -3.058299 16.162280
-2.009891 -3.285236 15.930164
-2.158102 -3.530781 15.705484
-2.317696 -3.796417 15.488721
-2.489683 -4.083753 15.280444
-2.675140 -4.394530 15.081329
-2.875225 -4.730631 14.892178
-3.091179 -5.094084 14.713934
-3.324336 -5.487069 14.547707
-3.576126 -5.911924 14.394805
-3.848085 -6.371146 14.256760
-4.141859 -6.867395 14.135369
-4.459212 -7.403487 14.032735
-4.802025 -7.982391 13.951315
-5.172303 -8.607217 13.893976
-5.572175 -9.281191 13.864060
-6.003893 -10.007632 13.865451
-6.469820 -10.789902 13.902659
-6.972431 -11.631350 13.980904
-7.514285 -12.535236 14.106214
-8.098007 -13.504620 14.285526
-8.726252 -14.542231 14.526792
-9.401656 -15.650289 14.839083
-10.126776 -16.830291 15.232694
-10.904004 -18.082738 15.719220
-11.735463 -19.406802 16.311623
-12.622875 -20.799928 17.024235
-13.567395 -22.257365 17.872714
-14.569407 -23.771627 18.873886
-15.628289 -25.331885 20.045476
-16.742128 -26.923325 21.405658
-17.907399 -28.526488 22.972398
-19.118608 -30.116657 24.762543
-20.367921 -31.663364 26.790621
-21.644779 -33.130134 29.067339
-22.935557 -34.474588 31.597787
-24.223290 -35.649058 34.379436
-25.487529 -36.601875 37.400038
-26.704391 -37.279445 40.635672
-27.846870 -37.629177 44.049212
-28.885467 -37.603193 47.589582
-29.789181 -37.162606 51.192173
-30.526863 -36.281955 54.780706
-31.068877 -34.953230 58.270717
-31.388958 -33.188816 61.574520
-31.466102 -31.022727 64.607268
-31.286271 -28.509685 67.293384
-30.843695 -25.721929 69.572503
-30.141590 -22.744050 71.404024
-29.192171 -19.666529 72.769586
-28.015954 -16.578896 73.673164
-26.640428 -13.563461 74.138885
-25.098273 -10.690402 74.207073
-23.425336 -8.014667 73.929262
-21.658608 -5.574782 73.362974
-19.834370 -3.393347 72.566935
-17.986669 -1.478793 71.597196
-16.146185 0.172108 70.504387
-14.339504 1.571435 69.332081
-12.588758 2.737397 68.116156
-10.911589 3.691917 66.884891
-9.321333 4.458667 65.659584
-7.827385 5.061565 64.455464
-6.435642 5.523714 63.282717
-5.511897 6.066928 62.295063
-5.043993 6.757097 61.499405
-4.568995 7.365480 60.711816
-4.090337 7.894868 59.936195
-3.611195 8.348505 59.175827
-3.134490 8.729978 58.433381
-2.662881 9.043119 57.710930
-2.198768 9.291915 57.009981
-1.744301 9.480438 56.331516
-1.301384 9.612784 55.676042
-0.871686 9.693020 55.043643
-0.456653 9.725148 54.434032
-0.057519 9.713072 53.846608
0.324681 9.660577 53.280509
0.689099 9.571316 52.734663
1.035061 9.448793 52.207834
1.362052 9.296365 51.698670
1.669708 9.117233 51.205740
1.957800 8.914443 50.727571
2.226225 8.690888 50.262680
2.474995 8.449311 49.809600
2.704225 8.192305 49.366904
2.914126 7.922317 48.933226
3.104992 7.641655 48.507271
3.277194 7.352484 48.087835
3.431172 7.056836 47.673808
3.567423 6.756606 47.264181
3.686498 6.453562 46.858052
3.788993 6.149341 46.454623
3.875543 5.845455 46.053206
3.946813 5.543292 45.653211
4.003496 5.244120 45.254150
4.046303 4.949087 44.855631
4.075963 4.659229 44.457346
4.093211 4.375466 44.059072
4.098791 4.098613 43.660659
4.093444 3.829379 43.262023
4.077911 3.568371 42.863140
4.052924 3.316102 42.464038
4.019204 3.072995 42.064790
3.977461 2.839382 41.665506
3.928386 2.615519 41.266326
3.872653 2.401583 40.867414
3.810914 2.197683 40.468955
3.743800 2.003861 40.071145
3.671917 1.820102 39.674190
3.595844 1.646335 39.278299
3.516136 1.482444 38.883683
3.433320 1.328268 38.490549
3.347894 1.183607 38.099100
3.260329 1.048231 37.709532
3.171069 0.921880 37.322031
3.080528 0.804272 36.936773
2.989093 0.695103 36.553920
2.897124 0.594055 36.173626
2.804954 0.500798 35.796029
2.712889 0.414994 35.421255
2.621212 0.336299 35.049418
2.530178 0.264364 34.680618
2.440020 0.198843 34.314943
2.350950 0.139390 33.952470
2.263155 0.085663 33.593265
2.176803 0.037326 33.237382
2.092043 -0.005950 32.884864
2.009004 -0.044487 32.535748
1.927798 -0.078595 32.190061
1.848522 -0.108577 31.847820
1.771255 -0.134724 31.509038
1.696063 -0.157314 31.173719
1.623000 -0.176615 30.841863
1.552106 -0.192883 30.513463
1.483409 -0.206360 30.188509
1.416929 -0.217279 29.866987
1.352674 -0.225856 29.548878
1.290645 -0.232300 29.234159
1.230835 -0.236803 28.922808
1.173228 -0.239551 28.614799
1.117804 -0.240713 28.310101
1.064537 -0.240450 28.008687
1.013394 -0.238911 27.710524
0.964340 -0.236236 27.415581
0.917334 -0.232554 27.123825
0.872334 -0.227984 26.835222
0.829293 -0.222637 26.549738
0.788163 -0.216614 26.267339
0.748894 -0.210009 25.987991
0.711433 -0.202907 25.711659
0.675729 -0.195386 25.438309
0.641726 -0.187518 25.167907
0.609371 -0.179367 24.900420
0.578609 -0.170991 24.635813
0.549385 -0.162444 24.374053
0.521644 -0.153770 24.115108
0.495334 -0.145014 23.858945
0.470399 -0.136212 23.605532
0.446787 -0.127398 23.354838
0.424447 -0.118599 23.106830
0.403327 -0.109842 22.861479
0.383377 -0.101147 22.618754
0.364549 -0.092534 22.378625
0.346795 -0.084017 22.141064
0.330069 -0.075611 21.906040
0.314326 -0.067324 21.673526
0.299522 -0.059166 21.443493
0.285617 -0.051142 21.215914
0.272568 -0.043257 20.990761
0.260338 -0.035512 20.768008
0.248888 -0.027910 20.547627
0.238182 -0.020450 20.329594
0.228186 -0.013131 20.113882
0.218866 -0.005948 19.900465
0.210191 0.001100 19.689320
0.202129 0.008019 19.480420
0.194652 0.014814 19.273742
0.187733 0.021492 19.069262
0.181344 0.028057 18.866956
0.175462 0.034519 18.666800
0.170061 0.040885 18.468772
0.165120 0.047162 18.272848
0.160618 0.053360 18.079006
0.156533 0.059486 17.887223
0.152848 0.065551 17.697479
0.149544 0.071563 17.509750
0.146604 0.077532 17.324016
0.144013 0.083467 17.140255
0.141756 0.089379 16.958446
0.139818 0.095277 16.778569
0.138188 0.101171 16.600603
0.136853 0.107073 16.424528
0.135802 0.112991 16.250324
0.135025 0.118938 16.077971
0.134512 0.124922 15.907449
0.134255 0.130954 15.738740
0.134246 0.137047 15.571824
0.134477 0.143209 15.406682
0.134942 0.149453 15.243296
0.135636 0.155789 15.081647
0.136553 0.162228 14.921717
0.137688 0.168782 14.763488
0.139039 0.175461 14.606943
0.140601 0.182279 14.452063
0.142372 0.189246 14.298831
0.144351 0.196374 14.147231
0.146534 0.203676 13.997245
0.148922 0.211164 13.848856
0.151513 0.218851 13.702049
0.154309 0.226748 13.556806
0.157309 0.234871 13.413111
0.160514 0.243231 13.270950
0.163927 0.251843 13.130305
0.167548 0.260721 12.991162
0.171381 0.269880 12.853505
0.175429 0.279334 12.717319
0.179695 0.289099 12.582589
0.184183 0.299190 12.449301
0.188897 0.309624 12.317440
0.193843 0.320418 12.186992
0.199025 0.331589 12.057943
0.204450 0.343154 11.930279
0.210124 0.355133 11.803987
0.216053 0.367545 11.679053
0.222245 0.380409 11.555465
0.228709 0.393746 11.433209
0.235451 0.407578 11.312273
0.242482 0.421927 11.192644
0.249810 0.436814 11.074311
0.257446 0.452266 10.957261
0.265399 0.468305 10.841484
0.273682 0.484959 10.726967
0.282305 0.502253 10.613700
0.291282 0.520216 10.501672
0.300625 0.538877 10.390873
0.310347 0.558266 10.281293
0.320463 0.578413 10.172922
0.330988 0.599353 10.065750
0.341938 0.621118 9.959770
0.353328 0.643745 9.854972
0.365177 0.667270 9.751347
0.377502 0.691732 9.648890
0.390322 0.717170 9.547591
0.403656 0.743628 9.447445
0.417526 0.771147 9.348445
0.431953 0.799774 9.250585
0.446960 0.829556 9.153861
0.462569 0.860542 9.058268
0.478806 0.892784 8.963802
0.495696 0.926335 8.870459
0.513266 0.961252 8.778238
0.531544 0.997592 8.687137
0.550560 1.035417 8.597154
0.570343 1.074790 8.508291
0.590926 1.115777 8.420549
0.612343 1.158447 8.333929
0.634627 1.202873 8.248434
0.657815 1.249129 8.164071
0.681945 1.297293 8.080843
0.707056 1.347448 7.998759
0.733190 1.399679 7.917828
0.760390 1.454073 7.838059
0.788700 1.510725 7.759466
0.818168 1.569730 7.682061
0.848842 1.631189 7.605862
0.880773 1.695207 7.530886
0.914015 1.761894 7.457155
0.948622 1.831363 7.384692
0.984653 1.903733 7.313522
1.022169 1.979127 7.243676
1.061232 2.057675 7.175186
1.101907 2.139511 7.108088
1.144263 2.224774 7.042421
1.188372 2.313610 6.978231
1.234307 2.406170 6.915565
1.282147 2.502612 6.854477
1.331972 2.603098 6.795026
1.383866 2.707800 6.737277
1.437917 2.816894 6.681300
1.494215 2.930563 6.627173
1.552857 3.048999 6.574981
1.613940 3.172398 6.524817
1.677568 3.300967 6.476781
1.743848 3.434916 6.430985
1.812892 3.574466 6.387548
1.884814 3.719846 6.346604
1.959735 3.871288 6.308294
2.037780 4.029037 6.272774
2.119080 4.193343 6.240216
2.203767 4.364464 6.210802
2.291983 4.542664 6.184734
2.383871 4.728216 6.162231
2.479581 4.921400 6.143527
2.579269 5.122500 6.128882
2.683094 5.331810 6.118573
2.791222 5.549625 6.112903
2.903824 5.776248 6.112200
3.021075 6.011984 6.116818
3.143158 6.257141 6.127142
3.270257 6.512029 6.143587
3.402564 6.776956 6.166603
3.540274 7.052231 6.196673
3.683588 7.338157 6.234323
3.832708 7.635030 6.280116
3.987843 7.943139 6.334660
4.149202 8.262758 6.398610
4.316999 8.594148 6.472670
4.491446 8.937549 6.557595
4.672758 9.293174 6.654194
4.861150 9.661210 6.763335
5.056833 10.041804 6.885946
5.260017 10.435065 7.023013
5.470904 10.841048 7.175592
5.689693 11.259752 7.344801
5.916570 11.691109 7.531826
6.151712 12.134972 7.737921
6.395282 12.591107 7.964409
6.647423 13.059180 8.212677
6.908260 13.538742 8.484179
7.177890 14.029218 8.780429
7.456384 14.529891 9.102997
7.743776 15.039886 9.453503
8.040064 15.558151 9.833605
8.345199 16.083444 10.244994
8.659082 16.614315 10.689370
8.981555 17.149084 11.168436
9.312399 17.685828 11.683867
9.651319 18.222363 12.237292
9.997944 18.756229 12.830265
10.351813 19.284677 13.464229
10.712371 19.804657 14.140484
11.078958 20.312816 14.860139
11.450803 20.805491 15.624075
11.827016 21.278715 16.432889
12.206579 21.728229 17.286843
12.588342 22.149503 18.185809
12.971019 22.537759 19.129211
13.353181 22.888016 20.115971
13.733258 23.195138 21.144448
14.109538 23.453897 22.212390
14.480168 23.659049 23.316889
14.843166 23.805420 24.454339
15.196427 23.888007 25.620415
15.537738 23.902089 26.810062
15.864794 23.843339 28.017497
16.175221 23.707952 29.236240
16.466602 23.492770 30.459163
16.736505 23.195400 31.678557
16.982516 22.814332 32.886234
17.202277 22.349038 34.073645
17.393521 21.800060 35.232021
17.554114 21.169063 36.352532
17.682095 20.458873 37.426466
17.775712 19.673474 38.445410
17.833459 18.817973 39.401433
17.854115 17.898535 40.287268
17.836762 16.922277 41.096480
17.780818 15.897133 41.823609
17.686048 14.831695 42.464294
17.552570 13.735032 43.015363
17.380863 12.616492 43.474879
17.171753 11.485502 43.842165
16.926404 10.351369 44.117775
16.646292 9.223093 44.303443
16.333180 8.109193 44.401989
15.989084 7.017559 44.417206
15.616234 5.955329 44.353724
15.217039 4.928798 44.216862
14.794041 3.943359 44.012466
14.349875 3.003467 43.746755
13.887229 2.112637 43.426165
13.408807 1.273470 43.057210
12.917289 0.487691 42.646349
12.415303 -0.243785 42.199879
11.905394 -0.920782 41.723832
11.390002 -1.543780 41.223910
10.871440 -2.113830 40.705419
10.351879 -2.632460 40.173235
9.833339 -3.101596 39.631779
9.317676 -3.523470 39.085006
8.806584 -3.900555 38.536409
8.301586 -4.235483 37.989032
7.804044 -4.530993 37.445488
7.315156 -4.789872 36.907986
6.835964 -5.014907 36.378361
6.367360 -5.208855 35.858105
5.910094 -5.374402 35.348401
5.396122 -5.478369 34.833627
4.258348 -5.218124 34.178566
3.266305 -5.002045 33.560012
2.399966 -4.828338 32.972270
1.641633 -4.694893 32.410899
0.975716 -4.599486 31.872461
0.388513 -4.539922 31.354311
-0.132001 -4.514120 30.854431
-0.596365 -4.520172 30.371301
-1.013810 -4.556382 29.903797
-1.392421 -4.621280 29.451111
-1.739283 -4.713633 29.012695
-2.060615 -4.832445 28.588212
-2.361881 -4.976956 28.177511
-2.647899 -5.146628 27.780599
-2.922933 -5.341146 27.397628
-3.190770 -5.560396 27.028888
-3.454797 -5.804466 26.674803
-3.718061 -6.073625 26.335930
-3.983322 -6.368315 26.012966
-4.253106 -6.689140 25.706758
-4.529741 -7.036853 25.418309
-4.815398 -7.412339 25.148796
-5.112117 -7.816604 24.899583
-5.421834 -8.250759 24.672246
-5.746402 -8.715997 24.468588
-6.087609 -9.213577 24.290667
-6.447189 -9.744792 24.140825
-6.826828 -10.310943 24.021711
-7.228172 -10.913300 23.936315
-7.652823 -11.553057 23.888001
-8.102333 -12.231282 23.880533
-8.578192 -12.948846 23.918115
-9.081814 -13.706356 24.005410
-9.614505 -14.504056 24.147571
-10.177437 -15.341726 24.350252
-10.771603 -16.218558 24.619617
-11.397766 -17.133015 24.962323
-12.056401 -18.082667 25.385493
-12.747618 -19.064021 25.896648
-13.471079 -20.072321 26.503612
-14.225901 -21.101352 27.214368
-15.010547 -22.143227 28.036854
-15.822711 -23.188198 28.978708
-16.659186 -24.224478 30.046924
-17.515742 -25.238117 31.247446
-18.387001 -26.212945 32.584676
-19.266320 -27.130617 34.060910
-20.145708 -27.970794 35.675725
-21.015773 -28.711484 37.425331
-21.865721 -29.329588 39.301949
-22.683428 -29.801654 41.293258
-23.455595 -30.104847 43.381985
-24.167997 -30.218110 45.545729
-24.805837 -30.123465 47.757073
-25.354211 -29.807362 49.984079
-25.798655 -29.261964 52.191173
-26.125766 -28.486223 54.340442
-26.323850 -27.486612 56.393266
-26.383559 -26.277386 58.312189
-26.298456 -24.880288 60.062861
-26.065454 -23.323683 61.615865
-25.685100 -21.641167 62.948239
-25.161641 -19.869784 64.044539
-24.502898 -18.048018 64.897330
-23.719926 -16.213766 65.507079
-22.826507 -14.402481 65.881499
-21.838516 -12.645663 66.034449
-20.773223 -10.969770 65.984543
-19.648565 -9.395618 65.753635
-18.482475 -7.938228 65.365330
-17.292271 -6.607062 64.843645
-16.094164 -5.406553 64.211910
-14.902876 -4.336819 63.491924
-13.731385 -3.394474 62.703401
-12.590784 -2.573449 61.863656
-11.490237 -1.865760 60.987498
-10.437020 -1.262198 60.087286
-9.436622 -0.752898 59.173093
-8.492892 -0.327808 58.252944
-7.608212 0.022960 57.333083
-6.783683 0.308872 56.418243
-6.019321 0.538797 55.511919
-5.314235 0.720899 54.616602
-4.666806 0.862582 53.733994
-4.074842 0.970477 52.865189
-3.535722 1.050458 52.010820
-3.046523 1.107671 51.171182
-2.604118 1.146590 50.346331
-2.205276 1.171065 49.536154
-1.846729 1.184385 48.740426
-1.525235 1.189335 47.958857
-1.237625 1.188258 47.191117
-1.110144 1.254038 46.637706
-1.015971 1.327069 46.137422
-0.922808 1.391006 45.642663
-0.830963 1.446358 45.153446
-0.740709 1.493638 44.669773
-0.652291 1.533359 44.191635
-0.565923 1.566033 43.719008
-0.481792 1.592164 43.251860
-0.400056 1.612245 42.790149
-0.320848 1.626760 42.333826
-0.244280 1.636176 41.882832
-0.170437 1.640949 41.437106
-0.099388 1.641513 40.996580
-0.031178 1.638287 40.561183
0.034162 1.631669 40.130841
0.096621 1.622041 39.705479
0.156199 1.609762 39.285019
0.212913 1.595171 38.869384
0.266791 1.578590 38.458497
0.317872 1.560318 38.052280
0.366205 1.540635 37.650657
0.411847 1.519804 37.253554
0.454864 1.498066 36.860898
0.495328 1.475647 36.472616
0.533316 1.452753 36.088640
0.568911 1.429575 35.708902
0.602199 1.406287 35.333335
0.633268 1.383046 34.961878
0.662212 1.359998 34.594469
0.689123 1.337272 34.231048
0.714095 1.314985 33.871560
0.737226 1.293242 33.515949
0.758609 1.272136 33.164163
0.778339 1.251750 32.816151
0.796513 1.232156 32.471863
0.813222 1.213417 32.131254
0.828559 1.195589 31.794276
0.842614 1.178717 31.460886
0.855476 1.162841 31.131042
0.867232 1.147996 30.804702
0.877965 1.134207 30.481827
0.887758 1.121497 30.162377
0.896690 1.109883 29.846315
0.904839 1.099377 29.533605
0.912278 1.089989 29.224211
0.919079 1.081724 28.918099
0.925312 1.074585 28.615234
0.931043 1.068573 28.315584
0.936335 1.063685 28.019117
0.941251 1.059919 27.725801
0.945848 1.057268 27.435604
0.950183 1.055729 27.148498
0.954309 1.055293 26.864452
0.958278 1.055953 26.583436
0.962139 1.057702 26.305424
0.965938 1.060532 26.030386
0.969721 1.064436 25.758295
0.973529 1.069405 25.489125
0.977404 1.075434 25.222847
0.981384 1.082515 24.959438
0.985507 1.090644 24.698870
0.989807 1.099815 24.441119
0.994318 1.110025 24.186160
0.999074 1.121271 23.933969
1.004104 1.133553 23.684523
1.009439 1.146868 23.437797
1.015108 1.161220 23.193770
1.021138 1.176611 22.952420
1.027555 1.193043 22.713723
1.034385 1.210524 22.477661
1.041654 1.229059 22.244210
1.049386 1.248659 22.013353
1.057604 1.269332 21.785068
1.066331 1.291092 21.559338
1.075592 1.313952 21.336144
1.085408 1.337927 21.115467
1.095801 1.363034 20.897292
1.106794 1.389294 20.681602
1.118408 1.416727 20.468381
1.130667 1.445356 20.257614
1.143591 1.475205 20.049288
1.157203 1.506302 19.843388
1.171526 1.538676 19.639903
1.186583 1.572356 19.438821
1.202396 1.607376 19.240131
1.218989 1.643772 19.043823
1.236387 1.681579 18.849890
1.254613 1.720837 18.658322
1.273693 1.761588 18.469115
1.293653 1.803875 18.282263
1.314520 1.847744 18.097761
1.336320 1.893243 17.915608
1.359083 1.940423 17.735801
1.382837 1.989337 17.558342
1.407613 2.040040 17.383232
1.433442 2.092590 17.210474
1.460356 2.147049 17.040074
1.488389 2.203479 16.872039
1.517575 2.261945 16.706377
1.547951 2.322518 16.543101
1.579553 2.385267 16.382224
1.612421 2.450268 16.223761
1.646595 2.517597 16.067730
1.682115 2.587335 15.914154
1.719027 2.659565 15.763055
1.757374 2.734373 15.614460
1.797203 2.811849 15.468399
1.838562 2.892085 15.324907
1.881501 2.975176 15.184019
1.926073 3.061223 15.045778
1.972332 3.150327 14.910227
2.020332 3.242595 14.777418
2.070132 3.338136 14.647404
2.121793 3.437061 14.520244
2.175375 3.539488 14.396003
2.230944 3.645536 14.274751
2.288565 3.755328 14.156565
2.348308 3.868989 14.041528
2.410243 3.986650 13.929728
2.474445 4.108443 13.821264
2.540989 4.234504 13.716240
2.609953 4.364973 13.614769
2.681418 4.499990 13.516973
2.755467 4.639702 13.422983
2.832186 4.784254 13.332941
2.911662 4.933797 13.246998
2.993987 5.088480 13.165319
3.079253 5.248459 13.088078
3.167556 5.413885 13.015462
3.258992 5.584914 12.947674
3.353663 5.761700 12.884929
3.451670 5.944398 12.827457
3.553116 6.133161 12.775506
3.658109 6.328138 12.729339
3.766755 6.529478 12.689236
3.879163 6.737324 12.655498
3.995445 6.951815 12.628443
4.115710 7.173082 12.608412
4.240072 7.401249 12.595766
4.368642 7.636429 12.590889
4.501532 7.878724 12.594187
4.638854 8.128224 12.606091
4.780718 8.385001 12.627058
4.927232 8.649108 12.657570
5.078503 8.920581 12.698133
5.234632 9.199427 12.749285
5.395719 9.485630 12.811586
5.561855 9.779140 12.885626
5.733129 10.079874 12.972024
5.909620 10.387712 13.071423
6.091399 10.702488 13.184494
6.278525 11.023990 13.311935
6.471050 11.351954 13.454466
6.669007 11.686056 13.612830
6.872418 12.025910 13.787791
7.081285 12.371062 13.980130
7.295591 12.720982 14.190639
7.515299 13.075056 14.420121
7.740347 13.432588 14.669382
7.970644 13.792784 14.939224
8.206073 14.154754 15.230439
8.446482 14.517499 15.543801
8.691686 14.879914 15.880055
8.941459 15.240775 16.239906
