-1.000000 1.000000
-0.979011 1.238141
-0.956090 1.472328
-0.931305 1.702221
-0.904722 1.927490
-0.876407 2.147817
-0.846425 2.362896
-0.814841 2.572434
-0.781718 2.776147
-0.747117 2.973764
-0.711099 3.165024
-0.673723 3.349678
-0.635046 3.527486
-0.595126 3.698220
-0.554016 3.861660
-0.511772 4.017598
-0.468443 4.165833
-0.424083 4.306175
-0.378739 4.438444
-0.332461 4.562466
-0.285295 4.678077
-0.237287 4.785121
-0.188481 4.883452
-0.138921 4.972929
-0.088650 5.053421
-0.037710 5.124803
0.026814 5.117764
0.126814 4.917610
0.226814 4.717257
0.326814 4.516703
0.426814 4.315949
0.526814 4.114996
0.626814 3.913842
0.726814 3.712488
0.826814 3.510935
0.926814 3.309181
1.026814 3.107228
1.126814 2.905074
1.226814 2.702720
1.326814 2.500167
1.426814 2.297413
1.526814 2.094459
1.626814 1.891306
1.726814 1.687952
1.826814 1.484398
1.926814 1.280645
2.026814 1.076691
2.126814 0.872538
2.226814 0.668184
2.326814 0.463630
2.426814 0.258877
2.526814 0.053923
2.450019 -0.037082
2.310019 -0.084682
2.170019 -0.129483
2.030019 -0.171483
1.890019 -0.210684
1.750019 -0.247084
1.610019 -0.280684
1.470019 -0.311485
1.330019 -0.339485
1.190019 -0.364685
1.050019 -0.387086
0.910019 -0.406686
0.770019 -0.423487
0.630019 -0.437487
0.490019 -0.448687
0.350019 -0.457088
0.210019 -0.462688
0.070019 -0.465488
-0.070121 -0.465487
-0.210121 -0.462685
-0.350121 -0.457082
-0.490121 -0.448680
-0.630121 -0.437478
-0.770121 -0.423475
-0.910121 -0.406673
-1.050121 -0.387070
-1.190121 -0.364668
-1.330121 -0.339465
-1.470121 -0.311463
-1.610121 -0.280661
-1.750121 -0.247058
-1.890121 -0.210656
-2.030121 -0.171453
-2.170121 -0.129451
-2.310121 -0.084649
-2.450121 -0.037046
-2.536911 0.134598
-2.470310 0.645274
-2.401995 1.143807
-2.332078 1.629896
-2.260658 2.103264
-2.187831 2.563649
-2.113681 3.010804
-2.038287 3.444499
-1.961721 3.864517
-1.884050 4.270653
-1.805335 4.662713
-1.725629 5.040514
-1.644985 5.403883
-1.563447 5.752655
-1.481057 6.086672
-1.397855 6.405787
-1.313873 6.709853
-1.229142 6.998736
-1.143691 7.272301
-1.057543 7.530423
-0.970721 7.772976
-0.883244 7.999843
-0.795127 8.210906
-0.706385 8.406051
-0.617030 8.585168
-0.527070 8.748145
-0.436513 8.894877
-0.345363 9.025254
-0.253623 9.139172
-0.161293 9.236523
-0.068371 9.317202
0.026921 9.312011
0.126921 9.111857
0.226921 8.911503
0.326921 8.710949
0.426921 8.510195
0.526921 8.309241
0.626921 8.108088
0.726921 7.906734
0.826921 7.705180
0.926921 7.503426
1.026921 7.301472
1.126921 7.099318
1.226921 6.896965
1.326921 6.694411
1.426921 6.491657
1.526921 6.288703
1.626921 6.085549
1.726921 5.882195
1.826921 5.678641
1.926921 5.474888
2.026921 5.270934
2.126921 5.066780
2.226921 4.862426
2.326921 4.657872
2.426921 4.453118
2.526921 4.248165
2.626921 4.043011
2.726921 3.837657
2.826921 3.632103
2.926921 3.426349
3.026921 3.220395
3.126921 3.014242
3.226921 2.807888
3.326921 2.601334
3.426921 2.394580
3.526921 2.187626
3.626921 1.980472
3.726921 1.773119
3.826921 1.565565
3.926921 1.357811
4.026921 1.149857
4.126921 0.941703
4.226921 0.733349
4.326921 0.524795
4.426921 0.316042
4.526921 0.107088
4.509930 -0.044548
4.369930 -0.133347
4.229930 -0.219345
4.089930 -0.302544
3.949930 -0.382943
3.809930 -0.460541
3.669930 -0.535340
3.529930 -0.607338
3.389930 -0.676537
3.249930 -0.742936
3.109930 -0.806534
2.969930 -0.867333
2.829930 -0.925331
2.689930 -0.980530
2.549930 -1.032929
2.409930 -1.082527
2.269930 -1.129326
2.129930 -1.173324
1.989930 -1.214523
1.849930 -1.252922
1.709930 -1.288520
1.569930 -1.321319
1.429930 -1.351317
1.289930 -1.378516
1.149930 -1.402915
1.009930 -1.424513
0.869930 -1.443312
0.729930 -1.459311
0.589930 -1.472509
0.449930 -1.482908
0.309930 -1.490506
0.169930 -1.495305
0.029930 -1.497304
-0.110210 -1.496500
-0.250210 -1.492896
-0.390210 -1.486492
-0.530210 -1.477287
-0.670210 -1.465283
-0.810210 -1.450479
-0.950210 -1.432875
-1.090210 -1.412471
-1.230210 -1.389266
-1.370210 -1.363262
-1.510210 -1.334458
-1.650210 -1.302854
-1.790210 -1.268450
-1.930210 -1.231246
-2.070210 -1.191241
-2.210210 -1.148437
-2.350210 -1.102833
-2.490210 -1.054429
-2.630210 -1.003225
-2.770210 -0.949220
-2.910210 -0.892416
-3.050210 -0.832812
-3.190210 -0.770408
-3.330210 -0.705204
-3.470210 -0.637199
-3.610210 -0.566395
-3.750210 -0.492791
-3.890210 -0.416387
-4.030210 -0.337183
-4.170210 -0.255178
-4.310210 -0.170374
-4.450210 -0.082770
-4.561273 0.073579
-4.357375 0.936114
-4.162412 1.762769
-3.975261 2.555050
-3.794961 3.314274
-3.620685 4.041597
-3.451720 4.738039
-3.287444 5.404498
-3.127315 6.041767
-2.970858 6.650551
-2.817653 7.231471
-2.667329 7.785079
-2.519555 8.311863
-2.374035 8.812254
-2.230505 9.286635
-2.088723 9.735341
-1.948473 10.158667
-1.809556 10.556871
-1.671788 10.930176
-1.535000 11.278773
-1.399037 11.602825
