5.000000 5.000000 5.000000
5.053028 6.095245 5.143320
5.205275 7.194455 5.344007
5.448557 8.315308 5.610729
5.776993 9.472161 5.955394
6.186460 10.675933 6.393064
6.674088 11.933727 6.941950
7.237747 13.248164 7.623385
7.875502 14.616403 8.461668
8.585017 16.028844 9.483613
9.362875 17.467560 10.717644
10.203804 18.904560 12.192209
11.099818 20.300114 13.933296
12.039286 21.601513 15.960864
13.006026 22.742833 18.284119
13.978534 23.646417 20.895830
14.929543 24.226870 23.766288
15.826159 24.398193 26.838040
16.630807 24.084107 30.023050
17.303210 23.230704 33.204220
17.803400 21.819292 36.242770
18.095557 19.876260 38.991850
18.152135 17.476551 41.314727
17.957515 14.738405 43.103950
17.510375 11.809427 44.296736
16.824201 8.846847 44.882455
15.925773 5.996771 44.900398
14.851985 3.377387 44.429025
13.645696 1.069383 43.570265
12.351453 -0.885734 42.433180
11.011792 -2.480975 41.120499
9.664521 -3.735546 39.719814
8.341136 -4.685549 38.299561
7.066227 -5.375622 36.908811
5.857652 -5.852500 35.579484
3.081746 -5.269813 33.945261
1.088937 -4.942940 32.512797
-0.367489 -4.846843 31.222553
-1.471098 -4.952672 30.043697
-2.354382 -5.238371 28.962002
-3.113175 -5.690461 27.973296
-3.817708 -6.303901 27.080401
-4.520816 -7.081206 26.292108
-5.263884 -8.031266 25.623399
-6.081026 -9.167900 25.096540
-7.001837 -10.507997 24.742845
-8.052923 -12.068836 24.605006
-9.258246 -13.864038 24.739750
-10.638138 -15.897369 25.220326
-12.206672 -18.153542 26.137760
-13.966972 -20.585342 27.598896
-15.904068 -23.097395 29.718014
-17.975342 -25.529167 32.597716
-20.099753 -27.644082 36.295120
-22.149074 -29.137053 40.773622
-23.947129 -29.675692 45.851098
-25.284629 -28.983178 51.170820
-25.954541 -26.946619 56.230437
-25.803541 -23.701666 60.487790
-24.781806 -19.632830 63.514400
-22.966969 -15.268335 65.120639
-20.547748 -11.118922 65.382925
-17.774394 -7.546732 64.568027
-14.899554 -4.718574 63.012621
-12.132667 -2.636106 61.024155
-9.618187 -1.200336 58.832530
-7.434977 -0.272453 56.585329
-5.608225 0.285725 54.365255
-4.125626 0.591728 52.212295
-2.952564 0.736397 50.141930
-2.043989 0.785311 48.157266
-1.352604 0.783241 46.256030
-0.833837 0.759219 44.434130
-0.632026 0.835813 43.151595
-0.488590 0.908803 42.011272
-0.353137 0.956109 40.901911
-0.227130 0.982271 39.822842
-0.111474 0.991515 38.773295
-0.006608 0.987664 37.752438
0.087418 0.974104 36.759412
0.170857 0.953770 35.793353
0.244196 0.929157 34.853414
0.308091 0.902342 33.938775
0.363318 0.875023 33.048651
0.410722 0.848557 32.182296
0.451181 0.824006 31.339003
0.485580 0.802179 30.518101
0.514785 0.783676 29.718955
0.539629 0.768926 28.940962
0.560898 0.758221 28.183549
0.579329 0.751751 27.446167
0.595600 0.749631 26.728293
0.610333 0.751921 26.029424
0.624098 0.758653 25.349077
0.637408 0.769841 24.686791
0.650733 0.785499 24.042117
0.664496 0.805652 23.414627
0.679087 0.830344 22.803909
0.694862 0.859646 22.209567
0.712151 0.893663 21.631222
0.731265 0.932538 21.068513
0.752503 0.976457 20.521095
0.776152 1.025653 19.988645
0.802498 1.080408 19.470857
0.831831 1.141058 18.967449
0.864444 1.207998 18.478161
0.900647 1.281682 18.002759
0.940763 1.362629 17.541037
0.985139 1.451426 17.092823
1.034149 1.548735 16.657978
1.088197 1.655299 16.236405
1.147723 1.771942 15.828054
1.213209 1.899582 15.432927
1.285182 2.039235 15.051089
1.364222 2.192024 14.682676
1.450964 2.359182 14.327909
1.546109 2.542068 13.987107
1.650424 2.742168 13.660703
1.764752 2.961109 13.349266
1.890018 3.200660 13.053527
2.027233 3.462744 12.774405
2.177505 3.749441 12.513043
2.342040 4.062985 12.270849
2.522150 4.405769 12.049542
2.719256 4.780327 11.851211
2.934894 5.189323 11.678376
3.170709 5.635518 11.534069
3.428458 6.121727 11.421914
3.709998 6.650753 11.346226
4.017269 7.225292 11.312115
4.352277 7.847809 11.325601
4.717052 8.520367 11.393730
5.113598 9.244401 11.524683
5.543824 10.020427 11.727875
6.009448 10.847675 12.014015
6.511869 11.723633 12.395113
7.052009 12.643498 12.884390
7.630110 13.599536 13.496054
8.245482 14.580366 14.244883
8.896213 15.570215 15.145558
9.578829 16.548204 16.211662
10.287929 17.487790 17.454318
11.015816 18.356515 18.880416
11.752157 19.116289 20.490483
12.483746 19.724416 22.276311
13.194421 20.135611 24.218619
13.865248 20.305131 26.285154
14.475031 20.192987 28.429749
15.001212 19.768913 30.592927
15.421179 19.017466 32.704508
15.713900 17.942317 34.688368
15.861725 16.568689 36.469031
15.852128 14.943085 37.979202
15.679106 13.129910 39.166934
15.343983 11.205335 40.001016
14.855459 9.249460 40.473482
14.228891 7.338237 40.598804
13.484918 5.536641 40.410161
12.647669 3.894132 39.953751
11.742854 2.442814 39.282442
10.795963 1.198032 38.449922
9.830803 0.160758 37.506131
8.868446 -0.679080 36.494317
7.926610 -1.339056 35.449644
7.019423 -1.841019 34.399038
6.157492 -2.208489 33.361880
5.348175 -2.464735 32.351155
4.595982 -2.631528 31.374764
3.903024 -2.728416 30.436786
3.269473 -2.772415 29.538590
2.545184 -2.700118 28.620406
1.317269 -2.318643 27.451671
0.457451 -2.124595 26.356532
-0.164359 -2.076618 25.320413
-0.638133 -2.146713 24.336110
-1.026482 -2.317831 23.400222
-1.373730 -2.581770 22.511576
-1.712324 -2.937566 21.670644
-2.067357 -3.390387 20.879509
-2.459761 -3.950874 20.142174
-2.908618 -4.634820 19.465193
-3.432857 -5.463096 18.858653
-4.052532 -6.461688 18.337612
-4.789799 -7.661661 17.924161
-5.669600 -9.098736 17.650313
-6.719980 -10.812009 17.561929
-7.971819 -12.840984 17.723872
-9.457563 -15.219653 18.226277
-11.208235 -17.965708 19.191209
-13.247663 -21.062415 20.777513
-15.582493 -24.430830 23.179005
-18.186564 -27.892338 26.607099
-20.979374 -31.128739 31.244915
-23.801886 -33.661612 37.161053
-26.399836 -34.891225 44.188276
-28.433174 -34.238806 51.814465
-29.531765 -31.389264 59.183571
-29.399097 -26.525380 65.296153
-27.926592 -20.367342 69.368309
-25.252622 -13.925648 71.134496
-21.723368 -8.110715 70.880226
-17.778165 -3.459248 69.212305
-13.826603 -0.101302 66.766680
-10.171457 2.108096 64.026853
-6.988501 3.429643 61.282760
-4.344546 4.130346 58.670961
-3.381385 5.157739 56.892700
-2.528969 5.932187 55.233827
-1.697694 6.429199 53.651650
-0.910072 6.687933 52.155787
-0.182691 6.748249 50.747557
0.473170 6.648414 49.422250
1.050812 6.423748 48.171358
1.547363 6.105925 46.984509
1.963048 5.722706 45.850956
2.300522 5.297930 44.760641
2.564275 4.851660 43.704837
2.760102 4.400401 42.676465
2.894656 3.957368 41.670159
2.975067 3.532787 40.682152
3.008630 3.134212 39.710060
3.002548 2.766860 38.752611
2.963733 2.433942 37.809376
2.898665 2.137003 36.880506
2.813284 1.876242 35.966518
2.712933 1.650807 35.068110
2.602324 1.459073 34.186039
2.485539 1.298874 33.321020
2.366049 1.167712 32.473673
2.246744 1.062919 31.644489
2.129987 0.981794 30.833823
2.017659 0.921705 30.041894
1.911218 0.880163 29.268795
1.811756 0.854875 28.514515
1.720055 0.843774 27.778951
1.636636 0.845038 27.061930
1.561809 0.857096 26.363225
1.495717 0.878621 25.682569
1.438376 0.908523 25.019670
1.389707 0.945933 24.374218
1.349565 0.990192 23.745898
1.317767 1.040826 23.134392
1.294108 1.097538 22.539393
1.278386 1.160185 21.960601
1.270408 1.228771 21.397733
1.270008 1.303426 20.850525
1.277054 1.384403 20.318736
1.291455 1.472064 19.802151
1.313170 1.566877 19.300587
1.342210 1.669408 18.813895
1.378643 1.780319 18.341964
1.422599 1.900370 17.884732
1.474273 2.030412 17.442187
1.533926 2.171396 17.014377
1.601890 2.324373 16.601421
1.678570 2.490496 16.203516
1.764448 2.671027 15.820957
1.860086 2.867339 15.454144
1.966128 3.080925 15.103606
2.083304 3.313399 14.770021
2.212436 3.566500 14.454244
2.354438 3.842095 14.157332
2.510321 4.142177 13.880582
2.681196 4.468861 13.625575
2.868274 4.824371 13.394219
3.072869 5.211027 13.188803
3.296393 5.631209 13.012065
3.540350 6.087325 12.867257
3.806331 6.581743 12.758226
4.095995 7.116716 12.689494
4.411048 7.694268 12.666354
4.753210 8.316051 12.694952
5.124168 8.983157 12.782375
5.525516 9.695877 12.936722
5.958675 10.453400 13.167136
6.424782 11.253448 13.483807
6.924565 12.091838 13.897880
7.458170 12.961979 14.421274
8.024963 13.854308 15.066343
8.623294 14.755715 15.845345
9.250226 15.648984 16.769674
9.901249 16.512352 17.848811
10.569978 17.319289 19.088968
11.247888 18.038654 20.491469
11.924101 18.635395 22.050921
12.585305 19.071950 23.753379
13.215846 19.310475 25.574756
13.798063 19.315902 27.479858
14.312924 19.059652 29.422445
14.740962 18.523624 31.346699
15.063498 17.703845 33.190297
15.264048 16.613042 34.888990
15.329752 15.281427 36.382218
15.252650 13.755257 37.618931
15.030573 12.093124 38.562601
14.667516 10.360510 39.194479
14.173406 8.623515 39.514507
13.563298 6.942855 39.539804
12.856134 5.369120 39.301195
12.073253 3.939879 38.838584
11.236862 2.678779 38.196099
10.368663 1.596362 37.417774
9.488737 0.692075 36.544268
8.614772 -0.043113 35.610780
7.761610 -0.623999 34.646094
6.941099 -1.068694 33.672517
6.162155 -1.396628 32.706412
5.430995 -1.627080 31.759066
4.751460 -1.778178 30.837681
4.125380 -1.866319 29.946341
3.552948 -1.905887 29.086861
3.033067 -1.909196 28.259498
2.563674 -1.886569 27.463502
2.142007 -1.846506 26.697534
1.700157 -1.762116 25.924047
0.894853 -1.473038 24.887414
0.338016 -1.324430 23.903357
-0.060630 -1.281622 22.964465
-0.362454 -1.322008 22.066802
-0.609540 -1.432160 21.208163
-0.831353 -1.605686 20.387333
-1.049332 -1.841740 19.603828
-1.280076 -2.144082 18.857889
-1.537582 -2.520563 18.150632
-1.834842 -2.982957 17.484353
-2.185066 -3.547063 16.863006
-2.602639 -4.233027 16.292924
-3.103960 -5.065797 15.783880
-3.708183 -6.075641 15.350649
-4.437905 -7.298560 15.015258
-5.319736 -8.776308 14.810226
-6.384640 -10.555521 14.783103
-7.667777 -12.685055 15.002615
-9.207336 -15.210022 15.566536
-11.041550 -18.160143 16.610672
-13.202502 -21.529090 18.316718
-15.704850 -25.241133 20.913365
-18.527332 -29.103667 24.659439
-21.586015 -32.752912 29.791235
-24.702558 -35.619789 36.415396
-27.580165 -36.971231 44.349524
-29.812406 -36.092244 52.972276
-30.953875 -32.610172 61.221989
-30.655921 -26.804522 67.874219
-28.813705 -19.632657 72.029487
-25.631719 -12.359944 73.488404
-21.555677 -6.037627 72.728627
-17.115223 -1.196385 70.551933
-12.773975 2.126593 67.710404
-8.850062 4.181414 64.719099
-5.508299 5.306496 61.848865
-4.309151 6.790028 59.886201
-3.196845 7.879711 58.038491
-2.106392 8.570906 56.296269
-1.070962 8.919527 54.678348
-0.115141 8.982793 53.187915
0.744169 8.815482 51.816788
1.496686 8.467941 50.549660
2.137644 7.985242 49.367772
2.666759 7.407008 48.251791
3.087281 6.767539 47.183819
3.405172 6.096063 46.148640
3.628370 5.416999 45.134310
3.766160 4.750231 44.132264
3.828630 4.111395 43.137056
3.826202 3.512205 42.145900
3.769245 2.960819 41.158100
3.667764 2.462265 40.174469
3.531157 2.018897 39.196791
3.368041 1.630865 38.227370
3.186140 1.296583 37.268676
2.992226 1.013173 36.323088
2.792106 0.776857 35.392732
2.590646 0.583305 34.479388
2.391821 0.427923 33.584458
2.198790 0.306074 32.708971
2.013971 0.213256 31.853617
1.839139 0.145224 31.018789
1.675510 0.098072 30.204638
1.523831 0.068279 29.411119
1.384463 0.052731 28.638041
1.257456 0.048722 27.885102
1.142617 0.053938 27.151925
1.039569 0.066434 26.438083
0.947803 0.084601 25.743120
0.866718 0.107136 25.066562
0.795663 0.133004 24.407935
0.733959 0.161407 23.766766
0.680928 0.191749 23.142591
0.635907 0.223609 22.534957
0.598264 0.256713 21.943426
0.567407 0.290912 21.367574
0.542791 0.326161 20.806989
0.523925 0.362502 20.261279
0.510370 0.400050 19.730062
0.501743 0.438984 19.212973
0.497719 0.479532 18.709661
0.498025 0.521972 18.219788
0.502444 0.566621 17.743033
0.510814 0.613836 17.279087
0.523020 0.664009 16.827657
0.538999 0.717572 16.388468
0.558738 0.774992 15.961257
0.582269 0.836779 15.545783
0.609674 0.903482 15.141822
0.641081 0.975703 14.749172
0.676665 1.054092 14.367655
0.716649 1.139359 13.997117
0.761306 1.232277 13.637437
0.810960 1.333694 13.288527
0.865988 1.444535 12.950338
0.926824 1.565814 12.622868
0.993961 1.698644 12.306170
1.067957 1.844248 12.000357
1.149440 2.003966 11.705619
1.239109 2.179271 11.422235
1.337747 2.371778 11.150588
1.446220 2.583258 10.891187
1.565491 2.815650 10.644691
1.696624 3.071074 10.411940
1.840791 3.351838 10.193988
1.999284 3.660450 9.992147
2.173519 3.999624 9.808037
2.365045 4.372275 9.643648
2.575552 4.781520 9.501414
2.806874 5.230652 9.384291
3.060992 5.723113 9.295864
3.340030 6.262442 9.240457
3.646249 6.852190 9.223265
3.982029 7.495810 9.250501
4.349840 8.196494 9.329550
4.752201 8.956943 9.469143
5.191611 9.779073 9.679510
5.670461 10.663619 9.972532
6.190907 11.609622 10.361832
6.754701 12.613795 10.862798
7.362972 13.669743 11.492456
8.015947 14.767049 12.269149
8.712605 15.890254 13.211916
9.450261 17.017787 14.339479
10.224099 18.120988 15.668732
11.026660 19.163396 17.212651
11.847339 20.100594 18.977605
12.671953 20.880951 20.960166
13.482483 21.447638 23.143694
14.257104 21.742236 25.495203
14.970638 21.710034 27.963255
15.595547 21.306753 30.477783
16.103500 20.505907 32.952681
16.467480 19.305472 35.291637
16.664220 17.732234 37.396948
16.676650 15.842309 39.180167
16.495936 13.717019 40.572594
16.122713 11.454464 41.533364
15.567259 9.158347 42.053287
14.848537 6.926372 42.153685
13.992311 4.840572 41.880803
13.028678 2.961182 41.297403
11.989450 1.324615 40.473603
10.905775 -0.055016 39.478737
9.806254 -1.181962 38.375363
8.715674 -2.073813 37.215763
7.654353 -2.756479 36.040686
6.637980 -3.259892 34.879748
5.677850 -3.614731 33.752844
4.781316 -3.850209 32.672020
3.888030 -3.959444 31.623578
2.040704 -3.459640 30.277927
0.735589 -3.194519 29.046735
-0.211187 -3.119995 27.900490
-0.929291 -3.203584 26.824682
-1.510260 -3.424122 25.812813
-2.019416 -3.770450 24.863091
-2.504527 -4.240003 23.977072
-3.002037 -4.837622 23.159385
-3.541519 -5.574646 22.418131
-4.148848 -6.468235 21.765826
-4.848450 -7.540755 21.220895
-5.664834 -8.819000 20.809793
-6.623496 -10.332860 20.569893
-7.751157 -12.112861 20.553191
-9.075092 -14.185685 20.830765
-10.621153 -16.566422 21.497475
-12.409784 -19.245937 22.675496
-14.449136 -22.171820 24.513713
-16.724323 -25.222592 27.177563
-19.182467 -28.178763 30.821290
-21.715058 -30.702334 35.534269
-24.143055 -32.347811 41.260391
-26.215606 -32.634708 47.710941
-27.636576 -31.195722 54.323931
-28.126940 -27.960826 60.338447
-27.510437 -23.270506 65.005793
-25.784547 -17.810473 67.849762
-23.134422 -12.374320 68.815966
-19.878100 -7.597198 68.219050
-16.373714 -3.813041 66.550434
-12.935427 -1.070381 64.285525
-9.786940 0.763661 61.778407
-7.053677 1.894714 59.245071
