2.000000 2.000000 2.000000
2.024161 2.499713 1.991985
2.093840 3.006734 1.995442
2.205939 3.532078 2.012222
2.358665 4.085923 2.044978
2.551331 4.677867 2.097234
2.784210 5.317113 2.173511
3.058410 6.012590 2.279511
3.375772 6.772999 2.422352
3.738780 7.606773 2.610860
4.150463 8.521934 2.855914
4.614295 9.525817 3.170835
5.134068 10.624617 3.571823
5.713722 11.822720 4.078385
6.357112 13.121759 4.713732
7.067701 14.519320 5.505054
7.848128 16.007256 6.483528
8.699645 17.569579 7.683895
9.621386 19.179946 9.143318
10.609447 20.798920 10.899214
11.655799 22.371309 12.985669
12.747081 23.824219 15.428156
13.863389 25.066737 18.236426
14.977274 25.992473 21.395940
16.053281 26.486245 24.858964
17.048396 26.435836 28.537374
17.913818 25.748584 32.300115
18.598299 24.370746 35.978442
19.052981 22.305351 39.380925
19.237161 19.622874 42.317525
19.123972 16.459573 44.628330
18.704659 13.001577 46.209627
17.990354 9.457617 47.029596
17.010810 6.027626 47.129040
15.810419 2.875758 46.607693
14.442535 0.114144 45.601378
12.963393 -2.200733 44.257254
11.426803 -4.061287 42.713285
9.880308 -5.496203 41.085105
8.363017 -6.556431 39.460497
6.427523 -7.050395 37.805776
3.209639 -6.512647 36.009197
0.877625 -6.220281 34.473871
-0.843973 -6.163711 33.123885
-2.159319 -6.323028 31.918817
-3.217897 -6.679762 30.839794
-4.128870 -7.221217 29.881544
-4.972501 -7.941451 29.048427
-5.808816 -8.840704 28.352912
-6.683878 -9.923950 27.815524
-7.634099 -11.198748 27.465713
-8.688863 -12.672220 27.343243
-9.871616 -14.346794 27.499685
-11.199452 -16.214212 27.999382
-12.681053 -18.247372 28.918815
-14.312854 -20.389919 30.342669
-16.073403 -22.544534 32.354202
-17.916347 -24.562821 35.017289
-19.763465 -26.242587 38.348711
-21.500586 -27.341123 42.283333
-22.980736 -27.612832 46.642349
-24.039039 -26.872012 51.123279
-24.521050 -25.065106 55.331954
-24.319560 -22.319186 58.862119
-23.407351 -18.932407 61.398786
-21.851014 -15.299214 62.798043
-19.797963 -11.802968 63.103855
-17.441823 -8.727392 62.500204
-14.980987 -6.220096 61.232469
-12.585168 -4.306465 59.538044
-10.377453 -2.930007 57.607148
-8.431264 -1.994869 55.572840
-6.777187 -1.397379 53.518603
-5.414087 -1.044114 51.492032
-4.320490 -0.859426 49.517774
-3.464118 -0.786493 47.607144
-2.808891 -0.785166 45.764326
-2.319517 -0.828677 43.989966
-1.964134 -0.900323 42.283096
-1.715556 -0.990618 40.642087
-1.551596 -1.095064 39.065092
-1.454846 -1.212524 37.550250
-1.412173 -1.344104 36.095778
-1.414131 -1.492439 34.700027
-1.454372 -1.661279 33.361532
-1.529132 -1.855298 32.079063
-1.636822 -2.080053 30.851701
-1.777720 -2.342061 29.678929
-1.953764 -2.648958 28.560770
-2.168449 -3.009712 27.497965
-2.426808 -3.434901 26.492224
-2.735465 -3.937018 25.546577
-3.102759 -4.530813 24.665864
-3.538921 -5.233634 23.857409
-4.056283 -6.065731 23.131974
-4.669506 -7.050435 22.505051
-5.395756 -8.214081 21.998645
-6.254766 -9.585422 21.643640
-7.268636 -11.194137 21.482870
-8.461127 -13.067797 21.574883
-9.856105 -15.226355 21.998132
-11.474558 -17.672891 22.854748
-13.329458 -20.379199 24.271943
-15.417582 -23.265321 26.397347
-17.707662 -26.174308 29.382261
-20.125262 -28.848600 33.345298
-22.537310 -30.923141 38.311385
-24.743408 -31.959473 44.133089
-26.485439 -31.543459 50.425551
-27.486673 -29.440450 56.571434
-27.520387 -25.744694 61.844681
-26.486260 -20.918967 65.632839
-24.456115 -15.663717 67.644276
-21.660032 -10.676670 67.971196
-18.418598 -6.446790 66.982400
-15.057597 -3.182121 65.138980
-11.842819 -0.860598 62.846140
-8.951093 0.669646 60.388805
-6.472199 1.602177 57.934062
-4.427468 2.118990 55.563103
-2.792719 2.367949 53.305581
-2.055196 2.776114 51.650823
-1.575607 3.163158 50.238455
-1.111278 3.419831 48.872879
-0.672254 3.565038 47.556186
-0.265816 3.617659 46.288281
0.103206 3.595706 45.067480
0.432093 3.515771 43.891088
0.719878 3.392703 42.755885
0.967011 3.239470 41.658506
1.175039 3.067128 40.595712
1.346326 2.884894 39.564562
1.483802 2.700264 38.562499
1.590755 2.519170 37.587383
1.670657 2.346159 36.637468
1.727022 2.184574 35.711369
1.763296 2.036735 34.808001
1.782777 1.904115 33.926524
1.788555 1.787502 33.066288
1.783471 1.687145 32.226778
1.770102 1.602883 31.407580
1.750748 1.534261 30.608344
1.727436 1.480624 29.828758
1.701932 1.441196 29.068537
1.675757 1.415148 28.327401
1.650207 1.401646 27.605080
1.626379 1.399892 26.901300
1.605189 1.409155 26.215788
1.587404 1.428790 25.548273
1.573659 1.458254 24.898486
1.564484 1.497115 24.266164
1.560321 1.545057 23.651052
1.561547 1.601883 23.052912
1.568491 1.667515 22.471521
1.581446 1.741993 21.906678
1.600690 1.825472 21.358209
1.626493 1.918221 20.825972
1.659130 2.020623 20.309862
1.698892 2.133170 19.809817
1.746095 2.256463 19.325824
1.801088 2.391215 18.857932
1.864257 2.538244 18.406254
1.936038 2.698483 17.970982
2.016918 2.872972 17.552400
2.107441 3.062866 17.150893
2.208217 3.269433 16.766973
2.319922 3.494056 16.401290
2.443306 3.738232 16.054658
2.579196 4.003569 15.728084
2.728496 4.291783 15.422796
2.892196 4.604691 15.140280
3.071366 4.944192 14.882317
3.267159 5.312255 14.651036
3.480809 5.710881 14.448961
3.713621 6.142069 14.279069
3.966964 6.607755 14.144854
4.242257 7.109739 14.050394
4.540943 7.649587 14.000418
4.864461 8.228498 14.000374
5.214202 8.847147 14.056486
5.591456 9.505477 14.175799
5.997341 10.202448 14.366199
6.432707 10.935737 14.636381
6.898029 11.701387 14.995767
7.393262 12.493400 15.454327
7.917682 13.303308 16.022289
8.469687 14.119722 16.709692
9.046588 14.927922 17.525761
9.644374 15.709529 18.478071
10.257485 16.442369 19.571486
10.878599 17.100606 20.806907
11.498476 17.655290 22.179873
12.105890 18.075423 23.679155
12.687701 18.329619 25.285525
13.229100 18.388390 26.970966
13.714089 18.226926 28.698595
14.126175 17.828129 30.423594
14.449304 17.185493 32.095293
14.668933 16.305324 33.660405
14.773172 15.207771 35.067136
14.753834 13.926292 36.269651
14.607256 12.505434 37.232201
14.334755 10.997151 37.932220
13.942641 9.456211 38.361834
13.441777 7.935432 38.527584
12.846753 6.481511 38.448499
12.174788 5.132005 38.153006
11.444527 3.913758 37.675270
10.674865 2.842720 37.051622
9.883922 1.924911 36.317516
9.088258 1.158116 35.505304
8.302325 0.533913 34.642880
7.538182 0.039707 33.753108
6.805417 -0.339465 32.853858
6.111223 -0.619474 31.958437
5.460604 -0.816007 31.076252
4.856633 -0.943833 30.213545
4.300748 -1.016348 29.374108
3.793054 -1.045361 28.559919
3.332600 -1.041031 27.771675
2.917636 -1.011919 27.009215
2.545838 -0.965104 26.271838
2.214496 -0.906335 25.558543
1.920666 -0.840196 24.868181
1.661300 -0.770273 24.199574
1.433339 -0.699307 23.551572
1.233790 -0.629342 22.923098
1.059778 -0.561850 22.313163
0.908587 -0.497839 21.720870
0.777679 -0.437952 21.145415
0.664713 -0.382544 20.586075
0.567547 -0.331753 20.042201
0.484239 -0.285549 19.513207
0.413038 -0.243784 18.998562
0.352383 -0.206226 18.497781
0.300881 -0.172588 18.010417
0.257305 -0.142550 17.536053
0.220573 -0.115775 17.074301
0.189741 -0.091924 16.624794
0.163985 -0.070660 16.187184
0.142591 -0.051663 15.761138
0.124944 -0.034625 15.346338
0.110515 -0.019257 14.942480
0.098851 -0.005292 14.549267
0.089568 0.007521 14.166415
0.082342 0.019412 13.793648
0.076899 0.030597 13.430698
0.073013 0.041272 13.077306
0.070495 0.051622 12.733219
0.069193 0.061820 12.398193
0.068984 0.072029 12.071989
0.069774 0.082406 11.754377
0.071490 0.093101 11.445130
0.074082 0.104263 11.144031
0.077519 0.116040 10.850867
0.081784 0.128580 10.565430
0.086881 0.142037 10.287521
0.092823 0.156571 10.016945
0.099642 0.172348 9.753513
0.107381 0.189548 9.497041
0.116097 0.208361 9.247353
0.125860 0.228995 9.004277
0.136755 0.251676 8.767647
0.148880 0.276650 8.537305
0.162349 0.304190 8.313098
0.177294 0.334594 8.094880
0.193862 0.368195 7.882513
0.212220 0.405360 7.675865
0.232556 0.446495 7.474815
0.255082 0.492054 7.279249
0.280034 0.542540 7.089066
0.307677 0.598515 6.904176
0.338306 0.660604 6.724504
0.372252 0.729501 6.549989
0.409885 0.805983 6.380592
0.451617 0.890915 6.216297
0.497907 0.985261 6.057112
0.549268 1.090098 5.903083
0.606274 1.206624 5.754292
0.669563 1.336175 5.610871
0.739847 1.480243 5.473013
0.817921 1.640484 5.340982
0.904671 1.818748 5.215131
1.001084 2.017087 5.095924
1.108258 2.237785 4.983959
1.227419 2.483374 4.880000
1.359927 2.756659 4.785017
1.507296 3.060739 4.700231
1.671205 3.399030 4.627176
1.853513 3.775281 4.567769
2.056278 4.193587 4.524397
2.281767 4.658397 4.500029
2.532473 5.174500 4.498342
2.811121 5.747003 4.523880
3.120678 6.381267 4.582242
3.464345 7.082818 4.680299
3.845549 7.857186 4.826456
4.267906 8.709676 5.030934
4.735170 9.645035 5.306089
5.251143 10.666972 5.666743
5.819544 11.777513 6.130496
6.443813 12.976124 6.717978
7.126847 14.258580 7.452967
7.870624 15.615528 8.362261
8.675733 17.030756 9.475150
9.540749 18.479213 10.822287
10.461487 19.924921 12.433721
11.430131 21.319085 14.335836
12.434291 22.598872 16.547015
13.456096 23.687562 19.072035
14.471488 24.496947 21.895514
15.449959 24.932847 24.975316
16.355009 24.904291 28.237413
17.145607 24.336116 31.574270
17.778826 23.183449 34.848888
18.213573 21.445127 37.905860
18.415043 19.172132 40.588983
18.359149 16.467443 42.762584
18.036032 13.475665 44.331639
17.451800 10.363944 45.255289
16.628035 7.298699 45.550050
15.599175 4.424065 45.282269
14.408382 1.846982 44.552716
13.102811 -0.368771 43.478119
11.729175 -2.200293 42.174282
10.330250 -3.657679 40.743835
8.942595 -4.773779 39.269541
7.595475 -5.594244 37.812488
6.310739 -6.169420 36.413688
3.463893 -5.658029 34.737951
1.286188 -5.306382 33.251649
-0.304575 -5.191135 31.924830
-1.505996 -5.285424 30.720997
-2.461372 -5.567204 29.622874
-3.274585 -6.022185 28.624830
-4.021703 -6.644184 27.729209
-4.759673 -7.434430 26.944966
-5.532656 -8.400362 26.287701
-6.376478 -9.554073 25.780632
-7.321545 -10.910237 25.456259
-8.394447 -12.483146 25.358516
-9.618269 -14.282320 25.545127
-11.011497 -16.305968 26.089566
-12.585238 -18.531553 27.081418
-14.338401 -20.903084 28.623100
-16.250579 -23.315851 30.819762
-18.272944 -25.601864 33.758497
-20.318617 -27.523287 37.474011
-22.256070 -28.785792 41.902910
-23.911359 -29.084671 46.839379
-25.085812 -28.186953 51.918234
-25.592146 -26.028868 56.655441
-25.302546 -22.780777 60.555521
-24.191079 -18.829718 63.250669
-22.349465 -14.671781 64.601774
-19.966340 -10.766531 64.707397
-17.279388 -7.428077 63.826644
-14.522126 -4.792914 62.270899
-11.884730 -2.852229 60.319301
-9.496485 -1.510562 58.179529
-7.426631 -0.639251 55.985515
-5.695810 -0.111545 53.813421
-4.290917 0.180095 51.701215
-3.178881 0.318830 49.664661
-2.317409 0.364781 47.708021
-1.662375 0.359050 45.830305
-1.172333 0.328277 44.028516
-0.810848 0.288757 42.299153
-0.547363 0.249760 40.638803
-0.357139 0.216022 39.044311
-0.220706 0.189521 37.512795
-0.158927 0.190143 36.349637
-0.125229 0.199383 35.392851
-0.094042 0.204961 34.461296
-0.065437 0.207693 33.554311
-0.039402 0.208299 32.671248
-0.015864 0.207399 31.811472
0.005298 0.205521 30.974367
0.024237 0.203107 30.159330
0.041134 0.200522 29.365775
0.056181 0.198062 28.593133
0.069578 0.195965 27.840848
0.081525 0.194419 27.108383
0.092221 0.193573 26.395213
0.101858 0.193541 25.700828
0.110617 0.194412 25.024733
0.118673 0.196256 24.366447
0.126186 0.199128 23.725501
0.133310 0.203076 23.101440
0.140185 0.208141 22.493820
0.146944 0.214364 21.902211
0.153709 0.221789 21.326195
0.160597 0.230462 20.765362
0.167718 0.240436 20.219319
0.175175 0.251774 19.687679
0.183071 0.264549 19.170068
0.191503 0.278844 18.666124
0.200571 0.294756 18.175494
0.210374 0.312399 17.697835
0.221011 0.331900 17.232815
0.232587 0.353406 16.780113
0.245212 0.377082 16.339418
0.259001 0.403117 15.910428
0.274078 0.431718 15.492855
0.290575 0.463124 15.086418
0.308637 0.497596 14.690850
0.328421 0.535429 14.305894
0.350099 0.576951 13.931306
0.373858 0.622527 13.566856
0.399905 0.672562 13.212325
0.428469 0.727507 12.867513
0.459801 0.787864 12.532234
0.494179 0.854187 12.206320
0.531910 0.927094 11.889627
0.573335 1.007271 11.582033
0.618829 1.095475 11.283442
0.668810 1.192551 10.993792
0.723739 1.299430 10.713057
0.784128 1.417150 10.441252
0.850542 1.546855 10.178446
0.923610 1.689817 9.924769
1.004027 1.847441 9.680421
1.092563 2.021280 9.445690
1.190069 2.213051 9.220968
1.297489 2.424648 9.006774
1.415866 2.658157 8.803777
1.546351 2.915870 8.612830
1.690214 3.200303 8.435005
1.848858 3.514201 8.271643
2.023821 3.860555 8.124410
2.216794 4.242603 7.995361
2.429626 4.663827 7.887020
2.664334 5.127941 7.802483
2.923106 5.638862 7.745523
3.208301 6.200658 7.720728
3.522446 6.817471 7.733652
3.868222 7.493392 7.790991
4.248432 8.232293 7.900774
4.665964 9.037577 8.072571
5.123715 9.911848 8.317702
5.624502 10.856460 8.649433
6.170917 11.870930 9.083122
6.765141 12.952191 9.636285
7.408694 14.093664 10.328502
8.102111 15.284145 11.181082
8.844537 16.506545 12.216382
9.633231 17.736547 13.456627
10.462998 18.941344 14.922115
11.325565 20.078683 16.628665
12.208952 21.096607 18.584288
13.096938 21.934322 20.785187
13.968723 22.524728 23.211445
14.798976 22.799020 25.823085
15.558414 22.693510 28.557522
16.215070 22.158244 31.329616
16.736307 21.166305 34.035453
17.091488 19.721918 36.560376
17.255005 17.865136 38.790749
17.209231 15.671185 40.627631
16.946826 13.243685 41.999532
16.471913 10.702661 42.871230
15.799846 8.169847 43.246535
14.955604 5.754550 43.164553
13.971139 3.543037 42.690821
12.882216 1.593048 41.905879
11.725281 -0.066475 40.893973
10.534811 -1.431663 39.733970
9.341396 -2.517743 38.493464
8.170607 -3.352511 37.226044
7.042572 -3.970427 35.971109
5.972094 -4.407979 34.755325
4.969133 -4.700475 33.594909
2.951204 -4.300600 32.193323
1.230299 -3.946746 30.848601
-0.012857 -3.813111 29.617196
-0.944089 -3.864962 28.474752
-1.681504 -4.077566 27.409890
-2.309619 -4.436234 26.418729
-2.889912 -4.935392 25.502407
-3.468530 -5.577454 24.666270
-4.081845 -6.371772 23.920071
-4.760414 -7.333665 23.278881
-5.531725 -8.483387 22.764645
-6.421993 -9.844781 22.408385
-7.457091 -11.443144 22.253095
-8.662581 -13.301678 22.357237
-10.062573 -15.435571 22.798530
-11.677000 -17.842514 23.677073
-13.516650 -20.488421 25.115820
-15.575226 -23.287763 27.254747
-17.818007 -26.080245 30.233047
-20.167765 -28.610554 34.152716
-22.491052 -30.525905 39.020044
-24.591865 -31.413508 44.673595
-26.223264 -30.896349 50.729534
-27.126385 -28.777044 56.595541
-27.095139 -25.168627 61.592942
-26.045350 -20.519990 65.161784
-24.053646 -15.488590 67.043946
-21.341673 -10.720897 67.332977
-18.212561 -6.668577 66.373267
