1.000000 1.000000
1.050000 0.898975
1.100000 0.797900
1.150000 0.696775
1.200000 0.595600
1.250000 0.494375
1.300000 0.393100
1.350000 0.291775
1.400000 0.190400
1.450000 0.088975
1.485271 -0.001936
1.415271 -0.016439
1.345271 -0.030241
1.275271 -0.043344
1.205271 -0.055747
1.135271 -0.067450
1.065271 -0.078452
0.995271 -0.088755
0.925271 -0.098358
0.855271 -0.107260
0.785271 -0.115463
0.715271 -0.122966
0.645271 -0.129769
0.575271 -0.135871
0.505271 -0.141274
0.435271 -0.145977
0.365271 -0.149979
0.295271 -0.153282
0.225271 -0.155885
0.155271 -0.157788
0.085271 -0.158990
0.015271 -0.159493
-0.054799 -0.159295
-0.124799 -0.158397
-0.194799 -0.156799
-0.264799 -0.154501
-0.334799 -0.151503
-0.404799 -0.147805
-0.474799 -0.143407
-0.544799 -0.138309
-0.614799 -0.132511
-0.684799 -0.126013
-0.754799 -0.118815
-0.824799 -0.110917
-0.894799 -0.102319
-0.964799 -0.093021
-1.034799 -0.083023
-1.104799 -0.072325
-1.174799 -0.060927
-1.244799 -0.048829
-1.314799 -0.036031
-1.384799 -0.022533
-1.454799 -0.008335
-1.489521 0.071432
-1.477748 0.234964
-1.465339 0.397408
-1.452306 0.558706
-1.438664 0.718804
-1.424425 0.877648
-1.409602 1.035183
-1.394208 1.191359
-1.378254 1.346124
-1.361755 1.499429
-1.344720 1.651224
-1.327164 1.801463
-1.309096 1.950098
-1.290529 2.097085
-1.271474 2.242379
-1.251943 2.385936
-1.231945 2.527714
-1.211492 2.667672
-1.190595 2.805769
-1.169263 2.941966
-1.147506 3.076224
-1.125336 3.208505
-1.102761 3.338772
-1.079791 3.466990
-1.056434 3.593123
-1.032702 3.717137
-1.008601 3.838998
-0.984142 3.958674
-0.959332 4.076133
-0.934180 4.191344
-0.908694 4.304276
-0.882883 4.414899
-0.856753 4.523185
-0.830313 4.629105
-0.803570 4.732632
-0.776532 4.833739
-0.749205 4.932400
-0.721597 5.028588
-0.693715 5.122279
-0.665564 5.213448
-0.637153 5.302073
-0.608486 5.388128
-0.579571 5.471593
-0.550413 5.552444
-0.521019 5.630660
-0.491394 5.706220
-0.461544 5.779104
-0.431474 5.849291
-0.401191 5.916763
-0.370699 5.981500
-0.340004 6.043483
-0.309110 6.102694
-0.278023 6.159117
-0.246747 6.212733
-0.215288 6.263526
-0.183650 6.311479
-0.151838 6.356577
-0.119855 6.398805
-0.087707 6.438146
-0.055398 6.474587
-0.022932 6.508113
0.014857 6.500324
0.064857 6.400285
0.114857 6.300195
0.164857 6.200055
0.214857 6.099865
0.264857 5.999625
0.314857 5.899335
0.364857 5.798995
0.414857 5.698606
0.464857 5.598166
0.514857 5.497676
0.564857 5.397136
0.614857 5.296546
0.664857 5.195906
0.714857 5.095216
0.764857 4.994477
0.814857 4.893687
0.864857 4.792847
0.914857 4.691957
0.964857 4.591017
1.014857 4.490027
1.064857 4.388987
1.114857 4.287898
1.164857 4.186758
1.214857 4.085568
1.264857 3.984328
1.314857 3.883038
1.364857 3.781698
1.414857 3.680308
1.464857 3.578869
1.514857 3.477379
1.564857 3.375839
1.614857 3.274249
1.664857 3.172609
1.714857 3.070919
1.764857 2.969179
1.814857 2.867390
1.864857 2.765550
1.914857 2.663660
1.964857 2.561720
2.014857 2.459730
2.064857 2.357690
2.114857 2.255600
2.164857 2.153461
2.214857 2.051271
2.264857 1.949031
2.314857 1.846741
2.364857 1.744401
2.414857 1.642011
2.464857 1.539571
2.514857 1.437082
2.564857 1.334542
2.614857 1.231952
2.664857 1.129312
2.714857 1.026622
2.764857 0.923882
2.814857 0.821092
2.864857 0.718253
2.914857 0.615363
2.964857 0.512423
3.014857 0.409433
3.064857 0.306393
3.114857 0.203303
3.164857 0.100163
3.211388 -0.001045
3.141388 -0.032809
3.071388 -0.063873
3.001388 -0.094237
2.931388 -0.123901
2.861388 -0.152865
2.791388 -0.181128
2.721388 -0.208692
2.651388 -0.235556
2.581388 -0.261720
2.511388 -0.287184
2.441388 -0.311948
2.371388 -0.336012
2.301388 -0.359376
2.231388 -0.382040
2.161388 -0.404003
2.091388 -0.425267
2.021388 -0.445831
1.951388 -0.465695
1.881388 -0.484859
1.811388 -0.503323
1.741388 -0.521087
1.671388 -0.538151
1.601388 -0.554514
1.531388 -0.570178
1.461388 -0.585142
1.391388 -0.599406
1.321388 -0.612970
1.251388 -0.625834
1.181388 -0.637998
1.111388 -0.649462
1.041388 -0.660226
0.971388 -0.670289
0.901388 -0.679653
0.831388 -0.688317
0.761388 -0.696281
0.691388 -0.703545
0.621388 -0.710109
0.551388 -0.715973
0.481388 -0.721137
0.411388 -0.725600
0.341388 -0.729364
0.271388 -0.732428
0.201388 -0.734792
0.131388 -0.736456
0.061388 -0.737420
-0.008682 -0.737684
-0.078682 -0.737247
-0.148682 -0.736110
-0.218682 -0.734273
-0.288682 -0.731736
-0.358682 -0.728500
-0.428682 -0.724563
-0.498682 -0.719926
-0.568682 -0.714589
-0.638682 -0.708552
-0.708682 -0.701816
-0.778682 -0.694379
-0.848682 -0.686242
-0.918682 -0.677405
-0.988682 -0.667868
-1.058682 -0.657631
-1.128682 -0.646695
-1.198682 -0.635058
-1.268682 -0.622721
-1.338682 -0.609684
-1.408682 -0.595947
-1.478682 -0.581511
-1.548682 -0.566374
-1.618682 -0.550537
-1.688682 -0.534000
-1.758682 -0.516763
-1.828682 -0.498826
-1.898682 -0.480190
-1.968682 -0.460853
-2.038682 -0.440816
-2.108682 -0.420079
-2.178682 -0.398642
-2.248682 -0.376506
-2.318682 -0.353669
-2.388682 -0.330132
-2.458682 -0.305895
-2.528682 -0.280958
-2.598682 -0.255321
-2.668682 -0.228985
-2.738682 -0.201948
-2.808682 -0.174211
-2.878682 -0.145774
-2.948682 -0.116637
-3.018682 -0.086801
-3.088682 -0.056264
-3.158682 -0.025027
-3.202659 0.068406
-3.151063 0.384323
-3.099523 0.695599
-3.048034 1.002239
-2.996593 1.304247
-2.945195 1.601627
-2.893834 1.894383
-2.842507 2.182518
-2.791209 2.466035
-2.739937 2.744936
-2.688686 3.019224
-2.637453 3.288900
-2.586234 3.553966
-2.535026 3.814423
-2.483825 4.070271
-2.432628 4.321511
-2.381432 4.568144
-2.330234 4.810169
-2.279030 5.047586
-2.227817 5.280394
-2.176593 5.508593
-2.125355 5.732180
-2.074099 5.951156
-2.022823 6.165518
-1.971525 6.375264
-1.920201 6.580391
-1.868848 6.780899
-1.817465 6.976783
-1.766048 7.168041
-1.714594 7.354671
-1.663102 7.536667
-1.611568 7.714028
-1.559989 7.886748
-1.508364 8.054824
-1.456688 8.218252
-1.404961 8.377027
-1.353178 8.531143
-1.301337 8.680597
-1.249436 8.825382
-1.197472 8.965494
-1.145441 9.100925
-1.093341 9.231671
-1.041169 9.357724
-0.988923 9.479079
-0.936598 9.595728
-0.884192 9.707664
-0.831702 9.814880
-0.779125 9.917368
-0.726457 10.015120
-0.673695 10.108128
-0.620836 10.196382
-0.567876 10.279875
-0.514811 10.358597
-0.461638 10.432538
-0.408353 10.501688
-0.354953 10.566038
-0.301432 10.625576
-0.247787 10.680292
-0.194013 10.730174
-0.140107 10.775210
-0.086064 10.815389
-0.031878 10.850697
0.020702 10.827881
0.070702 10.727835
0.120702 10.627740
0.170702 10.527594
0.220702 10.427398
0.270702 10.327153
0.320702 10.226857
0.370702 10.126511
0.420702 10.026116
0.470702 9.925670
0.520702 9.825174
0.570702 9.724628
0.620702 9.624033
0.670702 9.523387
0.720702 9.422691
0.770702 9.321946
0.820702 9.221150
0.870702 9.120304
0.920702 9.019409
0.970702 8.918463
1.020702 8.817467
1.070702 8.716421
1.120702 8.615326
1.170702 8.514180
1.220702 8.412984
1.270702 8.311739
1.320702 8.210443
1.370702 8.109097
1.420702 8.007702
1.470702 7.906256
1.520702 7.804760
1.570702 7.703214
1.620702 7.601619
1.670702 7.499973
1.720702 7.398277
1.770702 7.296532
1.820702 7.194736
1.870702 7.092890
1.920702 6.990994
1.970702 6.889049
2.020702 6.787053
2.070702 6.685007
2.120702 6.582912
2.170702 6.480766
2.220702 6.378570
2.270702 6.276325
2.320702 6.174029
2.370702 6.071683
2.420702 5.969287
2.470702 5.866842
2.520702 5.764346
2.570702 5.661800
2.620702 5.559205
2.670702 5.456559
2.720702 5.353863
2.770702 5.251118
2.820702 5.148322
2.870702 5.045476
2.920702 4.942580
2.970702 4.839635
3.020702 4.736639
3.070702 4.633593
3.120702 4.530498
3.170702 4.427352
3.220702 4.324156
3.270702 4.220911
3.320702 4.117615
3.370702 4.014269
3.420702 3.910873
3.470702 3.807428
3.520702 3.703932
3.570702 3.600386
3.620702 3.496791
3.670702 3.393145
3.720702 3.289449
3.770702 3.185704
3.820702 3.081908
3.870702 2.978062
3.920702 2.874166
3.970702 2.770221
4.020702 2.666225
4.070702 2.562179
4.120702 2.458084
4.170702 2.353938
4.220702 2.249742
4.270702 2.145496
4.320702 2.041201
4.370702 1.936855
4.420702 1.832459
4.470702 1.728014
4.520702 1.623518
4.570702 1.518972
4.620702 1.414377
4.670702 1.309731
4.720702 1.205035
4.770702 1.100289
4.820702 0.995494
4.870702 0.890648
4.920702 0.785752
4.970702 0.680807
5.020702 0.575811
5.070702 0.470765
5.120702 0.365670
5.170702 0.260524
5.220702 0.155328
5.270702 0.050082
5.257836 -0.027769
5.187836 -0.079997
5.117836 -0.131525
5.047836 -0.182354
4.977836 -0.232482
4.907836 -0.281910
4.837836 -0.330639
4.767836 -0.378667
4.697836 -0.425995
4.627836 -0.472624
4.557836 -0.518552
4.487836 -0.563781
4.417836 -0.608309
4.347836 -0.652137
4.277836 -0.695266
4.207836 -0.737694
4.137836 -0.779422
4.067836 -0.820451
3.997836 -0.860779
3.927836 -0.900407
3.857836 -0.939336
3.787836 -0.977564
3.717836 -1.015092
3.647836 -1.051921
3.577836 -1.088049
3.507836 -1.123477
3.437836 -1.158206
3.367836 -1.192234
3.297836 -1.225563
3.227836 -1.258191
3.157836 -1.290119
3.087836 -1.321348
3.017836 -1.351876
2.947836 -1.381704
2.877836 -1.410833
2.807836 -1.439261
2.737836 -1.466989
2.667836 -1.494018
2.597836 -1.520346
2.527836 -1.545974
2.457836 -1.570903
2.387836 -1.595131
2.317836 -1.618660
2.247836 -1.641488
2.177836 -1.663616
2.107836 -1.685045
2.037836 -1.705773
1.967836 -1.725801
1.897836 -1.745130
1.827836 -1.763758
1.757836 -1.781686
1.687836 -1.798915
1.617836 -1.815443
1.547836 -1.831271
1.477836 -1.846400
1.407836 -1.860828
1.337836 -1.874557
1.267836 -1.887585
1.197836 -1.899913
1.127836 -1.911542
1.057836 -1.922470
0.987836 -1.932698
0.917836 -1.942227
