100.500000 90.000000
100.472606 89.900000
100.445023 89.800000
100.417252 89.700000
100.389293 89.600000
100.361147 89.500000
100.332815 89.400000
100.304297 89.300000
100.275593 89.200000
100.246704 89.100000
100.217630 89.000000
100.188373 88.900000
100.158931 88.800000
100.129306 88.700000
100.099499 88.600000
100.069509 88.500000
100.039337 88.400000
100.008985 88.300000
99.978451 88.200000
99.947737 88.100000
99.916843 88.000000
99.885769 87.900000
99.854517 87.800000
99.823086 87.700000
99.791477 87.600000
99.759691 87.500000
99.727727 87.400000
99.695587 87.300000
99.663270 87.200000
99.630778 87.100000
99.598110 87.000000
99.565268 86.900000
99.532251 86.800000
99.499060 86.700000
99.465696 86.600000
99.432159 86.500000
99.398449 86.400000
99.364567 86.300000
99.330513 86.200000
99.296288 86.100000
99.261893 86.000000
99.227327 85.900000
99.192591 85.800000
99.157685 85.700000
99.122611 85.600000
99.087368 85.500000
99.051957 85.400000
99.016378 85.300000
98.980632 85.200000
98.944719 85.100000
98.908639 85.000000
98.872394 84.900000
98.835983 84.800000
98.799407 84.700000
98.762666 84.600000
98.725761 84.500000
98.688692 84.400000
98.651460 84.300000
98.614065 84.200000
98.576507 84.100000
98.538787 84.000000
98.500906 83.900000
98.463072 83.995129
98.425634 84.095129
98.388553 84.195129
98.351828 84.295129
98.315458 84.395129
98.279442 84.495129
98.243779 84.595129
98.208469 84.695129
98.173510 84.795129
98.138901 84.895129
98.104642 84.995129
98.070731 85.095129
98.037168 85.195129
98.003952 85.295129
97.971082 85.395129
97.938557 85.495129
97.906376 85.595129
97.874538 85.695129
97.843043 85.795129
97.811889 85.895129
97.781075 85.995129
97.750602 86.095129
97.720467 86.195129
97.690669 86.295129
97.661209 86.395129
97.632086 86.495129
97.603297 86.595129
97.574843 86.695129
97.546722 86.795129
97.518934 86.895129
97.491478 86.995129
97.464353 87.095129
97.437558 87.195129
97.411092 87.295129
97.384955 87.395129
97.359145 87.495129
97.333661 87.595129
97.308504 87.695129
97.283672 87.795129
97.259163 87.895129
97.234978 87.995129
97.211116 88.095129
97.187575 88.195129
97.164355 88.295129
97.141455 88.395129
97.118874 88.495129
97.096611 88.595129
97.074666 88.695129
97.053037 88.795129
97.031724 88.895129
97.010726 88.995129
96.990043 89.095129
96.969673 89.195129
96.949615 89.295129
96.929869 89.395129
96.910434 89.495129
96.891309 89.595129
96.872494 89.695129
96.853987 89.795129
96.835787 89.895129
96.817895 89.995129
96.800309 90.095129
96.783028 90.195129
96.766051 90.295129
96.749379 90.395129
96.733009 90.495129
96.716941 90.595129
96.701175 90.695129
96.685710 90.795129
96.670544 90.895129
96.655677 90.995129
96.641109 91.095129
96.626838 91.195129
96.612864 91.295129
96.599185 91.395129
96.585802 91.495129
96.572714 91.595129
96.559919 91.695129
96.547417 91.795129
96.535207 91.895129
96.523288 91.995129
96.511660 92.095129
96.500322 92.195129
96.489273 92.295129
96.478512 92.395129
96.468039 92.495129
96.457853 92.595129
96.447952 92.695129
96.438338 92.795129
96.429007 92.895129
96.419961 92.995129
96.411198 93.095129
96.402717 93.195129
96.394518 93.295129
96.386600 93.395129
96.378962 93.495129
96.371604 93.595129
96.364525 93.695129
96.357723 93.795129
96.351199 93.895129
96.344951 93.995129
96.338980 94.095129
96.333283 94.195129
96.327861 94.295129
96.322713 94.395129
96.317837 94.495129
96.313234 94.595129
96.308903 94.695129
96.304842 94.795129
96.301052 94.895129
96.297531 94.995129
96.294279 95.095129
96.291296 95.195129
96.288579 95.295129
96.286129 95.395129
96.283946 95.495129
96.282027 95.595129
96.280374 95.695129
96.278984 95.795129
96.277857 95.895129
96.276993 95.995129
96.276391 96.095129
96.276051 96.195129
96.275970 96.295129
96.276150 96.395129
96.276589 96.495129
96.277286 96.595129
96.278241 96.695129
96.279454 96.795129
96.280923 96.895129
96.282647 96.995129
96.284627 97.095129
96.286862 97.195129
96.289350 97.295129
96.292092 97.395129
96.295086 97.495129
96.298332 97.595129
96.301829 97.695129
96.305577 97.795129
96.309574 97.895129
96.313821 97.995129
96.318317 98.095129
96.323060 98.195129
96.328051 98.295129
96.333289 98.395129
96.338773 98.495129
96.344502 98.595129
96.350476 98.695129
96.356694 98.795129
96.363155 98.895129
96.369860 98.995129
96.376807 99.095129
96.383995 99.195129
96.391424 99.295129
96.399094 99.395129
96.407004 99.495129
96.415152 99.595129
96.423539 99.695129
96.432164 99.795129
96.441026 99.895129
96.450125 99.995129
96.459460 100.095129
96.469031 100.195129
96.478836 100.295129
96.488875 100.395129
96.499148 100.495129
96.509654 100.595129
96.520392 100.695129
96.531362 100.795129
96.542564 100.895129
96.553996 100.995129
96.565657 101.095129
96.577549 101.195129
96.589669 101.295129
96.602017 101.395129
96.614593 101.495129
96.627395 101.595129
96.640425 101.695129
96.653680 101.795129
96.667160 101.895129
96.680865 101.995129
96.694794 102.095129
96.708946 102.195129
96.723322 102.295129
96.737920 102.395129
96.752739 102.495129
96.767780 102.595129
96.783041 102.695129
96.798523 102.795129
96.814223 102.895129
96.830143 102.995129
96.846281 103.095129
96.862637 103.195129
96.879210 103.295129
96.895999 103.395129
96.913005 103.495129
96.930226 103.595129
96.947662 103.695129
96.965313 103.795129
96.983177 103.895129
97.001255 103.995129
97.019545 104.095129
97.038048 104.195129
97.056762 104.295129
97.075687 104.395129
97.094823 104.495129
97.114169 104.595129
97.133724 104.695129
97.153488 104.795129
97.173460 104.895129
97.193640 104.995129
97.214028 105.095129
97.234622 105.195129
97.255422 105.295129
97.276428 105.395129
97.297639 105.495129
97.319055 105.595129
97.340675 105.695129
97.362498 105.795129
97.384524 105.895129
97.406753 105.995129
97.429183 106.095129
97.451815 106.195129
97.474648 106.295129
97.497682 106.395129
97.520915 106.495129
97.544348 106.595129
97.567979 106.695129
97.591809 106.795129
97.615836 106.895129
97.640061 106.995129
97.664482 107.095129
97.689100 107.195129
97.713913 107.295129
97.738922 107.395129
97.764125 107.495129
97.789523 107.595129
97.815114 107.695129
97.840899 107.795129
97.866876 107.895129
97.893046 107.995129
97.919407 108.095129
97.945959 108.195129
97.972702 108.295129
97.999636 108.395129
98.026759 108.495129
98.054071 108.595129
98.081572 108.695129
98.109262 108.795129
98.137139 108.895129
98.165203 108.995129
98.193454 109.095129
98.221891 109.195129
98.250515 109.295129
98.279323 109.395129
98.308317 109.495129
98.337495 109.595129
98.366856 109.695129
98.396401 109.795129
98.426129 109.895129
98.456040 109.995129
98.486133 110.095129
98.516361 110.086990
98.546276 109.986990
98.575853 109.886990
98.605094 109.786990
98.633999 109.686990
98.662570 109.586990
98.690806 109.486990
98.718710 109.386990
98.746282 109.286990
98.773522 109.186990
98.800432 109.086990
98.827012 108.986990
98.853264 108.886990
98.879188 108.786990
98.904785 108.686990
98.930056 108.586990
98.955001 108.486990
98.979622 108.386990
99.003920 108.286990
99.027895 108.186990
99.051548 108.086990
99.074879 107.986990
99.097891 107.886990
99.120583 107.786990
99.142956 107.686990
99.165012 107.586990
99.186751 107.486990
99.208174 107.386990
99.229281 107.286990
99.250074 107.186990
99.270553 107.086990
99.290720 106.986990
99.310574 106.886990
99.330117 106.786990
99.349350 106.686990
99.368273 106.586990
99.386888 106.486990
99.405194 106.386990
99.423193 106.286990
99.440886 106.186990
99.458273 106.086990
99.475356 105.986990
99.492134 105.886990
99.508609 105.786990
99.524782 105.686990
99.540653 105.586990
99.556223 105.486990
99.571493 105.386990
99.586464 105.286990
99.601136 105.186990
99.615511 105.086990
99.629588 104.986990
99.643370 104.886990
99.656855 104.786990
99.670046 104.686990
99.682944 104.586990
99.695548 104.486990
99.707859 104.386990
99.719880 104.286990
99.731609 104.186990
99.743048 104.086990
99.754197 103.986990
99.765059 103.886990
99.775632 103.786990
99.785918 103.686990
99.795918 103.586990
99.805632 103.486990
99.815061 103.386990
99.824206 103.286990
99.833068 103.186990
99.841647 103.086990
99.849944 102.986990
99.857959 102.886990
99.865695 102.786990
99.873150 102.686990
99.880327 102.586990
99.887225 102.486990
99.893846 102.386990
99.900190 102.286990
99.906258 102.186990
99.912050 102.086990
99.917568 101.986990
99.922811 101.886990
99.927782 101.786990
99.932479 101.686990
99.936905 101.586990
99.941060 101.486990
99.944944 101.386990
99.948559 101.286990
99.951904 101.186990
99.954982 101.086990
99.957791 100.986990
99.960334 100.886990
99.962610 100.786990
99.964621 100.686990
99.966366 100.586990
99.967848 100.486990
99.969066 100.386990
99.970022 100.286990
99.970715 100.186990
99.971146 100.086990
99.971317 99.986990
99.971228 99.886990
99.970879 99.786990
99.970272 99.686990
99.969407 99.586990
99.968284 99.486990
99.966904 99.386990
99.965268 99.286990
99.963377 99.186990
99.961231 99.086990
99.958831 98.986990
99.956178 98.886990
99.953272 98.786990
99.950114 98.686990
99.946704 98.586990
99.943043 98.486990
99.939133 98.386990
99.934972 98.286990
99.930563 98.186990
99.925906 98.086990
99.921001 97.986990
99.915849 97.886990
99.910451 97.786990
99.904808 97.686990
99.898919 97.586990
99.892786 97.486990
99.886409 97.386990
99.879789 97.286990
99.872927 97.186990
99.865822 97.086990
99.858477 96.986990
99.850891 96.886990
99.843065 96.786990
99.834999 96.686990
99.826695 96.586990
99.818153 96.486990
99.809374 96.386990
99.800357 96.286990
99.791104 96.186990
99.781616 96.086990
99.771892 95.986990
99.761935 95.886990
99.751743 95.786990
99.741318 95.686990
99.730661 95.586990
99.719771 95.486990
99.708650 95.386990
99.697299 95.286990
99.685717 95.186990
99.673906 95.086990
99.661865 94.986990
99.649596 94.886990
99.637100 94.786990
99.624376 94.686990
99.611426 94.586990
99.598249 94.486990
99.584847 94.386990
99.571220 94.286990
99.557369 94.186990
99.543295 94.086990
99.528997 93.986990
99.514476 93.886990
99.499734 93.786990
99.484770 93.686990
99.469586 93.586990
99.454181 93.486990
99.438557 93.386990
99.422713 93.286990
99.406651 93.186990
99.390371 93.086990
99.373874 92.986990
99.357159 92.886990
99.340229 92.786990
99.323083 92.686990
99.305722 92.586990
99.288146 92.486990
