-1.000000 3.000000
-0.959212 3.236353
-0.916894 3.465225
-0.873116 3.686347
-0.827942 3.899463
-0.781438 4.104326
-0.733663 4.300704
-0.684678 4.488372
-0.634539 4.667119
-0.583301 4.836740
-0.531016 4.997044
-0.477737 5.147846
-0.423511 5.288973
-0.368385 5.420256
-0.312406 5.541540
-0.255617 5.652674
-0.198060 5.753516
-0.139775 5.843932
-0.080803 5.923794
-0.021182 5.992982
0.064782 5.885396
0.164782 5.685166
0.264782 5.484737
0.364782 5.284107
0.464782 5.083278
0.564782 4.882248
0.664782 4.681019
0.764782 4.479589
0.864782 4.277959
0.964782 4.076130
1.064782 3.874100
1.164782 3.671871
1.264782 3.469441
1.364782 3.266812
1.464782 3.063982
1.564782 2.860953
1.664782 2.657723
1.764782 2.454293
1.864782 2.250664
1.964782 2.046834
2.064782 1.842805
2.164782 1.638575
2.264782 1.434146
2.364782 1.229516
2.464782 1.024686
2.564782 0.819657
2.664782 0.614427
2.764782 0.408998
2.864782 0.203368
2.962013 -0.000914
2.822013 -0.058754
2.682013 -0.113795
2.542013 -0.166035
2.402013 -0.215475
2.262013 -0.262116
2.122013 -0.305956
1.982013 -0.346996
1.842013 -0.385236
1.702013 -0.420677
1.562013 -0.453317
1.422013 -0.483157
1.282013 -0.510197
1.142013 -0.534438
1.002013 -0.555878
0.862013 -0.574518
0.722013 -0.590359
0.582013 -0.603399
0.442013 -0.613639
0.302013 -0.621079
0.162013 -0.625720
0.022013 -0.627560
-0.118127 -0.626598
-0.258127 -0.622835
-0.398127 -0.616273
-0.538127 -0.606910
-0.678127 -0.594748
-0.818127 -0.579785
-0.958127 -0.562023
-1.098127 -0.541460
-1.238127 -0.518098
-1.378127 -0.491935
-1.518127 -0.462972
-1.658127 -0.431210
-1.798127 -0.396647
-1.938127 -0.359285
-2.078127 -0.319122
-2.218127 -0.276160
-2.358127 -0.230397
-2.498127 -0.181835
-2.638127 -0.130472
-2.778127 -0.076310
-2.918127 -0.019347
-2.905181 0.394837
-2.816491 0.969798
-2.727146 1.528735
-2.637182 2.071533
-2.546631 2.598085
-2.455522 3.108287
-2.363881 3.602041
-2.271730 4.079254
-2.179087 4.539834
-2.085970 4.983696
-1.992392 5.410756
-1.898366 5.820931
-1.803900 6.214141
-1.709004 6.590309
-1.613682 6.949357
-1.517938 7.291209
-1.421775 7.615790
-1.325194 7.923023
-1.228192 8.212834
-1.130767 8.485147
-1.032914 8.739884
-0.934628 8.976970
-0.835901 9.196324
-0.736724 9.397867
-0.637085 9.581517
-0.536971 9.747189
-0.436369 9.894797
-0.335261 10.024252
-0.233630 10.135460
-0.131453 10.228326
-0.028709 10.302749
0.072262 10.175864
0.172262 9.975619
0.272262 9.775175
0.372262 9.574530
0.472262 9.373685
0.572262 9.172641
0.672262 8.971396
0.772262 8.769952
0.872262 8.568307
0.972262 8.366463
1.072262 8.164418
1.172262 7.962174
1.272262 7.759729
1.372262 7.557085
1.472262 7.354240
1.572262 7.151196
1.672262 6.947951
1.772262 6.744507
1.872262 6.540862
1.972262 6.337018
2.072262 6.132973
2.172262 5.928729
2.272262 5.724284
2.372262 5.519640
2.472262 5.314795
2.572262 5.109750
2.672262 4.904506
2.772262 4.699061
2.872262 4.493417
2.972262 4.287572
3.072262 4.081528
3.172262 3.875283
3.272262 3.668839
3.372262 3.462194
3.472262 3.255350
3.572262 3.048305
3.672262 2.841061
3.772262 2.633616
3.872262 2.425972
3.972262 2.218127
4.072262 2.010083
4.172262 1.801838
4.272262 1.593394
4.372262 1.384749
4.472262 1.175905
4.572262 0.966860
4.672262 0.757615
4.772262 0.548171
4.872262 0.338526
4.972262 0.128682
4.979423 -0.038985
4.839423 -0.137174
4.699423 -0.232562
4.559423 -0.325151
4.419423 -0.414939
4.279423 -0.501928
4.139423 -0.586116
3.999423 -0.667504
3.859423 -0.746093
3.719423 -0.821881
3.579423 -0.894870
3.439423 -0.965058
3.299423 -1.032447
3.159423 -1.097035
3.019423 -1.158824
2.879423 -1.217812
2.739423 -1.274001
2.599423 -1.327389
2.459423 -1.377978
2.319423 -1.425766
2.179423 -1.470754
2.039423 -1.512943
1.899423 -1.552331
1.759423 -1.588920
1.619423 -1.622708
1.479423 -1.653697
1.339423 -1.681885
1.199423 -1.707274
1.059423 -1.729862
0.919423 -1.749651
0.779423 -1.766639
0.639423 -1.780828
0.499423 -1.792216
0.359423 -1.800804
0.219423 -1.806593
0.079423 -1.809581
-0.060717 -1.809769
-0.200717 -1.807154
-0.340717 -1.801740
-0.480717 -1.793526
-0.620717 -1.782511
-0.760717 -1.768697
-0.900717 -1.752083
-1.040717 -1.732668
-1.180717 -1.710454
-1.320717 -1.685440
-1.460717 -1.657625
-1.600717 -1.627011
-1.740717 -1.593597
-1.880717 -1.557382
-2.020717 -1.518368
-2.160717 -1.476553
-2.300717 -1.431939
-2.440717 -1.384525
-2.580717 -1.334310
-2.720717 -1.281296
-2.860717 -1.225482
-3.000717 -1.166867
-3.140717 -1.105453
-3.280717 -1.041239
-3.420717 -0.974224
-3.560717 -0.904410
-3.700717 -0.831796
-3.840717 -0.756381
-3.980717 -0.678167
-4.120717 -0.597153
-4.260717 -0.513338
-4.400717 -0.426724
-4.540717 -0.337310
-4.680717 -0.245095
-4.820717 -0.150081
-4.960717 -0.052267
-4.914936 0.455857
-4.675832 1.378821
-4.449473 2.259921
-4.234157 3.101293
-4.028446 3.904793
-3.831119 4.672036
