96.000000 80.000000
95.958584 80.100000
95.917535 80.200000
95.876852 80.300000
95.836535 80.400000
95.796582 80.500000
95.756993 80.600000
95.717765 80.700000
95.678900 80.800000
95.640395 80.900000
95.602249 81.000000
95.564463 81.100000
95.527034 81.200000
95.489962 81.300000
95.453246 81.400000
95.416885 81.500000
95.380878 81.600000
95.345224 81.700000
95.309922 81.800000
95.274972 81.900000
95.240372 82.000000
95.206122 82.100000
95.172220 82.200000
95.138666 82.300000
95.105459 82.400000
95.072597 82.500000
95.040081 82.600000
95.007909 82.700000
94.976079 82.800000
94.944593 82.900000
94.913447 83.000000
94.882642 83.100000
94.852177 83.200000
94.822051 83.300000
94.792262 83.400000
94.762811 83.500000
94.733695 83.600000
94.704915 83.700000
94.676469 83.800000
94.648357 83.900000
94.620578 84.000000
94.593130 84.100000
94.566013 84.200000
94.539226 84.300000
94.512769 84.400000
94.486640 84.500000
94.460838 84.600000
94.435363 84.700000
94.410214 84.800000
94.385390 84.900000
94.360890 85.000000
94.336713 85.100000
94.312858 85.200000
94.289326 85.300000
94.266114 85.400000
94.243222 85.500000
94.220649 85.600000
94.198394 85.700000
94.176457 85.800000
94.154836 85.900000
94.133531 86.000000
94.112541 86.100000
94.091866 86.200000
94.071503 86.300000
94.051454 86.400000
94.031716 86.500000
94.012289 86.600000
93.993171 86.700000
93.974364 86.800000
93.955865 86.900000
93.937673 87.000000
93.919788 87.100000
93.902210 87.200000
93.884937 87.300000
93.867968 87.400000
93.851303 87.500000
93.834941 87.600000
93.818881 87.700000
93.803122 87.800000
93.787664 87.900000
93.772506 88.000000
93.757647 88.100000
93.743086 88.200000
93.728823 88.300000
93.714856 88.400000
93.701185 88.500000
93.687810 88.600000
93.674728 88.700000
93.661941 88.800000
93.649446 88.900000
93.637244 89.000000
93.625332 89.100000
93.613712 89.200000
93.602381 89.300000
93.591339 89.400000
93.580585 89.500000
93.570120 89.600000
93.559941 89.700000
93.550048 89.800000
93.540440 89.900000
93.531117 90.000000
93.522078 90.100000
93.513322 90.200000
93.504849 90.300000
93.496657 90.400000
93.488746 90.500000
93.481115 90.600000
93.473764 90.700000
93.466691 90.800000
93.459897 90.900000
93.453379 91.000000
93.447139 91.100000
93.441174 91.200000
93.435484 91.300000
93.430069 91.400000
93.424928 91.500000
93.420059 91.600000
93.415463 91.700000
93.411139 91.800000
93.407085 91.900000
93.403302 92.000000
93.399788 92.100000
93.396543 92.200000
93.393565 92.300000
93.390856 92.400000
93.388413 92.500000
93.386236 92.600000
93.384324 92.700000
93.382677 92.800000
93.381294 92.900000
93.380174 93.000000
93.379317 93.100000
93.378721 93.200000
93.378387 93.300000
93.378314 93.400000
93.378500 93.500000
93.378945 93.600000
93.379649 93.700000
93.380611 93.800000
93.381830 93.900000
93.383305 94.000000
93.385036 94.100000
93.387023 94.200000
93.389264 94.300000
93.391758 94.400000
93.394506 94.500000
93.397507 94.600000
93.400759 94.700000
93.404262 94.800000
93.408017 94.900000
93.412021 95.000000
93.416274 95.100000
93.420776 95.200000
93.425526 95.300000
93.430523 95.400000
93.435767 95.500000
93.441257 95.600000
93.446992 95.700000
93.452972 95.800000
93.459196 95.900000
93.465664 96.000000
93.472375 96.100000
93.479327 96.200000
93.486522 96.300000
93.493957 96.400000
93.501633 96.500000
93.509549 96.600000
93.517703 96.700000
93.526096 96.800000
93.534727 96.900000
93.543596 97.000000
93.552700 97.100000
93.562041 97.200000
93.571618 97.300000
93.581429 97.400000
93.591474 97.500000
93.601753 97.600000
93.612265 97.700000
93.623009 97.800000
93.633985 97.900000
93.645192 98.000000
93.656630 98.100000
93.668297 98.200000
93.680194 98.300000
93.692320 98.400000
93.704674 98.500000
93.717256 98.600000
93.730064 98.700000
93.743099 98.800000
93.756360 98.900000
93.769846 99.000000
93.783556 99.100000
93.797491 99.200000
93.811649 99.300000
93.826030 99.400000
93.840634 99.500000
93.855459 99.600000
93.870505 99.700000
93.885772 99.800000
93.901259 99.900000
93.916965 100.000000
93.932890 100.100000
93.949034 100.200000
93.965395 100.300000
93.981974 100.400000
93.998769 100.500000
94.015780 100.600000
94.033007 100.700000
94.050448 100.800000
94.068104 100.900000
94.085974 101.000000
94.104057 101.100000
94.122353 101.200000
94.140860 101.300000
94.159580 101.400000
94.178510 101.500000
94.197651 101.600000
94.217002 101.700000
94.236563 101.800000
94.256332 101.900000
94.276310 102.000000
94.296495 102.100000
94.316888 102.200000
94.337487 102.300000
94.358293 102.400000
94.379304 102.500000
94.400520 102.600000
94.421941 102.700000
94.443566 102.800000
94.465394 102.900000
94.487426 103.000000
94.509659 103.100000
94.532095 103.200000
94.554732 103.300000
94.577570 103.400000
94.600609 103.500000
94.623847 103.600000
94.647285 103.700000
94.670921 103.800000
94.694756 103.900000
94.718788 104.000000
94.743018 104.100000
94.767444 104.200000
94.792067 104.300000
94.816885 104.400000
94.841899 104.500000
94.867107 104.600000
94.892510 104.700000
94.918106 104.800000
94.943896 104.900000
94.969878 105.000000
94.996052 105.100000
95.022418 105.200000
95.048975 105.300000
95.075723 105.400000
95.102661 105.500000
95.129789 105.600000
95.157106 105.700000
95.184612 105.800000
95.212306 105.900000
95.240188 106.000000
95.268257 106.100000
95.296513 106.200000
95.324955 106.300000
95.353583 106.400000
95.382396 106.500000
95.411394 106.600000
95.440577 106.700000
95.469943 106.800000
95.499493 106.900000
95.529226 107.000000
95.559141 107.100000
95.589238 107.200000
95.619517 107.300000
95.649976 107.400000
95.680617 107.500000
95.711437 107.600000
95.742437 107.700000
95.773616 107.800000
95.804974 107.900000
95.836510 108.000000
95.868224 108.100000
95.900115 108.200000
95.932183 108.300000
95.964428 108.400000
95.996848 108.500000
96.029444 108.600000
96.062215 108.700000
96.095160 108.800000
96.128280 108.900000
96.161573 109.000000
96.195039 109.100000
96.228679 109.200000
96.262490 109.300000
96.296474 109.400000
96.330628 109.500000
96.364954 109.600000
96.399450 109.700000
96.434117 109.800000
96.468953 109.900000
96.503958 110.000000
96.539132 110.100000
96.574475 110.200000
96.609985 110.300000
96.645662 110.400000
96.681507 110.500000
96.717518 110.600000
96.753696 110.700000
96.790039 110.800000
96.826548 110.900000
96.863221 111.000000
96.900059 111.100000
96.937060 111.200000
96.974226 111.300000
97.011554 111.400000
97.049046 111.500000
97.086699 111.600000
97.124515 111.700000
97.162492 111.800000
97.200630 111.900000
97.238928 112.000000
97.277387 112.100000
97.316006 112.200000
97.354784 112.300000
97.393721 112.400000
97.432816 112.500000
97.472070 112.600000
97.511481 112.700000
97.551050 112.800000
97.590776 112.900000
97.630658 113.000000
97.670696 113.100000
97.710890 113.200000
97.751239 113.300000
97.791743 113.400000
97.832402 113.500000
97.873215 113.600000
97.914181 113.700000
97.955301 113.800000
97.996574 113.900000
98.037999 114.000000
98.079576 114.100000
98.121305 114.200000
98.163185 114.300000
98.205216 114.400000
98.247398 114.500000
98.289729 114.600000
98.332211 114.700000
98.374842 114.800000
98.417622 114.900000
98.460550 115.000000
98.503668 115.083288
98.546589 114.983288
98.589139 114.883288
98.631319 114.783288
98.673130 114.683288
98.714572 114.583288
98.755647 114.483288
98.796356 114.383288
98.836700 114.283288
98.876679 114.183288
98.916294 114.083288
98.955547 113.983288
98.994439 113.883288
99.032970 113.783288
99.071141 113.683288
99.108953 113.583288
99.146408 113.483288
99.183505 113.383288
99.220247 113.283288
99.256633 113.183288
99.292666 113.083288
99.328345 112.983288
99.363672 112.883288
99.398647 112.783288
99.433272 112.683288
99.467548 112.583288
99.501474 112.483288
99.535053 112.383288
99.568286 112.283288
99.601172 112.183288
99.633713 112.083288
99.665910 111.983288
99.697764 111.883288
99.729275 111.783288
99.760445 111.683288
99.791274 111.583288
99.821763 111.483288
99.851914 111.383288
99.881727 111.283288
99.911203 111.183288
99.940342 111.083288
99.969146 110.983288
99.997616 110.883288
100.025752 110.783288
100.053555 110.683288
100.081027 110.583288
100.108167 110.483288
100.134978 110.383288
100.161459 110.283288
100.187612 110.183288
100.213437 110.083288
100.238935 109.983288
100.264108 109.883288
100.288955 109.783288
100.313478 109.683288
100.337678 109.583288
100.361556 109.483288
100.385112 109.383288
100.408347 109.283288
100.431262 109.183288
100.453858 109.083288
100.476135 108.983288
100.498095 108.883288
100.519738 108.783288
100.541066 108.683288
100.562078 108.583288
100.582776 108.483288
100.603161 108.383288
100.623233 108.283288
100.642994 108.183288
100.662443 108.083288
100.681582 107.983288
100.700412 107.883288
100.718933 107.783288
100.737147 107.683288
100.755054 107.583288
100.772654 107.483288
100.789949 107.383288
100.806940 107.283288
100.823627 107.183288
100.840010 107.083288
100.856092 106.983288
100.871872 106.883288
100.887351 106.783288
100.902531 106.683288
100.917412 106.583288
100.931994 106.483288
100.946279 106.383288
100.960267 106.283288
100.973959 106.183288
100.987355 106.083288
101.000458 105.983288
101.013266 105.883288
101.025782 105.783288
101.038006 105.683288
101.049938 105.583288
101.061579 105.483288
101.072931 105.383288
101.083993 105.283288
101.094768 105.183288
101.105254 105.083288
101.115454 104.983288
101.125367 104.883288
101.134995 104.783288
101.144338 104.683288
101.153398 104.583288
101.162174 104.483288
101.170668 104.383288
101.178880 104.283288
101.186811 104.183288
101.194462 104.083288
101.201833 103.983288
101.208926 103.883288
101.215740 103.783288
101.222277 103.683288
101.228538 103.583288
101.234522 103.483288
101.240231 103.383288
101.245666 103.283288
101.250827 103.183288
101.255715 103.083288
101.260331 102.983288
101.264675 102.883288
101.268748 102.783288
101.272551 102.683288
101.276084 102.583288
101.279348 102.483288
101.282345 102.383288
101.285074 102.283288
101.287536 102.183288
101.289732 102.083288
101.291662 101.983288
101.293328 101.883288
101.294730 101.783288
101.295869 101.683288
101.296745 101.583288
101.297359 101.483288
101.297712 101.383288
101.297805 101.283288
101.297637 101.183288
101.297210 101.083288
101.296525 100.983288
101.295582 100.883288
101.294381 100.783288
101.292924 100.683288
101.291211 100.583288
101.289243 100.483288
101.287020 100.383288
101.284544 100.283288
101.281814 100.183288
