4.000000 4.000000 4.000000
4.007253 4.367312 4.024191
4.028610 4.734098 4.054231
4.063521 5.101581 4.090371
4.111505 5.470918 4.132929
4.172144 5.843205 4.182289
4.245079 6.219475 4.238896
4.330002 6.600708 4.303256
4.426658 6.987824 4.375942
4.534832 7.381690 4.457587
4.654356 7.783119 4.548889
4.785095 8.192866 4.650613
4.926950 8.611631 4.763594
5.079851 9.040053 4.888736
5.243755 9.478706 5.027016
5.418644 9.928098 5.179489
5.604514 10.388662 5.347286
5.801382 10.860751 5.531619
6.009274 11.344630 5.733782
6.228223 11.840463 5.955155
6.458266 12.348307 6.197201
6.699437 12.868100 6.461468
6.951767 13.399641 6.749586
7.215270 13.942583 7.063270
7.489948 14.496413 7.404308
7.775775 15.060432 7.774562
8.072696 15.633741 8.175954
8.380621 16.215217 8.610458
8.699410 16.803492 9.080087
9.028874 17.396935 9.586872
9.368759 17.993625 10.132838
9.718742 18.591335 10.719986
10.078417 19.187505 11.350253
10.447287 19.779231 12.025478
10.824755 20.363243 12.747363
11.210110 20.935895 13.517419
11.602519 21.493160 14.336918
12.001016 22.030625 15.206830
12.404494 22.543506 16.127759
12.811691 23.026659 17.099874
13.221191 23.474610 18.122841
13.631409 23.881602 19.195743
14.040594 24.241645 20.317013
14.446825 24.548591 21.484360
14.848012 24.796225 22.694712
15.241905 24.978362 23.944155
15.626104 25.088979 25.227900
15.998068 25.122339 26.540256
16.355143 25.073148 27.874634
16.694580 24.936705 29.223567
17.013569 24.709066 30.578768
17.309273 24.387197 31.931215
17.578868 23.969131 33.271262
17.819586 23.454096 34.588796
18.028763 22.842627 35.873408
18.203889 22.136651 37.114599
18.342653 21.339525 38.302005
18.442999 20.456040 39.425631
18.503163 19.492378 40.476085
18.521721 18.456023 41.444817
18.497621 17.355621 42.324321
18.430213 16.200807 43.108332
18.319263 15.001993 43.791967
18.164968 13.770128 44.371833
17.967954 12.516448 44.846085
17.729263 11.252211 45.214436
17.450334 9.988451 45.478111
17.132973 8.735736 45.639761
16.779318 7.503959 45.703333
16.391796 6.302161 45.673913
15.973071 5.138390 45.557537
15.526000 4.019601 45.360994
15.053575 2.951599 45.091619
14.558878 1.939019 44.757095
14.045028 0.985343 44.365261
13.515135 0.092946 43.923938
12.972261 -0.736830 43.440775
12.419381 -1.503587 42.923124
11.859353 -2.207764 42.377933
11.294890 -2.850527 41.811669
10.728540 -3.433654 41.230263
10.162673 -3.959421 40.639075
9.599467 -4.430497 40.042885
9.040904 -4.849845 39.445887
8.488769 -5.220628 38.851715
7.944649 -5.546130 38.263461
7.409940 -5.829691 37.683714
6.885851 -6.074644 37.114595
6.373416 -6.284268 36.557803
5.145617 -6.073212 35.858856
3.969748 -5.842374 35.182256
2.940658 -5.653494 34.545288
2.038395 -5.505609 33.942076
1.245252 -5.397284 33.368006
0.545566 -5.326846 32.819482
-0.074488 -5.292544 32.293728
-0.627081 -5.292664 31.788627
-1.122921 -5.325600 31.302591
-1.571418 -5.389903 30.834462
-1.980842 -5.484310 30.383429
-2.358465 -5.607760 29.948971
-2.710684 -5.759404 29.530813
-3.043143 -5.938599 29.128892
-3.360829 -6.144911 28.743337
-3.668166 -6.378102 28.374451
-3.969095 -6.638125 28.022707
-4.267143 -6.925110 27.688744
-4.565486 -7.239348 27.373368
-4.867003 -7.581285 27.077562
-5.174323 -7.951497 26.802492
-5.489864 -8.350678 26.549520
-5.815866 -8.779618 26.320222
-6.154419 -9.239183 26.116404
-6.507488 -9.730287 25.940121
-6.876927 -10.253863 25.793702
-7.264492 -10.810828 25.679769
-7.671846 -11.402046 25.601267
-8.100566 -12.028275 25.561482
-8.552130 -12.690116 25.564068
-9.027914 -13.387944 25.613066
-9.529172 -14.121836 25.712922
-10.057013 -14.891478 25.868497
-10.612370 -15.696066 26.085068
-11.195960 -16.534190 26.368313
-11.808236 -17.403708 26.724286
-12.449330 -18.301599 27.159364
-13.118986 -19.223811 27.680164
-13.816484 -20.165103 28.293429
-14.540552 -21.118879 29.005875
-15.289274 -22.077034 29.823979
-16.059990 -23.029811 30.753724
-16.849194 -23.965700 31.800279
-17.652436 -24.871383 32.967623
-18.464228 -25.731749 34.258106
-19.277970 -26.530010 35.671981
-20.085903 -27.247937 37.206890
-20.879096 -27.866240 38.857368
-21.647488 -28.365103 40.614383
-22.379987 -28.724891 42.464967
-23.064643 -28.927000 44.391995
-23.688900 -28.954847 46.374171
-24.239933 -28.794914 48.386270
-24.705056 -28.437801 50.399677
-25.072197 -27.879167 52.383237
-25.330410 -27.120476 54.304394
-25.470399 -26.169434 56.130558
-25.485011 -25.040041 57.830608
-25.369660 -23.752217 59.376406
-25.122639 -22.330995 60.744171
-24.745299 -20.805347 61.915599
-24.242068 -19.206732 62.878599
-23.620298 -17.567515 63.627600
-22.889970 -15.919386 64.163401
-22.063263 -14.291941 64.492623
-21.154036 -12.711516 64.626826
-20.177253 -11.200357 64.581427
-19.148407 -9.776152 64.374518
-18.082971 -8.451897 64.025702
-16.995906 -7.236065 63.555051
-15.901262 -6.132995 62.982214
-14.811858 -5.143438 62.325746
-13.739071 -4.265177 61.602625
-12.692705 -3.493674 60.827972
-11.680948 -2.822680 60.014931
-10.710390 -2.244794 59.174669
-9.786100 -1.751941 58.316484
-8.911736 -1.335763 57.447961
-8.089679 -0.987930 56.575173
-7.321192 -0.700374 55.702884
-6.606569 -0.465454 54.834760
-5.945289 -0.276063 53.973558
-5.336170 -0.125697 53.121304
-4.777496 -0.008474 52.279439
-4.267145 0.080856 51.448951
-3.802697 0.146933 50.630477
-3.381528 0.193820 49.824395
-3.000890 0.225042 49.030888
-2.657982 0.243629 48.250000
-2.350000 0.252166 47.481676
-2.074189 0.252838 46.725796
-1.827870 0.247477 45.982195
-1.608474 0.237604 45.250680
-1.413556 0.224471 44.531045
-1.240812 0.209097 43.823077
-1.088083 0.192300 43.126560
-0.953363 0.174729 42.441283
-0.834797 0.156891 41.767038
-0.730681 0.139172 41.103624
-0.639454 0.121859 40.450844
-0.559696 0.105160 39.808511
-0.490118 0.089213 39.176441
-0.429558 0.074105 38.554457
-0.376967 0.059881 37.942387
-0.331408 0.046551 37.340065
-0.292041 0.034101 36.747329
-0.258118 0.022497 36.164019
-0.228975 0.011693 35.589983
-0.204024 0.001629 35.025069
-0.182746 -0.007757 34.469129
-0.164684 -0.016535 33.922020
-0.149436 -0.024773 33.383600
-0.136650 -0.032543 32.853729
-0.126020 -0.039913 32.332271
-0.117279 -0.046952 31.819092
-0.110195 -0.053727 31.314060
-0.104568 -0.060301 30.817047
-0.100226 -0.066736 30.327923
-0.097021 -0.073090 29.846565
-0.094827 -0.079422 29.372849
-0.093538 -0.085784 28.906654
-0.093063 -0.092232 28.447861
-0.093329 -0.098816 27.996353
-0.094274 -0.105587 27.552013
-0.095849 -0.112595 27.114730
-0.098014 -0.119890 26.684391
-0.100740 -0.127520 26.260887
-0.104007 -0.135536 25.844110
-0.107800 -0.143989 25.433954
-0.112112 -0.152931 25.030313
-0.116944 -0.162417 24.633087
-0.122301 -0.172501 24.242173
-0.128193 -0.183245 23.857473
-0.134638 -0.194708 23.478890
-0.141657 -0.206958 23.106327
-0.149275 -0.220064 22.739691
-0.157525 -0.234100 22.378889
-0.166441 -0.249145 22.023832
-0.176065 -0.265286 21.674429
-0.186443 -0.282613 21.330595
-0.197625 -0.301227 20.992243
-0.209669 -0.321232 20.659292
-0.222637 -0.342745 20.331658
-0.236597 -0.365890 20.009263
-0.251625 -0.390801 19.692029
-0.267801 -0.417624 19.379880
-0.285216 -0.446517 19.072743
-0.303966 -0.477651 18.770548
-0.324158 -0.511212 18.473225
-0.345907 -0.547401 18.180709
-0.369337 -0.586438 17.892936
-0.394584 -0.628558 17.609848
-0.421798 -0.674021 17.331387
-0.451138 -0.723107 17.057501
-0.482780 -0.776119 16.788142
-0.516912 -0.833389 16.523264
-0.553742 -0.895276 16.262831
-0.593494 -0.962172 16.006810
-0.636411 -1.034501 15.755175
-0.682758 -1.112726 15.507907
-0.732824 -1.197349 15.264998
-0.786920 -1.288917 15.026449
-0.845389 -1.388026 14.792272
-0.908600 -1.495321 14.562495
-0.976955 -1.611508 14.337158
-1.050892 -1.737351 14.116324
-1.130887 -1.873683 13.900073
-1.217458 -2.021410 13.688513
-1.311168 -2.181518 13.481779
-1.412629 -2.355075 13.280042
-1.522507 -2.543247 13.083510
-1.641526 -2.747299 12.892440
-1.770474 -2.968603 12.707144
-1.910204 -3.208651 12.527995
-2.061648 -3.469061 12.355445
-2.225815 -3.751586 12.190033
-2.403802 -4.058127 12.032400
-2.596797 -4.390736 11.883313
-2.806092 -4.751634 11.743678
-3.033083 -5.143215 11.614573
-3.279285 -5.568053 11.497271
-3.546334 -6.028914 11.393278
-3.835994 -6.528757 11.304372
-4.150170 -7.070739 11.232649
-4.490908 -7.658209 11.180576
-4.860402 -8.294702 11.151056
-5.260999 -8.983924 11.147495
-5.695196 -9.729727 11.173890
-6.165641 -10.536066 11.234914
-6.675123 -11.406946 11.336026
-7.226561 -12.346340 11.483584
-7.822976 -13.358086 11.684969
-8.467465 -14.445740 11.948718
-9.163149 -15.612396 12.284668
-9.913110 -16.860442 12.704086
-10.720306 -18.191259 13.219799
-11.587457 -19.604850 13.846293
-12.516900 -21.099368 14.599769
-13.510404 -22.670572 15.498134
-14.568944 -24.311170 16.560878
-15.692419 -26.010079 17.808807
-16.879327 -27.751605 19.263583
-18.126371 -29.514590 20.946990
-19.428031 -31.271582 22.879891
-20.776089 -32.988125 25.080810
-22.159150 -34.622310 27.564097
-23.562177 -36.124763 30.337702
-24.966120 -37.439270 33.400614
-26.347682 -38.504264 36.740140
-27.679333 -39.255361 40.329307
-28.929648 -39.629045 44.124776
-30.064057 -39.567429 48.065773
-31.046076 -39.023817 52.074564
-31.839001 -37.968487 56.058895
-32.408027 -36.393908 59.916612
-32.722612 -34.318436 63.542289
-32.758862 -31.787612 66.835256
-32.501647 -28.872482 69.707988
-31.946142 -25.664863 72.093596
-31.098565 -22.270081 73.951193
-29.975970 -18.798245 75.268281
-28.605129 -15.355399 76.059859
-27.020638 -12.035849 76.364616
-25.262526 -8.916633 76.239051
-23.373667 -6.054586 75.750653
-21.397293 -3.485904 74.971196
-19.374845 -1.227758 73.971006
-17.344293 0.718750 72.814675
-15.338995 2.364980 71.558338
-13.387068 3.731082 70.248397
-11.511189 4.842677 68.921384
-9.728751 5.728105 67.604636
-8.052254 6.416325 66.317436
-6.706624 7.053325 65.148412
-6.148696 7.967333 64.265016
-5.578926 8.774393 63.387790
-5.001910 9.477768 62.523096
-4.421921 10.081460 61.676355
-3.842895 10.590025 60.852026
-3.268428 11.008417 60.053625
-2.701776 11.341844 59.283766
-2.145857 11.595650 58.544216
-1.603267 11.775219 57.835974
-1.076289 11.885897 57.159348
-0.566906 11.932931 56.514043
-0.076825 11.921427 55.899248
0.392516 11.856321 55.313721
0.839921 11.742357 54.755872
1.264426 11.584081 54.223839
1.665276 11.385833 53.715561
2.041915 11.151752 53.228843
2.393966 10.885778 52.761416
2.721216 10.591660 52.310984
3.023605 10.272959 51.875276
3.301212 9.933060 51.452079
3.554241 9.575175 51.039272
3.783011 9.202349 50.634856
3.987945 8.817467 50.236967
4.169559 8.423253 49.843901
4.328454 8.022276 49.454116
4.465301 7.616949 49.066245
4.580842 7.209531 48.679097
4.675870 6.802127 48.291653
4.751231 6.396689 47.903067
4.807808 5.995015 47.512657
4.846518 5.598747 47.119897
4.868304 5.209377 46.724405
4.874126 4.828244 46.325935
4.864959 4.456540 45.924363
4.841779 4.095306 45.519674
4.805566 3.745443 45.111947
4.757292 3.407713 44.701344
4.697918 3.082743 44.288097
4.628390 2.771036 43.872496
4.549635 2.472969 43.454872
4.462554 2.188810 43.035594
4.368022 1.918718 42.615054
4.266886 1.662754 42.193658
4.159957 1.420890 41.771819
4.048014 1.193016 41.349950
3.931798 0.978947 40.928455
3.812014 0.778435 40.507730
3.689327 0.591172 40.088153
3.564364 0.416802 39.670081
3.437711 0.254927 39.253851
3.309917 0.105113 38.839776
3.181490 -0.033102 38.428144
3.052900 -0.160203 38.019216
2.924580 -0.276691 37.613229
2.796924 -0.383079 37.210393
2.670293 -0.479887 36.810894
2.545013 -0.567636 36.414892
2.421374 -0.646847 36.022528
2.299637 -0.718036 35.633917
2.180031 -0.781712 35.249157
2.062759 -0.838374 34.868325
1.947994 -0.888507 34.491482
1.835885 -0.932584 34.118673
1.726555 -0.971061 33.749928
1.620106 -1.004380 33.385265
1.516619 -1.032962 33.024692
1.416157 -1.057212 32.668203
1.318762 -1.077517 32.315787
1.224461 -1.094243 31.967424
1.133267 -1.107739 31.623087
0.934438 -1.059966 31.158303
0.726307 -1.002856 30.660349
0.545656 -0.957121 30.171223
0.388423 -0.921774 29.690591
0.251075 -0.895930 29.218175
0.130541 -0.878806 28.753737
0.024154 -0.869716 28.297074
-0.070404 -0.868068 27.848007
-0.155148 -0.873360 27.406377
-0.231828 -0.885175 26.972042
-0.301972 -0.903175 26.544872
-0.366913 -0.927096 26.124750
-0.427817 -0.956745 25.711567
-0.485714 -0.991997 25.305222
-0.541510 -1.032787 24.905625
-0.596014 -1.079111 24.512689
-0.649953 -1.131022 24.126340
-0.703983 -1.188626 23.746506
-0.758706 -1.252085 23.373127
-0.814679 -1.321610 23.006149
-0.872428 -1.397465 22.645530
-0.932451 -1.479965 22.291236
-0.995230 -1.569477 21.943245
-1.061239 -1.666419 21.601548
-1.130947 -1.771264 21.266148
-1.204829 -1.884540 20.937066
-1.283365 -2.006833 20.614342
-1.367054 -2.138789 20.298035
-1.456410 -2.281119 19.988228
-1.551973 -2.434600 19.685031
-1.654313 -2.600081 19.388587
-1.764032 -2.778485 19.099073
-1.881771 -2.970818 18.816708
-2.008214 -3.178169 18.541759
-2.144093 -3.401719 18.274549
-2.290193 -3.642746 18.015463
-2.447356 -3.902630 17.764961
-2.616487 -4.182862 17.523591
-2.798560 -4.485045 17.291995
-2.994621 -4.810903 17.070934
-3.205796 -5.162289 16.861301
-3.433293 -5.541184 16.664143
-3.678412 -5.949706 16.480686
-3.942544 -6.390108 16.312360
-4.227180 -6.864780 16.160837
-4.533915 -7.376249 16.028061
-4.864447 -7.927166 15.916297
-5.220584 -8.520299 15.828172
-5.604239 -9.158512 15.766734
-6.017431 -9.844740 15.735510
-6.462278 -10.581948 15.738574
-6.940986 -11.373081 15.780620
-7.455838 -12.220996 15.867041
-8.009166 -13.128372 16.004016
-8.603325 -14.097591 16.198595
-9.240652 -15.130599 16.458788
-9.923409 -16.228714 16.793644
-10.653714 -17.392408 17.213321
-11.433456 -18.621031 17.729134
-12.264175 -19.912481 18.353563
-13.146934 -21.262821 19.100216
-14.082145 -22.665839 19.983706
-15.069374 -24.112553 21.019445
-16.107107 -25.590682 22.223287
-17.192490 -27.084099 23.611024
-18.321026 -28.572320 25.197670
-19.486275 -30.030063 26.996533
-20.679522 -31.426981 29.018031
-21.889490 -32.727648 31.268282
-23.102081 -33.891928 33.747491
-24.300221 -34.875832 36.448236
-25.463838 -35.632985 39.353787
-26.570041 -36.116761 42.436675
-27.593530 -36.283078 45.657774
-28.507305 -36.093740 48.966173
-29.283658 -35.520077 52.300124
-29.895458 -34.546484 55.589229
-30.317635 -33.173386 58.757893
-30.528777 -31.419098 61.729864
-30.512670 -29.320139 64.433407
-30.259609 -26.929759 66.806530
-29.767325 -24.314699 68.801528
-29.041383 -21.550535 70.388220
-28.094997 -18.716202 71.555417
-26.948273 -15.888437 72.310478
-25.626974 -13.136857 72.677135
-24.160948 -10.520224 72.692035
-22.582413 -8.084191 72.400581
-20.924263 -5.860552 71.852688
-19.218549 -3.867791 71.098961
-17.495228 -2.112589 70.187610
-15.781249 -0.591906 69.162263
-14.099961 0.704732 68.060676
-12.470829 1.793002 66.914202
-10.909406 2.691804 65.747862
-9.427494 3.421631 64.580823
-8.033448 4.003302 63.427121
-6.732555 4.457056 62.296482
-5.527459 4.801936 61.195159
-4.749701 5.237989 60.278588
-4.346835 5.796573 59.539152
-3.939173 6.289109 58.807805
-3.529449 6.717967 58.087210
-3.120187 7.085837 57.379597
-2.713704 7.395649 56.686770
-2.312106 7.650508 56.010119
-1.917294 7.853630 55.350649
-1.530965 8.008291 54.709002
-1.154623 8.117785 54.085496
-0.789581 8.185384 53.480159
-0.436975 8.214315 52.892769
-0.097772 8.207727 52.322886
0.227222 8.168681 51.769895
0.537350 8.100136 51.233037
0.832094 8.004934 50.711439
1.111068 7.885799 50.204152
1.374002 7.745331 49.710169
1.620739 7.586001 49.228458
1.851220 7.410157 48.757975
2.065480 7.220018 48.297690
2.263635 7.017679 47.846597
2.445879 6.805110 47.403732
2.612471 6.584161 46.968177
2.763730 6.356564 46.539076
2.900030 6.123932 46.115633
3.021789 5.887767 45.697122
3.129467 5.649459 45.282887
3.223558 5.410291 44.872342
3.304584 5.171440 44.464973
3.373092 4.933982 44.060334
3.429647 4.698894 43.658046
3.474827 4.467057 43.257792
3.509223 4.239260 42.859315
3.533429 4.016205 42.462413
3.548044 3.798507 42.066935
3.553665 3.586701 41.672775
3.550884 3.381246 41.279868
3.540288 3.182526 40.888185
3.522453 2.990857 40.497729
3.497946 2.806491 40.108529
3.467319 2.629619 39.720637
3.431107 2.460377 39.334123
3.389831 2.298847 38.949074
3.343992 2.145067 38.565585
3.294074 1.999028 38.183762
3.240539 1.860684 37.803715
3.183830 1.729955 37.425558
3.124366 1.606727 37.049404
3.062548 1.490861 36.675368
2.998753 1.382192 36.303560
2.933338 1.280536 35.934086
2.866637 1.185691 35.567049
2.798963 1.097441 35.202545
2.730609 1.015557 34.840664
2.661846 0.939803 34.481488
2.592926 0.869934 34.125096
2.524081 0.805704 33.771554
2.455524 0.746862 33.420924
2.387450 0.693156 33.073262
2.320037 0.644336 32.728615
2.253445 0.600155 32.387024
2.187819 0.560367 32.048522
2.123290 0.524733 31.713138
2.059971 0.493020 31.380895
1.997965 0.464998 31.051808
1.937361 0.440448 30.725892
1.878236 0.419157 30.403151
1.820655 0.400918 30.083589
1.764674 0.385537 29.767206
1.710338 0.372825 29.453996
1.657684 0.362602 29.143952
1.606739 0.354698 28.837063
1.557526 0.348952 28.533316
1.510057 0.345212 28.232695
1.464340 0.343333 27.935183
1.420376 0.343181 27.640760
1.378162 0.344629 27.349406
1.337690 0.347559 27.061098
1.298947 0.351861 26.775814
1.261917 0.357432 26.493529
1.226581 0.364179 26.214219
1.192917 0.372014 25.937857
1.160900 0.380857 25.664419
1.130505 0.390635 25.393878
1.101701 0.401281 25.126207
1.074461 0.412734 24.861380
1.048753 0.424940 24.599370
1.024545 0.437851 24.340150
1.001806 0.451421 24.083693
0.980504 0.465614 23.829973
0.960604 0.480396 23.578964
0.942076 0.495737 23.330639
0.924887 0.511614 23.084971
0.909004 0.528005 22.841936
0.894396 0.544894 22.601508
0.881033 0.562269 22.363661
0.868885 0.580120 22.128371
0.857923 0.598441 21.895613
0.848118 0.617229 21.665364
0.839443 0.636484 21.437599
0.831872 0.656208 21.212295
0.825382 0.676408 20.989430
0.819947 0.697091 20.768980
0.815546 0.718268 20.550923
0.812158 0.739950 20.335239
0.809763 0.762153 20.121906
0.808343 0.784894 19.910902
0.807882 0.808191 19.702209
0.808363 0.832065 19.495805
0.809773 0.856538 19.291673
0.812100 0.881635 19.089792
0.815333 0.907382 18.890146
0.819461 0.933806 18.692715
0.824478 0.960937 18.497484
0.830376 0.988806 18.304435
0.837151 1.017446 18.113553
0.844799 1.046890 17.924822
0.853318 1.077175 17.738227
0.862708 1.108338 17.553755
0.872969 1.140418 17.371392
0.884105 1.173456 17.191126
0.896119 1.207494 17.012944
0.909017 1.242576 16.836836
0.922806 1.278749 16.662791
0.937495 1.316059 16.490800
0.953095 1.354556 16.320855
0.969616 1.394290 16.152948
0.987073 1.435316 15.987072
1.005481 1.477688 15.823223
1.024856 1.521462 15.661395
1.045216 1.566698 15.501586
1.066581 1.613458 15.343794
1.088973 1.661803 15.188019
1.112416 1.711801 15.034261
1.136933 1.763518 14.882523
1.162552 1.817026 14.732809
1.189301 1.872397 14.585125
1.217210 1.929707 14.439477
1.246311 1.989034 14.295877
1.276639 2.050459 14.154334
1.308229 2.114066 14.014864
1.341119 2.179942 13.877482
1.375349 2.248177 13.742206
1.410960 2.318864 13.609059
1.447996 2.392099 13.478063
1.486504 2.467982 13.349246
1.526531 2.546617 13.222639
1.568128 2.628110 13.098275
1.611347 2.712572 12.976192
1.656244 2.800117 12.856431
1.702877 2.890863 12.739039
1.751304 2.984932 12.624065
1.801588 3.082450 12.511565
1.853795 3.183547 12.401599
1.907991 3.288357 12.294234
1.964248 3.397018 12.189540
2.022638 3.509674 12.087598
2.083236 3.626471 11.988492
2.146123 3.747559 11.892314
2.211379 3.873095 11.799166
2.279089 4.003238 11.709155
2.349341 4.138151 11.622401
2.422225 4.278002 11.539030
2.497835 4.422962 11.459181
2.576268 4.573207 11.383002
2.657624 4.728915 11.310654
2.742006 4.890269 11.242309
2.829521 5.057453 11.178155
2.920277 5.230654 11.118393
3.014389 5.410063 11.063237
3.111970 5.595869 11.012921
3.213141 5.788266 10.967695
3.318021 5.987445 10.927824
3.426736 6.193597 10.893598
3.539413 6.406912 10.865324
3.656180 6.627577 10.843332
3.777169 6.855774 10.827975
3.902513 7.091682 10.819629
4.032347 7.335469 10.818698
4.166808 7.587298 10.825611
4.306032 7.847318 10.840827
4.450157 8.115666 10.864834
4.599319 8.392463 10.898150
4.753653 8.677812 10.941326
4.913296 8.971792 10.994946
5.078376 9.274458 11.059628
5.249024 9.585836 11.136024
5.425362 9.905918 11.224825
5.607506 10.234657 11.326755
5.795569 10.571966 11.442575
5.989650 10.917705 11.573083
6.189842 11.271682 11.719112
6.396222 11.633645 11.881529
6.608854 12.003273 12.061235
6.827788 12.380170 12.259161
7.053051 12.763859 12.476263
7.284651 13.153771 12.713524
7.522571 13.549242 12.971942
7.766765 13.949498 13.252529
8.017159 14.353651 13.556300
8.273642 14.760690 13.884267
8.536067 15.169470 14.237428
8.804243 15.578708 14.616754
9.077937 15.986973 15.023177
9.356863 16.392680 15.457571
9.640680 16.794085 15.920741
9.928992 17.189282 16.413400
10.221339 17.576199 16.936146
10.517194 17.952599 17.489444
10.815961 18.316085 18.073598
11.116968 18.664103 18.688728
11.419469 18.993955 19.334742
11.722638 19.302809 20.011308
12.025567 19.587723 20.717826
12.327267 19.845662 21.453406
12.626668 20.073531 22.216837
12.922620 20.268208 23.006565
13.213894 20.426581 23.820677
13.499189 20.545592 24.656880
13.777139 20.622290 25.512496
14.046317 20.653879 26.384454
14.305245 20.637779 27.269299
14.552410 20.571682 28.163200
14.786271 20.453608 29.061975
15.005280 20.281973 29.961122
15.207895 20.055634 30.855864
15.392600 19.773947 31.741197
15.557922 19.436808 32.611956
15.702455 19.044690 33.462886
15.824877 18.598665 34.288718
15.923972 18.100419 35.084254
15.998652 17.552252 35.844454
16.047971 16.957057 36.564522
16.071147 16.318293 37.239997
16.067572 15.639940 37.866824
16.036830 14.926437 38.441436
15.978701 14.182616 38.960811
15.893172 13.413616 39.422526
15.780435 12.624800 39.824788
15.640888 11.821657 40.166460
15.475129 11.009710 40.447062
15.283949 10.194422 40.666765
15.068319 9.381107 40.826357
14.829377 8.574848 40.927213
14.568409 7.780424 40.971238
14.286830 7.002247 40.960812
13.986167 6.244313 40.898715
13.668032 5.510166 40.788065
13.334106 4.802871 40.632236
12.986114 4.125003 40.434791
12.625802 3.478649 40.199408
12.254924 2.865413 39.929814
11.875216 2.286441 39.629726
11.488383 1.742445 39.302797
11.096084 1.233734 38.952567
10.699917 0.760255 38.582428
10.301407 0.321627 38.195591
9.902002 -0.082814 37.795061
9.503060 -0.453975 37.383627
9.105845 -0.792968 36.963844
8.711528 -1.101068 36.538034
8.321178 -1.379681 36.108287
7.935767 -1.630308 35.676462
7.556167 -1.854518 35.244198
7.183155 -2.053919 34.812924
6.817413 -2.230135 34.383873
6.459533 -2.384788 33.958092
6.110022 -2.519477 33.536463
5.769302 -2.635770 33.119714
5.437719 -2.735187 32.708432
5.115549 -2.819193 32.303085
4.802998 -2.889192 31.904028
4.500212 -2.946522 31.511523
4.207280 -2.992451 31.125749
3.924238 -3.028176 30.746812
3.651076 -3.054822 30.374757
3.387742 -3.073440 30.009580
3.134146 -3.085013 29.651234
2.559939 -2.917164 29.175740
1.989349 -2.742768 28.687183
1.495748 -2.603854 28.213423
1.067406 -2.497025 27.752685
0.694175 -2.419259 27.303628
0.367283 -2.367910 26.865242
0.079146 -2.340682 26.436764
-0.176787 -2.335615 26.017619
-0.406186 -2.351059 25.607381
-0.613960 -2.385654 25.205734
-0.804367 -2.438305 24.812453
-0.981114 -2.508165 24.427386
-1.147434 -2.594612 24.050442
-1.306168 -2.697235 23.681586
-1.459818 -2.815819 23.320828
-1.610613 -2.950330 22.968232
-1.760547 -3.100906 22.623904
-1.911428 -3.267844 22.288002
-2.064914 -3.451597 21.960737
-2.222540 -3.652765 21.642376
-2.385753 -3.872090 21.333250
-2.555930 -4.110454 21.033762
-2.734405 -4.368876 20.744393
-2.922485 -4.648508 20.465719
-3.121467 -4.950637 20.198416
-3.332656 -5.276682 19.943283
-3.557375 -5.628195 19.701250
-3.796978 -6.006857 19.473406
-4.052861 -6.414477 19.261018
-4.326471 -6.852990 19.065556
-4.619313 -7.324448 18.888725
-4.932956 -7.831015 18.732494
-5.269036 -8.374950 18.599138
-5.629261 -8.958596 18.491281
-6.015411 -9.584349 18.411935
-6.429329 -10.254630 18.364562
-6.872923 -10.971843 18.353122
-7.348146 -11.738316 18.382139
-7.856987 -12.556235 18.456759
-8.401442 -13.427550 18.582824
-8.983485 -14.353864 18.766926
-9.605028 -15.336297 19.016475
-10.267861 -16.375313 19.339751
-10.973594 -17.470518 19.745932
-11.723564 -18.620418 20.245112
-12.518738 -19.822132 20.848272
-13.359584 -21.071073 21.567206
-14.245929 -22.360582 22.414372
-15.176781 -23.681540 23.402664
-16.150137 -25.021953 24.545062
-17.162761 -26.366561 25.854160
-18.209952 -27.696474 27.341523
-19.285295 -28.988915 29.016892
-20.380427 -30.217106 30.887194
-21.484823 -31.350385 32.955417
-22.585631 -32.354635 35.219348
-23.667593 -33.193101 37.670290
-24.713090 -33.827663 40.291850
-25.702331 -34.220593 43.058970
-26.613746 -34.336774 45.937381
-27.424584 -34.146263 48.883686
-28.111735 -33.627019 51.846234
-28.652747 -32.767509 54.766904
-29.026992 -31.568837 57.583777
-29.216890 -30.046068 60.234565
-29.209090 -28.228424 62.660476
-28.995470 -26.158207 64.810106
-28.573858 -23.888464 66.642874
-27.948363 -21.479607 68.131538
-27.129279 -18.995397 69.263504
-26.132554 -16.498786 70.040754
-24.978902 -14.048112 70.478520
-23.692630 -11.694050 70.602940
-22.300330 -9.477587 70.448099
-20.829549 -7.429072 70.052874
-19.307553 -5.568256 69.457950
-17.760278 -3.905131 68.703274
-16.211501 -2.441290 67.826124
-14.682271 -1.171567 66.859805
-13.190568 -0.085737 65.832950
-11.751188 0.829896 64.769307
-10.375779 1.591114 63.687905
-9.073028 2.214649 62.603461
-7.848913 2.717316 61.526930
-6.707024 3.115380 60.466109
-5.648898 3.424130 59.426230
-4.674352 3.657622 58.410519
-3.806613 3.842232 57.434014
-3.498470 4.251284 56.765809
-3.187293 4.613840 56.104554
-2.874991 4.931593 55.451717
-2.563330 5.206432 54.808531
-2.253925 5.440395 54.175999
-1.948251 5.635629 53.554903
-1.647634 5.794358 52.945814
-1.353264 5.918846 52.349111
-1.066194 6.011374 51.764995
-0.787345 6.074214 51.193507
-0.517515 6.109613 50.634553
-0.257382 6.119773 50.087919
-0.007514 6.106840 49.553291
0.231629 6.072895 49.030272
0.459682 6.019943 48.518402
0.676374 5.949907 48.017175
0.881516 5.864629 47.526046
1.074998 5.765859 47.044454
1.256783 5.655259 46.571826
1.426895 5.534400 46.107592
1.585421 5.404761 45.651189
1.732497 5.267733 45.202072
1.868309 5.124618 44.759718
1.993084 4.976628 44.323632
2.107086 4.824892 43.893348
2.210612 4.670454 43.468434
2.303986 4.514279 43.048492
2.387555 4.357250 42.633158
2.461687 4.200178 42.222106
2.526764 4.043799 41.815044
2.583183 3.888780 41.411713
2.631348 3.735719 41.011888
2.671671 3.585152 40.615373
2.704565 3.437553 40.222003
2.730448 3.293339 39.831638
2.749734 3.152873 39.444165
2.762836 3.016464 39.059492
2.770159 2.884376 38.677547
2.772105 2.756826 38.298277
2.769066 2.633990 37.921645
2.761425 2.516004 37.547626
2.749555 2.402970 37.176209
2.733817 2.294954 36.807391
2.714560 2.191996 36.441180
2.692122 2.094105 36.077587
2.666825 2.001267 35.716632
2.638978 1.913448 35.358337
2.608878 1.830590 35.002726
2.576807 1.752622 34.649827
2.543030 1.679455 34.299668
2.507803 1.610989 33.952278
2.471363 1.547111 33.607683
2.433935 1.487701 33.265910
2.395732 1.432631 32.926986
2.356951 1.381765 32.590933
2.317777 1.334965 32.257773
2.278381 1.292089 31.927526
2.238924 1.252993 31.600209
2.199554 1.217532 31.275836
2.160406 1.185561 30.954419
2.121606 1.156938 30.635968
2.083269 1.131519 30.320490
2.045500 1.109166 30.007990
2.008393 1.089742 29.698471
1.972035 1.073115 29.391932
1.936504 1.059156 29.088372
1.901869 1.047740 28.787787
1.868193 1.038748 28.490171
1.835531 1.032067 28.195518
1.803931 1.027585 27.903819
1.773436 1.025200 27.615063
1.744084 1.024813 27.329239
1.715904 1.026331 27.046334
1.688926 1.029665 26.766334
1.663170 1.034735 26.489226
1.638657 1.041464 26.214993
1.615399 1.049781 25.943620
1.593411 1.059620 25.675090
1.572699 1.070921 25.409386
1.553270 1.083629 25.146491
1.535128 1.097695 24.886387
1.518276 1.113072 24.629056
1.502712 1.129722 24.374481
1.488436 1.147608 24.122643
1.475445 1.166701 23.873524
1.463735 1.186974 23.627106
1.453302 1.208405 23.383372
1.444141 1.230976 23.142304
1.436247 1.254674 22.903886
1.429614 1.279490 22.668099
1.424235 1.305418 22.434927
1.420106 1.332455 22.204355
1.417221 1.360603 21.976367
1.415575 1.389867 21.750948
1.415163 1.420255 21.528082
1.415981 1.451780 21.307756
1.418026 1.484455 21.089958
1.421295 1.518299 20.874673
1.425786 1.553334 20.661891
1.431499 1.589582 20.451600
1.438433 1.627071 20.243791
1.446590 1.665830 20.038453
1.455973 1.705892 19.835580
1.466585 1.747292 19.635162
1.478432 1.790069 19.437195
1.491519 1.834262 19.241672
1.505854 1.879915 19.048591
1.521447 1.927075 18.857949
1.538308 1.975788 18.669744
1.556450 2.026108 18.483976
1.575885 2.078088 18.300648
1.596631 2.131783 18.119762
1.618704 2.187254 17.941324
1.642122 2.244562 17.765341
1.666906 2.303772 17.591820
1.693079 2.364951 17.420774
1.720664 2.428168 17.252214
1.749688 2.493497 17.086157
1.780178 2.561012 16.922619
1.812165 2.630793 16.761620
1.845680 2.702920 16.603185
1.880756 2.777477 16.447338
1.917429 2.854551 16.294109
1.955738 2.934233 16.143529
1.995723 3.016614 15.995635
2.037424 3.101791 15.850465
2.080887 3.189863 15.708064
2.126158 3.280932 15.568478
2.173286 3.375103 15.431761
2.222321 3.472483 15.297968
2.273317 3.573184 15.167161
2.326329 3.677321 15.039409
2.381416 3.785010 14.914783
2.438637 3.896372 14.793364
2.498056 4.011530 14.675236
2.559737 4.130610 14.560492
2.623749 4.253742 14.449233
2.690160 4.381055 14.341565
2.759045 4.512685 14.237605
2.830477 4.648768 14.137478
2.904534 4.789442 14.041318
2.981297 4.934847 13.949269
3.060846 5.085126 13.861485
3.143268 5.240421 13.778132
3.228648 5.400876 13.699389
3.317076 5.566635 13.625445
3.408643 5.737842 13.556503
3.503443 5.914641 13.492780
3.601571 6.097174 13.434509
3.703124 6.285579 13.381938
3.808201 6.479994 13.335329
3.916901 6.680551 13.294964
4.029327 6.887377 13.261142
4.145579 7.100592 13.234181
4.265762 7.320311 13.214417
4.389978 7.546637 13.202210
4.518329 7.779663 13.197937
4.650918 8.019469 13.202000
4.787846 8.266121 13.214822
4.929213 8.519666 13.236852
5.075115 8.780135 13.268559
5.225645 9.047533 13.310440
5.380895 9.321844 13.363014
5.540949 9.603019 13.426827
5.705886 9.890981 13.502448
5.875779 10.185618 13.590471
6.050693 10.486776 13.691515
6.230683 10.794261 13.806221
6.415792 11.107828 13.935252
6.606054 11.427182 14.079291
6.801486 11.751971 14.239039
7.002091 12.081777 14.415213
7.207853 12.416119 14.608541
7.418737 12.754439 14.819759
7.634686 13.096104 15.049607
7.855619 13.440394 15.298822
8.081427 13.786501 15.568134
8.311974 14.133523 15.858253
8.547089 14.480457 16.169868
8.786569 14.826198 16.503633
9.030172 15.169534 16.860156
9.277617 15.509140 17.239991
9.528578 15.843581 17.643621
9.782686 16.171309 18.071447
10.039520 16.490662 18.523771
10.298612 16.799870 19.000782
10.559438 17.097056 19.502540
10.821419 17.380247 20.028954
11.083923 17.647376 20.579773
11.346255 17.896304 21.154559
11.607667 18.124823 21.752677
11.867349 18.330684 22.373276
12.124436 18.511612 23.015273
12.378007 18.665331 23.677342
12.627089 18.789594 24.357903
12.870659 18.882210 25.055111
13.107650 18.941076 25.766858
13.336959 18.964217 26.490766
13.557448 18.949817 27.224199
13.767959 18.896259 27.964269
13.967320 18.802165 28.707854
14.154356 18.666428 29.451618
14.327900 18.488249 30.192042
14.486807 18.267170 30.925459
14.629965 18.003100 31.648089
14.756312 17.696340 32.356091
14.864845 17.347595 33.045604
14.954637 16.957985 33.712810
15.024850 16.529048 34.353980
15.074745 16.062727 34.965534
15.103700 15.561359 35.544094
15.111213 15.027645 36.086540
15.096914 14.464622 36.590052
15.060576 13.875615 37.052159
15.002114 13.264197 37.470775
14.921589 12.634129 37.844223
14.819212 11.989307 38.171261
14.695339 11.333704 38.451087
14.550470 10.671305 38.683347
14.385239 10.006053 38.868121
14.200410 9.341791 39.005911
13.996862 8.682211 39.097615
13.775583 8.030806 39.144497
13.537655 7.390831 39.148146
13.284236 6.765268 39.110442
13.016555 6.156802 39.033504
12.735889 5.567804 38.919650
12.443551 5.000314 38.771349
12.140878 4.456046 38.591173
11.829213 3.936384 38.381758
11.509896 3.442394 38.145762
11.184249 2.974836 37.885830
10.853569 2.534182 37.604556
10.519111 2.120639 37.304464
10.182086 1.734169 36.987975
9.843654 1.374516 36.657394
9.504911 1.041231 36.314893
9.166893 0.733697 35.962502
8.830566 0.451156 35.602100
8.496827 0.192731 35.235412
8.166501 -0.042548 34.864010
7.840342 -0.255726 34.489315
7.519031 -0.447903 34.112599
7.203180 -0.620212 33.734991
6.893329 -0.773810 33.357489
6.589956 -0.909856 32.980961
6.293471 -1.029509 32.606160
6.004225 -1.133907 32.233727
5.722509 -1.224167 31.864207
5.448561 -1.301373 31.498052
5.182568 -1.366573 31.135635
4.924668 -1.420773 30.777255
4.674957 -1.464936 30.423147
4.433489 -1.499976 30.073490
4.200280 -1.526759 29.728414
3.975315 -1.546105 29.388004
3.758546 -1.558781 29.052311
3.549900 -1.565508 28.721353
3.349277 -1.566959 28.395123
3.156557 -1.563761 28.073592
2.971602 -1.556494 27.756713
2.794255 -1.545697 27.444424
2.624347 -1.531868 27.136653
2.461696 -1.515463 26.833319
2.306109 -1.496902 26.534334
2.157387 -1.476570 26.239606
2.015322 -1.454818 25.949040
1.879704 -1.431966 25.662539
1.750317 -1.408305 25.380006
1.626942 -1.384097 25.101347
1.509360 -1.359580 24.826465
1.397353 -1.334968 24.555268
1.245184 -1.286650 24.255582
0.982867 -1.180204 23.865147
0.758451 -1.094997 23.482427
0.565813 -1.028435 23.106919
0.399735 -0.978298 22.738237
0.255767 -0.942701 22.376078
0.130113 -0.920052 22.020202
0.019534 -0.909019 21.670415
-0.078735 -0.908502 21.326558
-0.167063 -0.917604 20.988497
-0.247483 -0.935608 20.656118
-0.321744 -0.961958 20.329323
-0.391360 -0.996240 20.008029
-0.457647 -1.038172 19.692163
-0.521758 -1.087583 19.381662
-0.584712 -1.144414 19.076474
-0.647418 -1.208699 18.776555
-0.710700 -1.280566 18.481875
-0.775310 -1.360227 18.192411
-0.841948 -1.447978 17.908154
-0.911276 -1.544193 17.629107
-0.983930 -1.649325 17.355289
-1.060530 -1.763905 17.086735
-1.141691 -1.888543 16.823500
-1.228032 -2.023927 16.565662
-1.320184 -2.170832 16.313321
-1.418798 -2.330113 16.066612
-1.524550 -2.502720 15.825699
-1.638151 -2.689693 15.590790
-1.760353 -2.892176 15.362135
-1.891954 -3.111414 15.140043
-2.033806 -3.348766 14.924882
-2.186820 -3.605711 14.717094
-2.351975 -3.883853 14.517207
-2.530324 -4.184927 14.325848
-2.722998 -4.510814 14.143763
-2.931216 -4.863539 13.971830
-3.156292 -5.245285 13.811088
-3.399640 -5.658397 13.662762
-3.662780 -6.105384 13.528291
-3.947348 -6.588927 13.409368
-4.255099 -7.111875 13.307977
-4.587913 -7.677244 13.226444
-4.947800 -8.288204 13.167490
-5.336899 -8.948069 13.134294
-5.757481 -9.660266 13.130563
-6.211943 -10.428300 13.160615
-6.702803 -11.255706 13.229460
-7.232683 -12.145969 13.342909
-7.804293 -13.102439 13.507668
-8.420394 -14.128195 13.731459
-9.083762 -15.225892 14.023130
-9.797127 -16.397550 14.392765
-10.563098 -17.644297 14.851793
-11.384064 -18.966046 15.413060
-12.262071 -20.361112 16.090875
-13.198661 -21.825742 16.900994
-14.194681 -23.353578 17.860514
-15.250044 -24.935037 18.987658
-16.363455 -26.556639 20.301384
-17.532084 -28.200296 21.820799
-18.751204 -29.842624 23.564315
-20.013800 -31.454339 25.548505
-21.310157 -32.999852 27.786632
-22.627474 -34.437185 30.286860
-23.949528 -35.718380 33.050176
-25.256457 -36.790555 36.068158
-26.524715 -37.597785 39.320769
-27.727281 -38.083879 42.774487
-28.834192 -38.196067 46.381127
-29.813453 -37.889417 50.077770
-30.632332 -37.131604 53.788171
-31.259033 -35.907485 57.425884
-31.664621 -34.222752 60.899093
-31.825056 -32.105943 64.116809
-31.723101 -29.608235 66.995770
-31.349881 -26.800756 69.467112
-30.705858 -23.769603 71.481812
-29.801080 -20.609193 73.014061
-28.654650 -17.414896 74.062095
-27.293483 -14.276025 74.646453
-25.750514 -11.270095 74.806134
-24.062579 -8.458980 74.593413
-22.268235 -5.887160 74.068183
-20.405730 -3.581882 73.292639
-18.511284 -1.554811 72.326851
-16.617789 0.195375 71.225545
-14.753946 1.679992 70.036119
-12.943812 2.917362 68.797773
-11.206698 3.930147 67.541506
-9.557336 4.743150 66.290711
-8.006231 5.381617 65.062128
-6.560133 5.870046 63.866951
-5.727407 6.513929 62.909336
-5.232739 7.242880 62.091828
-4.730627 7.884057 61.283073
-4.224744 8.440513 60.487415
-3.718493 8.915792 59.708500
-3.214995 9.313804 58.949275
-2.717090 9.638718 58.212013
-2.227339 9.894866 57.498348
-1.748032 10.086658 56.809323
-1.281196 10.218521 56.145448
-0.828605 10.294840 55.506757
-0.391793 10.319918 54.892873
0.027932 10.297948 54.303068
0.429477 10.232984 53.736327
0.811946 10.128934 53.191403
1.174629 9.989542 52.666872
1.516987 9.818388 52.161182
1.838639 9.618887 51.672701
2.139352 9.394288 51.199755
2.419022 9.147675 50.740663
2.677670 8.881974 50.293770
2.915427 8.599954 49.857469
3.132525 8.304231 49.430226
3.329285 7.997272 49.010597
3.506111 7.681400 48.597239
3.663478 7.358794 48.188920
