3.000000 -2.000000 2.000000
2.810124 -1.690423 1.957469
2.639440 -1.400360 1.919960
2.486469 -1.127918 1.886709
2.349860 -0.871331 1.857082
2.228382 -0.628962 1.830552
2.120916 -0.399285 1.806686
2.026443 -0.180881 1.785128
1.944037 0.027570 1.765584
1.872860 0.227299 1.747820
1.812152 0.419454 1.731647
1.761227 0.605107 1.716916
1.719466 0.785261 1.703512
1.686315 0.960856 1.691352
1.661273 1.132777 1.680377
1.643895 1.301856 1.670551
1.633785 1.468880 1.661858
1.630593 1.634594 1.654300
1.634009 1.799706 1.647898
1.643765 1.964893 1.642685
1.659628 2.130800 1.638711
1.681398 2.298049 1.636040
1.708909 2.467238 1.634749
1.742023 2.638948 1.634928
1.780631 2.813741 1.636684
1.824648 2.992166 1.640137
1.874017 3.174761 1.645420
1.928700 3.362054 1.652684
1.988684 3.554565 1.662096
2.053976 3.752810 1.673842
2.124603 3.957299 1.688124
2.200610 4.168539 1.705168
2.282061 4.387036 1.725220
2.369038 4.613296 1.748550
2.461637 4.847824 1.775453
2.559973 5.091125 1.806255
2.664175 5.343706 1.841308
2.774386 5.606075 1.881001
2.890765 5.878740 1.925755
3.013484 6.162211 1.976031
3.142727 6.456994 2.032332
3.278693 6.763597 2.095205
3.421591 7.082523 2.165247
3.571643 7.414270 2.243107
3.729080 7.759326 2.329488
3.894145 8.118172 2.425158
4.067087 8.491270 2.530946
4.248167 8.879065 2.647755
4.437649 9.281977 2.776557
4.635804 9.700395 2.918408
4.842908 10.134671 3.074444
5.059238 10.585108 3.245894
5.285070 11.051958 3.434075
5.520680 11.535403 3.640405
5.766337 12.035548 3.866402
6.022302 12.552405 4.113689
6.288826 13.085882 4.383993
6.566141 13.635759 4.679152
6.854462 14.201673 5.001112
7.153976 14.783101 5.351922
7.464838 15.379328 5.733735
7.787167 15.989433 6.148800
8.121035 16.612255 6.599451
8.466462 17.246370 7.088094
8.823402 17.890058 7.617192
9.191743 18.541277 8.189238
9.571284 19.197630 8.806732
9.961736 19.856336 9.472143
10.362701 20.514200 10.187872
10.773663 21.167590 10.956197
11.193976 21.812409 11.779226
11.622849 22.444085 12.658823
12.059331 23.057553 13.596543
12.502303 23.647261 14.593546
12.950462 24.207179 15.650513
13.402308 24.730823 16.767551
13.856141 25.211297 17.944096
14.310047 25.641354 19.178811
14.761900 26.013478 20.469491
15.209357 26.319986 21.812971
15.649865 26.553158 23.205045
16.080670 26.705383 24.640395
16.498834 26.769337 26.112556
16.901252 26.738170 27.613890
17.284689 26.605717 29.135611
17.645811 26.366711 30.667834
17.981227 26.016998 32.199679
18.287546 25.553748 33.719412
18.561424 24.975645 35.214633
18.799632 24.283042 36.672512
18.999114 23.478082 38.080055
19.157057 22.564767 39.424409
19.270951 21.548963 40.693173
19.338650 20.438350 41.874729
19.358427 19.242296 42.958550
19.329020 17.971672 43.935493
19.249672 16.638608 44.798048
19.120146 15.256203 45.540530
18.940747 13.838189 46.159218
18.712308 12.398591 46.652419
18.436184 10.951370 47.020456
18.114214 9.510083 47.265595
17.748685 8.087574 47.391903
17.342279 6.695701 47.405055
16.898015 5.345117 47.312096
16.419183 4.045105 47.121179
15.909282 2.803473 46.841287
15.371947 1.626506 46.481951
14.810889 0.518972 46.052986
14.229831 -0.515827 45.564246
13.632450 -1.475967 45.025402
13.022332 -2.360775 44.445761
12.402925 -3.170697 43.834116
11.777503 -3.907138 43.198635
11.149143 -4.572312 42.546779
10.520700 -5.169081 41.885261
9.894794 -5.700813 41.220020
9.273803 -6.171243 40.556232
8.659860 -6.584351 39.898330
8.054856 -6.944257 39.250041
7.460444 -7.255125 38.614436
6.129001 -7.120376 37.851324
4.738026 -6.887927 37.099944
3.517019 -6.693627 36.400222
2.443859 -6.538545 35.744530
1.498718 -6.422705 35.126752
0.663902 -6.345472 34.542039
-0.076315 -6.305811 33.986591
-0.735871 -6.302491 33.457463
-1.327095 -6.334211 32.952410
-1.860869 -6.399695 32.469762
-2.346793 -6.497757 32.008320
-2.793331 -6.627342 31.567277
-3.207945 -6.787547 31.146158
-3.597222 -6.977639 30.744773
-3.966981 -7.197055 30.363187
-4.322374 -7.445404 30.001690
-4.667976 -7.722460 29.660791
-5.007860 -8.028149 29.341203
-5.345669 -8.362536 29.043843
-5.684672 -8.725810 28.769836
-6.027818 -9.118264 28.520517
-6.377780 -9.540269 28.297442
-6.736989 -9.992255 28.102401
-7.107667 -10.474675 27.937428
-7.491848 -10.987976 27.804817
-7.891394 -11.532557 27.707140
-8.308011 -12.108729 27.647256
-8.743246 -12.716660 27.628330
-9.198493 -13.356321 27.653841
-9.674980 -14.027417 27.727592
-10.173757 -14.729315 27.853706
-10.695672 -15.460957 28.036624
-11.241346 -16.220770 28.281083
-11.811133 -17.006558 28.592083
-12.405080 -17.815397 28.974837
-13.022874 -18.643513 29.434697
-13.663784 -19.486166 29.977054
-14.326596 -20.337526 30.607204
-15.009544 -21.190569 31.330179
-15.710236 -22.036975 32.150544
-16.425579 -22.867070 33.072145
-17.151706 -23.669794 34.097821
-17.883918 -24.432733 35.229079
-18.616627 -25.142219 36.465736
-19.343329 -25.783517 37.805556
-20.056605 -26.341117 39.243880
-20.748152 -26.799133 40.773302
-21.408868 -27.141818 42.383398
-22.028981 -27.354187 44.060568
-22.598240 -27.422722 45.788016
-23.106161 -27.336139 47.545903
-23.542329 -27.086145 49.311709
-23.896751 -26.668149 51.060806
-24.160230 -26.081842 52.767236
-24.324761 -25.331584 54.404664
-24.383910 -24.426538 55.947442
-24.333148 -23.380522 57.371719
-24.170121 -22.211548 58.656491
-23.894830 -20.941099 59.784513
-23.509695 -19.593165 60.742983
-23.019507 -18.193146 61.523949
-22.431267 -16.766692 62.124405
-21.753912 -15.338597 62.546081
-20.997971 -13.931816 62.794975
-20.175150 -12.566683 62.880680
-19.297906 -11.260366 62.815581
-18.379008 -10.026563 62.614010
-17.431131 -8.875435 62.291417
-16.466499 -7.813737 61.863624
-15.496586 -6.845097 61.346189
-14.531880 -5.970408 60.753919
-13.581728 -5.188269 60.100507
-12.654234 -4.495454 59.398311
-11.756223 -3.887354 58.658246
-10.893253 -3.358393 57.889762
-10.069667 -2.902385 57.100897
-9.288672 -2.512840 56.298376
-8.552445 -2.183209 55.487739
-7.862241 -1.907072 54.673482
-7.218518 -1.678282 53.859202
-6.621052 -1.491063 53.047738
-6.069054 -1.340072 52.241297
-5.561278 -1.220436 51.441568
-5.096120 -1.127759 50.649828
-4.671704 -1.058125 49.867018
-4.285965 -1.008075 49.093819
-3.936712 -0.974586 48.330711
-3.621691 -0.955041 47.578015
-3.338626 -0.947190 46.835937
-3.085265 -0.949124 46.104590
-2.859408 -0.959234 45.384023
-2.658934 -0.976182 44.674237
-2.481814 -0.998865 43.975196
-2.326133 -1.026393 43.286839
-2.190093 -1.058055 42.609089
-2.072020 -1.093299 41.941855
-1.970365 -1.131709 41.285039
-1.883708 -1.172987 40.638538
-1.810752 -1.216934 40.002247
-1.750321 -1.263438 39.376059
-1.701356 -1.312459 38.759869
-1.662910 -1.364022 38.153572
-1.634142 -1.418203 37.557067
-1.614309 -1.475127 36.970254
-1.602764 -1.534959 36.393038
-1.598948 -1.597898 35.825329
-1.602383 -1.664177 35.267040
-1.612668 -1.734056 34.718091
-1.629476 -1.807826 34.178409
-1.652542 -1.885800 33.647928
-1.681669 -1.968318 33.126589
-1.716714 -2.055747 32.614343
-1.757592 -2.148477 32.111152
-1.804269 -2.246926 31.616988
-1.856761 -2.351541 31.131838
-1.915129 -2.462796 30.655702
-1.979482 -2.581199 30.188597
-2.049971 -2.707289 29.730557
-2.126793 -2.841641 29.281640
-2.210184 -2.984872 28.841924
-2.300423 -3.137635 28.411515
-2.397833 -3.300630 27.990549
-2.502778 -3.474604 27.579195
-2.615665 -3.660354 27.177660
-2.736946 -3.858729 26.786195
-2.867118 -4.070637 26.405100
-3.006724 -4.297046 26.034729
-3.156356 -4.538985 25.675499
-3.316655 -4.797553 25.327902
-3.488317 -5.073914 24.992506
-3.672087 -5.369306 24.669974
-3.868771 -5.685041 24.361073
-4.079229 -6.022502 24.066689
-4.304381 -6.383151 23.787841
-4.545211 -6.768517 23.525700
-4.802760 -7.180204 23.281612
-5.078137 -7.619877 23.057115
-5.372510 -8.089259 22.853968
-5.687109 -8.590118 22.674178
-6.023223 -9.124249 22.520029
-6.382195 -9.693455 22.394117
-6.765416 -10.299521 22.299384
-7.174316 -10.944171 22.239158
-7.610352 -11.629032 22.217192
-8.074989 -12.355572 22.237704
-8.569683 -13.125029 22.305417
-9.095849 -13.938332 22.425599
-9.654831 -14.795991 22.604092
-10.247854 -15.697979 22.847340
-10.875977 -16.643585 23.162395
-11.540028 -17.631247 23.556915
-12.240524 -18.658357 24.039125
-12.977587 -19.721049 24.617749
-13.750838 -20.813962 25.301895
-14.559277 -21.929988 26.100885
-15.401153 -23.060017 27.024008
-16.273814 -24.192695 28.080206
-17.173556 -25.314205 29.277649
-18.095463 -26.408113 30.623224
-19.033254 -27.455305 32.121920
-19.979146 -28.434056 33.776116
-20.923748 -29.320275 35.584811
-21.856004 -30.087975 37.542816
-22.763205 -30.709996 39.639985
-23.631091 -31.159009 41.860556
-24.444066 -31.408795 44.182707
-25.185535 -31.435757 46.578421
-25.838377 -31.220576 49.013779
-26.385546 -30.749896 51.449740
-26.810777 -30.017846 53.843459
-27.099369 -29.027237 56.150094
-27.238975 -27.790223 58.325008
-27.220353 -26.328302 60.326186
-27.037992 -24.671568 62.116619
-26.690553 -22.857251 63.666413
-26.181080 -20.927653 64.954377
-25.516939 -18.927713 65.968913
-24.709504 -16.902432 66.708142
-23.773605 -14.894456 67.179266
-22.726799 -12.942039 67.397324
-21.588526 -11.077543 67.383500
-20.379237 -9.326557 67.163228
-19.119545 -7.707607 66.764296
-17.829470 -6.232403 66.215122
-16.527811 -4.906466 65.543330
-15.231666 -3.730021 64.774668
-13.956105 -2.699016 63.932295
-12.713987 -1.806153 63.036385
-11.515905 -1.041857 62.104015
-10.370231 -0.395128 61.149243
-9.283240 0.145753 60.183342
-8.259289 0.592658 59.215105
-7.301025 0.957193 58.251203
-6.409613 1.250398 57.296530
-5.584966 1.482551 56.354541
-4.825965 1.663051 55.427554
-4.130659 1.800372 54.517009
-3.496461 1.902054 53.623686
-2.920306 1.974735 52.747883
-2.398797 2.024202 51.889561
-2.004604 2.096485 51.119947
-1.840438 2.263431 50.560886
-1.676551 2.410846 50.008082
-1.513681 2.539634 49.461788
-1.352499 2.650740 48.922202
-1.193614 2.745134 48.389474
-1.037571 2.823807 47.863706
-0.884855 2.887756 47.344955
-0.735895 2.937976 46.833238
-0.591061 2.975453 46.328538
-0.450671 3.001159 45.830806
-0.314996 3.016043 45.339965
-0.184254 3.021030 44.855916
-0.058625 3.017014 44.378543
0.061758 3.004857 43.907713
0.176797 2.985385 43.443280
0.286430 2.959388 42.985093
0.390629 2.927617 42.532993
0.489394 2.890782 42.086817
0.582754 2.849555 41.646404
0.670760 2.804569 41.211592
0.753487 2.756415 40.782221
0.831028 2.705646 40.358135
0.903496 2.652775 39.939186
0.971015 2.598280 39.525226
1.033725 2.542600 39.116120
1.091777 2.486140 38.711733
1.145329 2.429271 38.311943
1.194549 2.372329 37.916633
1.239610 2.315622 37.525691
1.280690 2.259426 37.139015
1.317970 2.203991 36.756510
1.351633 2.149538 36.378086
1.381864 2.096264 36.003661
1.408846 2.044342 35.633157
1.432764 1.993924 35.266505
1.453799 1.945141 34.903639
1.472131 1.898105 34.544498
1.487935 1.852910 34.189026
1.501386 1.809635 33.837171
1.512651 1.768341 33.488886
1.521895 1.729080 33.144126
1.529278 1.691889 32.802850
1.534955 1.656793 32.465019
1.539074 1.623809 32.130596
1.541781 1.592945 31.799548
1.543212 1.564200 31.471843
1.543503 1.537566 31.147450
1.542779 1.513029 30.826341
1.541162 1.490571 30.508487
1.538769 1.470168 30.193862
1.535710 1.451793 29.882441
1.532090 1.435416 29.574198
1.528009 1.421004 29.269110
1.523560 1.408523 28.967153
1.518835 1.397936 28.668304
1.513916 1.389206 28.372541
1.508884 1.382297 28.079841
1.503813 1.377172 27.790183
1.498775 1.373792 27.503545
1.493836 1.372122 27.219906
1.489058 1.372126 26.939244
1.484500 1.373770 26.661540
1.480218 1.377021 26.386773
1.476261 1.381847 26.114922
1.472680 1.388219 25.845968
1.469519 1.396110 25.579890
1.466821 1.405494 25.316670
1.464626 1.416346 25.056288
1.462971 1.428648 24.798725
1.461891 1.442378 24.543963
1.461420 1.457522 24.291983
1.461590 1.474066 24.042768
1.462428 1.491997 23.796301
1.463964 1.511308 23.552564
1.466224 1.531992 23.311541
1.469234 1.554046 23.073216
1.473017 1.577469 22.837573
1.477598 1.602262 22.604598
1.482998 1.628431 22.374277
1.489239 1.655981 22.146596
1.496344 1.684923 21.921541
1.504333 1.715270 21.699102
1.513226 1.747036 21.479266
1.523044 1.780239 21.262024
1.533808 1.814899 21.047365
1.545538 1.851040 20.835280
1.558255 1.888687 20.625763
1.571980 1.927868 20.418806
1.586734 1.968614 20.214405
1.602538 2.010960 20.012554
1.619415 2.054941 19.813251
1.637388 2.100596 19.616493
1.656479 2.147967 19.422281
1.676715 2.197098 19.230616
1.698119 2.248036 19.041501
1.720717 2.300831 18.854939
1.744537 2.355536 18.670937
1.769606 2.412205 18.489503
1.795955 2.470897 18.310647
1.823612 2.531671 18.134381
1.852610 2.594593 17.960720
1.882982 2.659728 17.789679
1.914762 2.727146 17.621279
1.947985 2.796918 17.455541
1.982689 2.869120 17.292490
2.018912 2.943829 17.132153
2.056696 3.021126 16.974561
2.096081 3.101096 16.819749
2.137112 3.183825 16.667754
2.179834 3.269402 16.518619
2.224293 3.357921 16.372387
2.270540 3.449477 16.229110
2.318626 3.544169 16.088843
2.368602 3.642098 15.951643
2.420524 3.743369 15.817577
2.474449 3.848090 15.686713
2.530435 3.956370 15.559128
2.588544 4.068324 15.434904
2.648839 4.184065 15.314129
2.711384 4.303714 15.196899
2.776248 4.427389 15.083316
2.843499 4.555215 14.973492
2.913209 4.687316 14.867545
2.985453 4.823820 14.765603
3.060305 4.964854 14.667803
3.137843 5.110549 14.574292
3.218148 5.261036 14.485228
3.301302 5.416445 14.400778
3.387388 5.576909 14.321124
3.476492 5.742559 14.246457
3.568703 5.913524 14.176982
3.664108 6.089935 14.112919
3.762799 6.271917 14.054500
3.864868 6.459593 14.001974
3.970408 6.653083 13.955606
4.079514 6.852501 13.915675
4.192279 7.057956 13.882479
4.308800 7.269547 13.856335
4.429171 7.487366 13.837576
4.553487 7.711495 13.826557
4.681842 7.942004 13.823651
4.814330 8.178947 13.829253
4.951042 8.422364 13.843778
5.092065 8.672276 13.867664
5.237487 8.928684 13.901370
5.387388 9.191566 13.945377
5.541846 9.460872 14.000188
5.700933 9.736526 14.066331
5.864714 10.018417 14.144351
6.033247 10.306399 14.234819
6.206581 10.600287 14.338323
6.384755 10.899851 14.455473
6.567796 11.204815 14.586894
6.755719 11.514850 14.733230
6.948524 11.829571 14.895135
7.146194 12.148530 15.073275
7.348696 12.471215 15.268322
7.555974 12.797043 15.480953
7.767952 13.125355 15.711838
7.984528 13.455411 15.961643
8.205575 13.786387 16.231017
8.430936 14.117370 16.520588
8.660422 14.447354 16.830952
8.893810 14.775237 17.162667
9.130843 15.099817 17.516240
9.371222 15.419792 17.892117
9.614609 15.733760 18.290671
9.860619 16.040215 18.712188
10.108825 16.337556 19.156853
10.358751 16.624084 19.624739
10.609868 16.898011 20.115787
10.861601 17.157467 20.629794
11.113319 17.400511 21.166396
11.364340 17.625140 21.725053
11.613929 17.829307 22.305037
11.861299 18.010939 22.905413
12.105613 18.167954 23.525033
12.345983 18.298290 24.162522
12.581480 18.399923 24.816273
12.811128 18.470902 25.484439
13.033919 18.509376 26.164935
13.248814 18.513624 26.855439
13.454747 18.482092 27.553400
13.650640 18.413422 28.256051
13.835407 18.306489 28.960424
14.007967 18.160426 29.663375
14.167251 17.974661 30.361611
14.312218 17.748938 31.051721
14.441862 17.483341 31.730215
14.555227 17.178309 32.393568
14.651422 16.834651 33.038259
14.729626 16.453546 33.660823
14.789106 16.036546 34.257900
14.829226 15.585559 34.826278
14.849455 15.102839 35.362948
14.849379 14.590957 35.865143
14.828705 14.052768 36.330382
14.787271 13.491376 36.756506
14.725046 12.910091 37.141707
14.642132 12.312375 37.484549
14.538766 11.701802 37.783989
14.415319 11.081996 38.039380
14.272287 10.456583 38.250469
14.110289 9.829141 38.417393
13.930058 9.203150 38.540663
13.732432 8.581944 38.621138
13.518344 7.968679 38.659998
13.288810 7.366290 38.658713
13.044915 6.777469 38.619005
12.787804 6.204640 38.542809
12.518664 5.649942 38.432235
12.238717 5.115226 38.289525
11.949200 4.602045 38.117013
11.651359 4.111661 37.917091
11.346436 3.645050 37.692171
11.035653 3.202918 37.444653
10.720211 2.785711 37.176899
10.401275 2.393638 36.891206
10.079967 2.026685 36.589783
9.757362 1.684646 36.274739
9.434480 1.367136 35.948067
9.112285 1.073620 35.611634
8.791677 0.803431 35.267173
8.473494 0.555793 34.916286
8.158508 0.329843 34.560434
7.847425 0.124646 34.200945
7.540888 -0.060782 33.839016
7.239473 -0.227464 33.475715
6.943694 -0.376443 33.111990
6.654003 -0.508772 32.748674
6.370794 -0.625503 32.386493
6.094403 -0.727676 32.026076
5.825113 -0.816310 31.667957
5.563158 -0.892402 31.312590
5.308723 -0.956914 30.960353
5.061947 -1.010775 30.611555
4.822931 -1.054874 30.266448
4.591737 -1.090059 29.925228
4.368391 -1.117136 29.588044
4.152888 -1.136866 29.255005
3.945195 -1.149968 28.926186
3.745251 -1.157116 28.601628
3.552974 -1.158941 28.281350
3.368260 -1.156031 27.965347
3.190988 -1.148934 27.653595
3.021018 -1.138159 27.346059
2.858201 -1.124175 27.042687
2.702372 -1.107415 26.743422
2.553359 -1.088277 26.448197
2.410979 -1.067126 26.156939
2.275047 -1.044297 25.869574
2.145367 -1.020094 25.586022
2.021744 -0.994794 25.306204
1.903977 -0.968646 25.030040
1.791867 -0.941878 24.757449
1.685210 -0.914694 24.488353
1.583807 -0.887275 24.222674
1.487457 -0.859786 23.960335
1.395962 -0.832372 23.701264
1.309126 -0.805160 23.445389
1.226755 -0.778265 23.192641
1.148662 -0.751785 22.942953
1.074658 -0.725807 22.696262
1.004565 -0.700404 22.452506
0.938203 -0.675641 22.211627
0.875400 -0.651570 21.973569
0.815990 -0.628237 21.738277
0.759809 -0.605679 21.505701
0.706699 -0.583925 21.275792
0.656509 -0.562999 21.048501
0.609090 -0.542916 20.823785
0.564302 -0.523691 20.601601
0.522006 -0.505329 20.381907
0.463941 -0.478378 20.136195
0.366692 -0.431954 19.815833
0.284145 -0.394947 19.500770
0.213816 -0.366075 19.190866
0.153609 -0.344259 18.885998
0.101753 -0.328597 18.586057
0.056753 -0.318338 18.290946
0.017345 -0.312865 18.000573
-0.017542 -0.311671 17.714857
-0.048819 -0.314350 17.433716
-0.077259 -0.320578 17.157076
-0.103526 -0.330110 16.884864
-0.128190 -0.342762 16.617011
-0.151744 -0.358411 16.353449
-0.174618 -0.376985 16.094114
-0.197193 -0.398456 15.838944
-0.219808 -0.422841 15.587877
-0.242770 -0.450194 15.340856
-0.266362 -0.480608 15.097826
-0.290847 -0.514207 14.858733
-0.316477 -0.551152 14.623527
-0.343494 -0.591636 14.392160
-0.372140 -0.635885 14.164589
-0.402654 -0.684158 13.940774
-0.435279 -0.736749 13.720677
-0.470268 -0.793988 13.504268
-0.507882 -0.856241 13.291520
-0.548395 -0.923914 13.082412
-0.592098 -0.997457 12.876933
-0.639302 -1.077362 12.675075
-0.690338 -1.164170 12.476843
-0.745564 -1.258474 12.282252
-0.805363 -1.360925 12.091329
-0.870154 -1.472232 11.904114
-0.940385 -1.593171 11.720668
-1.016548 -1.724589 11.541069
-1.099171 -1.867411 11.365417
-1.188834 -2.022646 11.193844
-1.286163 -2.191392 11.026511
-1.391843 -2.374850 10.863617
-1.506615 -2.574326 10.705408
-1.631291 -2.791242 10.552181
-1.766751 -3.027146 10.404297
-1.913953 -3.283723 10.262188
-2.073942 -3.562803 10.126375
-2.247852 -3.866373 9.997483
-2.436919 -4.196591 9.876255
-2.642485 -4.555791 9.763579
-2.866006 -4.946502 9.660512
-3.109065 -5.371450 9.568312
-3.373375 -5.833576 9.488468
-3.660793 -6.336036 9.422752
-3.973324 -6.882209 9.373258
-4.313131 -7.475699 9.342467
-4.682543 -8.120327 9.333308
-5.084056 -8.820122 9.349240
-5.520340 -9.579292 9.394339
-5.994236 -10.402194 9.473398
-6.508752 -11.293275 9.592043
-7.067047 -12.256994 9.756863
-7.672417 -13.297713 9.975552
-8.328258 -14.419553 10.257060
-9.038021 -15.626196 10.611754
-9.805147 -16.920633 11.051586
-10.632977 -18.304843 11.590244
-11.524636 -19.779378 12.243286
-12.482877 -21.342861 13.028230
-13.509883 -22.991368 13.964567
-14.607020 -24.717694 15.073666
-15.774533 -26.510511 16.378518
-17.011174 -28.353421 17.903246
-18.313771 -30.223953 19.672333
-19.676736 -32.092574 21.709469
-21.091520 -33.921817 24.035960
-22.546057 -35.665692 26.668648
-24.024215 -37.269592 29.617337
-25.505350 -38.670939 32.881815
-26.964011 -39.800850 36.448641
-28.369933 -40.587062 40.288068
-29.688405 -40.958229 44.351546
-30.881134 -40.849549 48.570465
-31.907666 -40.209336 52.856740
-32.727371 -39.005853 57.105815
-33.301924 -37.233382 61.202287
-33.598054 -34.916376 65.027945
-33.590302 -32.110604 68.471374
-33.263412 -28.900642 71.437823
-32.613994 -25.393708 73.857741
-31.651202 -21.710621 75.692513
-30.396283 -17.975303 76.936431
-28.881060 -14.304503 77.614740
-27.145573 -10.799303 77.778333
-25.235216 -7.539438 77.496304
-23.197740 -4.580803 76.847758
-21.080481 -1.955860 75.914151
-18.928046 0.323756 74.773060
-16.780595 2.263321 73.493819
-14.672763 3.880626 72.135034
-12.633145 5.201761 70.743725
-10.684261 6.257469 69.355663
-8.842872 7.080269 67.996504
-7.397659 7.853642 66.773183
-6.778458 8.906405 65.828255
-6.144722 9.834788 64.888805
-5.501828 10.642511 63.963041
-4.854777 11.334232 63.057960
-4.208177 11.915306 62.179316
-3.566234 12.391581 61.331646
-2.932754 12.769206 60.518310
-2.311150 13.054486 59.741580
-1.704451 13.253751 59.002724
-1.115322 13.373265 58.302121
-0.546081 13.419150 57.639369
0.001285 13.397337 57.013402
0.525092 13.313536 56.422599
1.023940 13.173215 55.864893
1.496698 12.981594 55.337871
1.942474 12.743648 54.838866
2.360606 12.464114 54.365044
2.750635 12.147501 53.913477
3.112296 11.798102 53.481214
3.445497 11.420006 53.065336
3.750305 11.017110 52.663008
4.026936 10.593127 52.271520
4.275738 10.151597 51.888325
4.497181 9.695888 51.511061
4.691845 9.229202 51.137574
4.860411 8.754575 50.765936
5.003648 8.274880 50.394447
5.122405 7.792818 50.021642
5.217598 7.310923 49.646290
5.290206 6.831555 49.267388
5.341256 6.356898 48.884149
5.371820 5.888957 48.495997
5.383000 5.429558 48.102545
5.375924 4.980342 47.703586
5.351737 4.542772 47.299069
5.311592 4.118129 46.889085
5.256644 3.707517 46.473848
5.188043 3.311868 46.053677
5.106927 2.931943 45.628974
5.014414 2.568348 45.200212
4.911602 2.221530 44.767915
4.799559 1.891796 44.332645
4.679321 1.579315 43.894988
4.551886 1.284135 43.455539
4.418214 1.006187 43.014896
4.279222 0.745300 42.573646
4.135783 0.501211 42.132359
3.988724 0.273576 41.691583
3.838823 0.061978 41.251836
3.686812 -0.134060 40.813604
3.533373 -0.315064 40.377336
3.379140 -0.481605 39.943446
3.224701 -0.634286 39.512308
3.070593 -0.773734 39.084259
2.917311 -0.900595 38.659597
2.765303 -1.015528 38.238584
2.614973 -1.119195 37.821445
2.466684 -1.212257 37.408372
2.320758 -1.295374 36.999526
2.177482 -1.369195 36.595037
2.037101 -1.434355 36.195011
1.899831 -1.491477 35.799524
1.765852 -1.541163 35.408634
1.635315 -1.583999 35.022377
1.359667 -1.541677 34.513180
1.055987 -1.474594 33.958157
0.790905 -1.420128 33.413865
0.559034 -1.377531 32.879766
0.355636 -1.346083 32.355418
0.176551 -1.325108 31.840451
0.018126 -1.313987 31.334557
-0.122841 -1.312162 30.837474
-0.249157 -1.319143 30.348978
-0.363285 -1.334511 29.868877
-0.467386 -1.357918 29.397001
-0.563357 -1.389087 28.933204
-0.652872 -1.427812 28.477359
-0.737406 -1.473956 28.029351
-0.818270 -1.527449 27.589084
-0.896630 -1.588289 27.156474
-0.973533 -1.656539 26.731449
-1.049924 -1.732323 26.313952
-1.126665 -1.815832 25.903941
-1.204552 -1.907315 25.501386
-1.284323 -2.007087 25.106274
-1.366678 -2.115521 24.718611
-1.452282 -2.233056 24.338420
-1.541784 -2.360193 23.965745
-1.635816 -2.497498 23.600654
-1.735011 -2.645605 23.243244
-1.840002 -2.805215 22.893639
-1.951436 -2.977102 22.552000
-2.069976 -3.162114 22.218526
-2.196309 -3.361179 21.893461
-2.331151 -3.575303 21.577100
-2.475256 -3.805580 21.269799
-2.629416 -4.053194 20.971978
-2.794470 -4.319422 20.684136
-2.971311 -4.605637 20.406861
-3.160885 -4.913316 20.140843
-3.364203 -5.244042 19.886888
-3.582339 -5.599505 19.645937
-3.816442 -5.981504 19.419085
-4.067734 -6.391954 19.207607
-4.337515 -6.832874 19.012977
-4.627169 -7.306394 18.836905
-4.938165 -7.814743 18.681366
-5.272055 -8.360239 18.548640
-5.630478 -8.945272 18.441352
-6.015156 -9.572283 18.362523
-6.427887 -10.243734 18.315616
-6.870539 -10.962063 18.304599
-7.345038 -11.729632 18.334001
-7.853347 -12.548654 18.408977
-8.397445 -13.421108 18.535377
-8.979294 -14.348624 18.719804
-9.600794 -15.332346 18.969684
-10.263732 -16.372761 19.293310
-10.969713 -17.469497 19.699883
-11.720076 -18.621077 20.199521
-12.515787 -19.824640 20.803235
-13.357320 -21.075610 21.522852
-14.244503 -22.367336 22.370872
-15.176350 -23.690700 23.360233
-16.150860 -25.033700 24.503968
-17.164800 -26.381057 25.814726
-18.213465 -27.713850 27.304132
-19.290436 -29.009252 28.981984
-20.387339 -30.240417 30.855268
-21.493630 -31.376596 32.927017
-22.596430 -32.383564 35.195054
-23.680447 -33.224438 37.650692
-24.728013 -33.860955 40.277522
-25.719279 -34.255239 43.050430
-26.632609 -34.372022 45.935055
-27.445176 -34.181230 48.887859
-28.133791 -33.660720 51.857011
-28.675922 -32.798902 54.784175
-29.050866 -31.596881 57.607198
-29.240981 -30.069791 60.263556
-29.232869 -28.246986 62.694243
-29.018388 -26.170963 64.847680
-28.595366 -23.895006 66.683169
-27.967943 -21.479787 68.173426
-27.146463 -18.989326 69.305884
-26.146952 -16.486812 70.082620
-24.990211 -14.030772 70.519012
-23.700644 -11.672024 70.641379
-22.304942 -9.451635 70.484000
-20.830746 -7.399980 70.085945
-19.305407 -5.536791 69.488069
-17.754929 -3.872003 68.730469
-16.203148 -2.407129 67.850533
-14.671152 -1.136913 66.881650
-13.176950 -0.051032 65.852501
-11.735348 0.864303 64.786863
-10.358001 1.624957 63.703768
-9.053587 2.247738 62.617926
-7.828072 2.749522 61.540271
-6.685031 3.146626 60.478573
-5.625978 3.454380 59.438039
-4.650709 3.686874 58.421863
-3.811136 3.885772 57.461010
-3.501095 4.295452 56.791823
-3.188075 4.658366 56.129672
-2.873995 4.976229 55.476033
-2.560623 5.250948 54.832144
-2.249585 5.484584 54.199012
-1.942358 5.679304 53.577419
-1.640273 5.837350 52.967934
-1.344522 5.961005 52.370931
-1.056160 6.052566 51.786607
-0.776110 6.114323 51.214998
-0.505171 6.148538 50.656002
-0.244021 6.157426 50.109396
0.006774 6.143149 49.574859
0.246752 6.107797 49.051986
0.475553 6.053388 48.540308
0.692904 5.981857 48.039310
0.898620 5.895053 47.548441
1.092595 5.794736 47.067130
1.274791 5.682575 46.594799
1.445237 5.560150 46.130869
1.604022 5.428947 45.674773
1.751287 5.290363 45.225959
1.887219 5.145704 44.783900
2.012049 4.996190 44.348096
2.126045 4.842953 43.918077
2.229506 4.687042 43.493408
2.322761 4.529425 43.073688
2.406160 4.370989 42.658553
2.480074 4.212548 42.247674
2.544889 4.054841 41.840757
2.601005 3.898536 41.437543
2.648829 3.744233 41.037807
2.688776 3.592471 40.641353
2.721264 3.443724 40.248016
2.746712 3.298410 39.857657
2.765539 3.156892 39.470164
2.778158 3.019481 39.085444
2.784980 2.886439 38.703429
2.786408 2.757984 38.324066
2.782836 2.634290 37.947318
2.774651 2.515495 37.573164
2.762227 2.401697 37.201593
2.745928 2.292963 36.832604
2.726105 2.189331 36.466205
2.703097 2.090809 36.102411
2.677228 1.997383 35.741241
2.648810 1.909014 35.382719
2.618141 1.825645 35.026872
2.585503 1.747202 34.673727
2.551164 1.673596 34.323314
2.515380 1.604723 33.975663
2.478389 1.540470 33.630802
2.440419 1.480714 33.288758
2.401681 1.425325 32.949558
2.362375 1.374167 32.613227
2.322684 1.327099 32.279787
2.282783 1.283977 31.949258
2.242831 1.244656 31.621657
2.202977 1.208989 31.296999
2.163356 1.176830 30.975298
2.124095 1.148033 30.656563
2.085308 1.122456 30.340802
2.047100 1.099957 30.028019
2.009566 1.080398 29.718218
1.972794 1.063647 29.411399
1.936859 1.049571 29.107561
1.901832 1.038048 28.806700
1.867776 1.028954 28.508810
1.834744 1.022175 28.213884
1.802785 1.017601 27.921914
1.771942 1.015127 27.632889
1.742251 1.014652 27.346798
1.713744 1.016083 27.063628
1.686447 1.019333 26.783366
1.660382 1.024316 26.505997
1.635567 1.030958 26.231506
1.612017 1.039186 25.959876
1.589744 1.048933 25.691091
1.568755 1.060139 25.425134
1.549056 1.072749 25.161987
1.530651 1.086711 24.901633
1.513541 1.101981 24.644053
1.497726 1.118518 24.389230
1.483203 1.136285 24.137145
1.469971 1.155253 23.887781
1.458025 1.175394 23.641119
1.447359 1.196686 23.397141
1.437969 1.219111 23.155830
1.429848 1.242655 22.917169
1.422991 1.267309 22.681140
1.417392 1.293065 22.447726
1.413043 1.319922 22.216912
1.409940 1.347881 21.988681
1.408077 1.376946 21.763018
1.407448 1.407125 21.539909
1.408049 1.438431 21.319339
1.409877 1.470877 21.101295
1.412929 1.504481 20.885764
1.417201 1.539264 20.672734
1.422693 1.575249 20.462194
1.429405 1.612463 20.254133
1.437338 1.650935 20.048542
1.446494 1.690698 19.845411
1.456876 1.731786 19.644735
1.468489 1.774238 19.446506
1.481338 1.818092 19.250718
1.495432 1.863393 19.057368
1.510778 1.910185 18.866453
1.527388 1.958518 18.677971
1.545273 2.008441 18.491921
1.564446 2.060009 18.308306
1.584923 2.113278 18.127127
1.606720 2.168305 17.948391
1.629856 2.225153 17.772102
1.654351 2.283886 17.598269
1.680227 2.344570 17.426902
1.707507 2.407274 17.258015
1.736217 2.472072 17.091620
1.766385 2.539038 16.927736
1.798039 2.608249 16.766381
1.831212 2.679787 16.607579
1.865937 2.753735 16.451353
1.902248 2.830179 16.297733
1.940184 2.909208 16.146749
1.979784 2.990916 15.998436
2.021089 3.075397 15.852833
2.064143 3.162750 15.709983
2.108993 3.253077 15.569930
2.155686 3.346481 15.432727
2.204274 3.443070 15.298430
2.254808 3.542955 15.167098
2.307344 3.646251 15.038797
2.361940 3.753072 14.913600
2.418655 3.863541 14.791584
2.477552 3.977778 14.672832
2.538695 4.095911 14.557436
2.602152 4.218067 14.445494
2.667992 4.344378 14.337111
2.736287 4.474977 14.232401
2.807113 4.610000 14.131487
2.880545 4.749587 14.034501
2.956663 4.893877 13.941584
3.035549 5.043012 13.852889
3.117288 5.197135 13.768579
3.201966 5.356390 13.688828
3.289672 5.520923 13.613823
3.380497 5.690877 13.543765
3.474534 5.866398 13.478867
3.571878 6.047627 13.419358
3.672627 6.234706 13.365482
3.776878 6.427772 13.317499
3.884732 6.626959 13.275686
3.996290 6.832398 13.240338
4.111655 7.044211 13.211767
4.230929 7.262515 13.190308
4.354216 7.487415 13.176313
4.481619 7.719010 13.170156
4.613241 7.957383 13.172234
4.749184 8.202604 13.182966
4.889548 8.454727 13.202794
5.034431 8.713788 13.232185
5.183928 8.979798 13.271627
5.338130 9.252748 13.321637
5.497125 9.532599 13.382755
5.660994 9.819281 13.455546
5.829812 10.112692 13.540600
6.003646 10.412690 13.638529
6.182553 10.719091 13.749973
6.366583 11.031665 13.875591
6.555770 11.350129 14.016063
6.750136 11.674145 14.172088
6.949690 12.003314 14.344382
7.154420 12.337170 14.533674
7.364297 12.675175 14.740700
7.579269 13.016713 14.966203
7.799263 13.361087 15.210925
8.024177 13.707510 15.475600
8.253881 14.055102 15.760948
8.488215 14.402884 16.067667
8.726984 14.749774 16.396425
8.969955 15.094585 16.747845
9.216857 15.436017 17.122500
9.467376 15.772658 17.520894
9.721152 16.102985 17.943454
9.977778 16.425360 18.390510
10.236797 16.738032 18.862285
10.497698 17.039147 19.358874
10.759915 17.326746 19.880229
11.022828 17.598779 20.426139
11.285755 17.853116 20.996217
11.547961 18.087556 21.589878
11.808648 18.299850 22.206325
12.066963 18.487718 22.844533
12.321996 18.648874 23.503236
12.572783 18.781050 24.180912
12.818311 18.882030 24.875778
13.057520 18.949677 25.585786
13.289311 18.981971 26.308618
13.512551 18.977046 27.041690
13.726082 18.933225 27.782168
13.928729 18.849059 28.526972
14.119315 18.723366 29.272807
14.296664 18.555263 30.016182
14.459622 18.344203 30.753449
14.607062 18.090000 31.480838
14.737905 17.792858 32.194502
14.851129 17.453383 32.890567
14.945782 17.072598 33.565182
15.021002 16.651944 34.214578
15.076020 16.193275 34.835119
15.110183 15.698842 35.423359
15.122956 15.171273 35.976098
15.113937 14.613538 36.490429
15.082860 14.028911 36.963785
15.029605 13.420925 37.393973
14.954199 12.793317 37.779213
14.856818 12.149971 38.118150
14.737783 11.494863 38.409876
14.597563 10.831998 38.653930
14.436762 10.165350 38.850291
14.256116 9.498806 38.999367
14.056482 8.836114 39.101968
13.838826 8.180830 39.159283
13.604212 7.536283 39.172836
13.353787 6.905532 39.144451
13.088767 6.291345 39.076205
12.810424 5.696174 38.970385
12.520069 5.122147 38.829438
12.219039 4.571057 38.655930
11.908681 4.044370 38.452497
11.590341 3.543226 38.221805
11.265352 3.068457 37.966518
10.935020 2.620600 37.689255
10.600615 2.199920 37.392567
10.263364 1.806431 37.078912
9.924442 1.439922 36.750631
9.584965 1.099983 36.409936
9.245984 0.786029 36.058897
8.908485 0.497328 35.699435
8.573384 0.233024 35.333316
8.241526 -0.007840 34.962152
7.913680 -0.226299 34.587401
7.590549 -0.423446 34.210372
7.272759 -0.600415 33.832231
6.960870 -0.758362 33.454005
6.655373 -0.898454 33.076594
6.356695 -1.021854 32.700775
6.065200 -1.129710 32.327217
5.781195 -1.223150 31.956485
5.504927 -1.303271 31.589052
5.236596 -1.371131 31.225307
4.976351 -1.427751 30.865565
4.724296 -1.474107 30.510074
4.480493 -1.511127 30.159024
4.244969 -1.539691 29.812555
4.017712 -1.560632 29.470761
3.798682 -1.574732 29.133697
3.587811 -1.582723 28.801390
3.385004 -1.585292 28.473835
3.190145 -1.583077 28.151006
3.003098 -1.576672 27.832860
2.823710 -1.566624 27.519337
2.651813 -1.553443 27.210366
2.487228 -1.537594 26.905866
2.329763 -1.519508 26.605749
2.179218 -1.499578 26.309924
2.035389 -1.478162 26.018296
1.898063 -1.455588 25.730766
1.767025 -1.432154 25.447238
1.642056 -1.408130 25.167614
1.522936 -1.383759 24.891799
1.409447 -1.359260 24.619699
1.225810 -1.295400 24.298218
0.964516 -1.190823 23.907156
0.740823 -1.107382 23.523812
0.548650 -1.042514 23.147687
0.382809 -0.994027 22.778398
0.238879 -0.960059 22.415645
0.113087 -0.939040 22.059192
0.002212 -0.929658 21.708844
-0.096499 -0.930831 21.364444
-0.185405 -0.941678 21.025860
-0.266529 -0.961499 20.692979
-0.341618 -0.989753 20.365705
-0.412180 -1.026042 20.043956
-0.479532 -1.070097 19.727660
-0.544827 -1.121766 19.416757
-0.609087 -1.181001 19.111198
-0.673225 -1.247854 18.810942
-0.738067 -1.322470 18.515961
-0.804375 -1.405078 18.226236
-0.872854 -1.495992 17.941763
-0.944176 -1.595605 17.662552
-1.018986 -1.704391 17.388625
-1.097916 -1.822904 17.120027
-1.181593 -1.951776 16.856820
-1.270649 -2.091721 16.599092
-1.365731 -2.243541 16.346955
-1.467505 -2.408120 16.100556
-1.576666 -2.586439 15.860076
-1.693944 -2.779573 15.625739
-1.820112 -2.988699 15.397820
-1.955990 -3.215102 15.176648
-2.102455 -3.460182 14.962622
-2.260445 -3.725460 14.756216
-2.430966 -4.012586 14.557998
-2.615101 -4.323345 14.368639
-2.814015 -4.659668 14.188937
-3.028961 -5.023633 14.019832
-3.261288 -5.417478 13.862434
-3.512449 -5.843602 13.718049
-3.784006 -6.304574 13.588213
-4.077635 -6.803127 13.474728
-4.395136 -7.342165 13.379708
-4.738433 -7.924750 13.305626
-5.109577 -8.554096 13.255375
-5.510754 -9.233547 13.232330
-5.944275 -9.966545 13.240423
-6.412574 -10.756591 13.284227
-6.918202 -11.607186 13.369047
-7.463803 -12.521748 13.501019
-8.052097 -13.503506 13.687220
-8.685840 -14.555365 13.935776
-9.367779 -15.679724 14.255982
-10.100586 -16.878251 14.658402
-10.886777 -18.151605 15.154967
-11.728600 -19.499092 15.759040
-12.627899 -20.918244 16.485432
-13.585946 -22.404336 17.350363
-14.603227 -23.949810 18.371305
-15.679198 -25.543643 19.566711
-16.811985 -27.170661 20.955551
-17.998048 -28.810835 22.556632
-19.231810 -30.438628 24.387645
-20.505257 -32.022456 26.463908
-21.807534 -33.524408 28.796774
-23.124583 -34.900330 31.391736
-24.438844 -36.100476 34.246293
-25.729105 -37.070861 37.347721
-26.970546 -37.755470 40.670984
-28.135070 -38.099377 44.177106
-29.191973 -38.052709 47.812393
-30.108995 -37.575213 51.508904
-30.853764 -36.640977 55.186495
-31.395561 -35.242687 58.756593
-31.707298 -33.394688 62.127566
-31.767508 -31.134177 65.211221
-31.562133 -28.520050 67.929664
-31.085865 -25.629320 70.221545
-30.342845 -22.551453 72.046741
-29.346617 -19.381398 73.388762
-28.119318 -16.212306 74.254572
-26.690206 -13.128973 74.672010
-25.093742 -10.202827 74.685375
-23.367435 -7.488901 74.350025
-21.549711 -5.024841 73.726822
-19.678008 -2.831684 72.877150
-17.787213 -0.915899 71.858959
-15.908542 0.727841 70.724040
-14.068839 2.113654 69.516496
-12.290261 3.261591 68.272220
-10.590289 4.195146 67.019145
-8.981969 4.939268 65.777983
-7.474311 5.518866 64.563249
-6.072781 5.957778 63.384365
-5.529475 6.709726 62.543056
-5.035601 7.403003 61.731107
-4.535615 8.010332 60.929360
-4.033063 8.534907 60.141860
-3.531222 8.980368 59.371964
-3.033089 9.350680 58.622346
-2.541381 9.650028 57.895031
-2.058546 9.882731 57.191430
-1.586762 10.053163 56.512389
-1.127951 10.165695 55.858252
-0.683789 10.224645 55.228912
-0.255720 10.234239 54.623882
0.155035 10.198584 54.042347
0.547458 10.121649 53.483230
0.920726 10.007249 52.945242
1.274194 9.859040 52.426940
1.607380 9.680516 51.926767
1.919960 9.475003 51.443103
2.211744 9.245665 50.974295
2.482674 8.995506 50.518698
2.732808 8.727371 50.074696
2.962310 8.443952 49.640732
3.171441 8.147789 49.215323
3.360547 7.841278 48.797080
3.530053 7.526669 48.384716
3.680452 7.206072 47.977057
