1.000000 3.000000
1.050000 2.898975
1.100000 2.797900
1.150000 2.696775
1.200000 2.595600
1.250000 2.494375
1.300000 2.393100
1.350000 2.291775
1.400000 2.190400
1.450000 2.088975
1.500000 1.987500
1.550000 1.885975
1.600000 1.784400
1.650000 1.682775
1.700000 1.581100
1.750000 1.479375
1.800000 1.377600
1.850000 1.275775
1.900000 1.173900
1.950000 1.071975
2.000000 0.970000
2.050000 0.867975
2.100000 0.765900
2.150000 0.663775
2.200000 0.561600
2.250000 0.459375
2.300000 0.357100
2.350000 0.254775
2.400000 0.152400
2.450000 0.049975
2.438579 -0.012686
2.368579 -0.036722
2.298579 -0.060058
2.228579 -0.082694
2.158579 -0.104629
2.088579 -0.125865
2.018579 -0.146401
1.948579 -0.166237
1.878579 -0.185372
1.808579 -0.203808
1.738579 -0.221544
1.668579 -0.238580
1.598579 -0.254916
1.528579 -0.270551
1.458579 -0.285487
1.388579 -0.299723
1.318579 -0.313259
1.248579 -0.326095
1.178579 -0.338230
1.108579 -0.349666
1.038579 -0.360402
0.968579 -0.370438
0.898579 -0.379774
0.828579 -0.388409
0.758579 -0.396345
0.688579 -0.403581
0.618579 -0.410117
0.548579 -0.415952
0.478579 -0.421088
0.408579 -0.425524
0.338579 -0.429260
0.268579 -0.432296
0.198579 -0.434631
0.128579 -0.436267
0.058579 -0.437203
-0.011491 -0.437439
-0.081491 -0.436974
-0.151491 -0.435809
-0.221491 -0.433944
-0.291491 -0.431379
-0.361491 -0.428114
-0.431491 -0.424149
-0.501491 -0.419484
-0.571491 -0.414119
-0.641491 -0.408054
-0.711491 -0.401290
-0.781491 -0.393825
-0.851491 -0.385660
-0.921491 -0.376795
-0.991491 -0.367230
-1.061491 -0.356965
-1.131491 -0.346000
-1.201491 -0.334335
-1.271491 -0.321970
-1.341491 -0.308905
-1.411491 -0.295140
-1.481491 -0.280676
-1.551491 -0.265511
-1.621491 -0.249646
-1.691491 -0.233081
-1.761491 -0.215816
-1.831491 -0.197851
-1.901491 -0.179186
-1.971491 -0.159821
-2.041491 -0.139756
-2.111491 -0.118991
-2.181491 -0.097526
-2.251491 -0.075362
-2.321491 -0.052497
-2.391491 -0.028932
-2.461491 -0.004667
-2.449799 0.204059
-2.418528 0.453137
-2.386780 0.699380
-2.354572 0.942744
-2.321918 1.183189
-2.288832 1.420676
-2.255328 1.655166
-2.221419 1.886623
-2.187119 2.115010
-2.152438 2.340293
-2.117390 2.562438
-2.081984 2.781412
-2.046233 2.997185
-2.010145 3.209724
-1.973732 3.419001
-1.937002 3.624986
-1.899965 3.827652
-1.862630 4.026971
-1.825004 4.222917
-1.787097 4.415464
-1.748915 4.604586
-1.710466 4.790260
-1.671758 4.972462
-1.632796 5.151169
-1.593588 5.326358
-1.554139 5.498008
-1.514456 5.666096
-1.474544 5.830603
-1.434409 5.991507
-1.394056 6.148790
-1.353489 6.302431
-1.312714 6.452412
-1.271734 6.598713
-1.230555 6.741318
-1.189180 6.880207
-1.147612 7.015364
-1.105857 7.146772
-1.063917 7.274413
-1.021795 7.398272
-0.979494 7.518331
-0.937018 7.634575
-0.894369 7.746989
-0.851550 7.855557
-0.808563 7.960263
-0.765411 8.061093
-0.722094 8.158032
-0.678617 8.251065
-0.634979 8.340178
-0.591183 8.425357
-0.547231 8.506587
-0.503123 8.583854
-0.458862 8.657144
-0.414447 8.726444
-0.369880 8.791740
-0.325161 8.853018
-0.280293 8.910265
-0.235273 8.963466
-0.190104 9.012609
-0.144786 9.057680
-0.099318 9.098666
-0.053701 9.135553
-0.007934 9.168328
0.041395 9.090894
0.091395 8.990828
0.141395 8.890711
0.191395 8.790545
0.241395 8.690329
0.291395 8.590062
0.341395 8.489746
0.391395 8.389380
0.441395 8.288963
0.491395 8.188497
0.541395 8.087980
0.591395 7.987414
0.641395 7.886798
0.691395 7.786131
0.741395 7.685415
0.791395 7.584648
0.841395 7.483832
0.891395 7.382966
0.941395 7.282049
0.991395 7.181083
1.041395 7.080066
1.091395 6.979000
1.141395 6.877884
1.191395 6.776717
1.241395 6.675501
1.291395 6.574234
1.341395 6.472918
1.391395 6.371552
1.441395 6.270135
1.491395 6.168669
1.541395 6.067152
1.591395 5.965586
1.641395 5.863970
1.691395 5.762303
1.741395 5.660587
1.791395 5.558820
1.841395 5.457004
1.891395 5.355138
1.941395 5.253221
1.991395 5.151255
2.041395 5.049238
2.091395 4.947172
2.141395 4.845056
2.191395 4.742889
2.241395 4.640673
2.291395 4.538406
2.341395 4.436090
2.391395 4.333724
2.441395 4.231307
2.491395 4.128841
2.541395 4.026325
2.591395 3.923758
2.641395 3.821142
2.691395 3.718475
2.741395 3.615759
2.791395 3.512993
2.841395 3.410176
2.891395 3.307310
2.941395 3.204393
2.991395 3.101427
3.041395 2.998411
3.091395 2.895344
3.141395 2.792228
3.191395 2.689061
3.241395 2.585845
3.291395 2.482579
3.341395 2.379262
3.391395 2.275896
3.441395 2.172479
3.491395 2.069013
3.541395 1.965497
3.591395 1.861930
3.641395 1.758314
3.691395 1.654647
3.741395 1.550931
3.791395 1.447165
3.841395 1.343348
3.891395 1.239482
3.941395 1.135565
3.991395 1.031599
4.041395 0.927583
4.091395 0.823516
4.141395 0.719400
4.191395 0.615233
4.241395 0.511017
4.291395 0.406751
4.341395 0.302434
4.391395 0.198068
4.441395 0.093651
4.479025 -0.004744
4.409025 -0.049184
4.339025 -0.092925
4.269025 -0.135965
4.199025 -0.178305
4.129025 -0.219945
4.059025 -0.260886
3.989025 -0.301126
3.919025 -0.340666
3.849025 -0.379506
3.779025 -0.417647
3.709025 -0.455087
3.639025 -0.491827
3.569025 -0.527867
3.499025 -0.563208
3.429025 -0.597848
3.359025 -0.631788
3.289025 -0.665028
3.219025 -0.697569
3.149025 -0.729409
3.079025 -0.760549
3.009025 -0.790989
2.939025 -0.820730
2.869025 -0.849770
2.799025 -0.878110
2.729025 -0.905750
2.659025 -0.932691
2.589025 -0.958931
2.519025 -0.984471
2.449025 -1.009311
2.379025 -1.033452
2.309025 -1.056892
2.239025 -1.079632
2.169025 -1.101672
2.099025 -1.123013
2.029025 -1.143653
1.959025 -1.163593
1.889025 -1.182833
1.819025 -1.201374
1.749025 -1.219214
1.679025 -1.236354
1.609025 -1.252794
1.539025 -1.268535
1.469025 -1.283575
1.399025 -1.297915
1.329025 -1.311555
1.259025 -1.324496
1.189025 -1.336736
1.119025 -1.348276
1.049025 -1.359116
0.979025 -1.369257
0.909025 -1.378697
0.839025 -1.387437
0.769025 -1.395477
0.699025 -1.402818
0.629025 -1.409458
0.559025 -1.415398
0.489025 -1.420638
0.419025 -1.425179
0.349025 -1.429019
0.279025 -1.432159
0.209025 -1.434599
0.139025 -1.436340
0.069025 -1.437380
-0.001045 -1.437720
-0.071045 -1.437360
-0.141045 -1.436299
-0.211045 -1.434539
-0.281045 -1.432078
-0.351045 -1.428918
-0.421045 -1.425057
-0.491045 -1.420497
-0.561045 -1.415236
-0.631045 -1.409276
-0.701045 -1.402616
-0.771045 -1.395255
-0.841045 -1.387195
-0.911045 -1.378434
-0.981045 -1.368974
-1.051045 -1.358813
-1.121045 -1.347953
-1.191045 -1.336392
-1.261045 -1.324132
-1.331045 -1.311171
-1.401045 -1.297511
-1.471045 -1.283151
-1.541045 -1.268090
-1.611045 -1.252330
-1.681045 -1.235869
-1.751045 -1.218709
-1.821045 -1.200848
-1.891045 -1.182288
-1.961045 -1.163027
-2.031045 -1.143067
-2.101045 -1.122406
-2.171045 -1.101046
-2.241045 -1.078986
-2.311045 -1.056225
-2.381045 -1.032765
-2.451045 -1.008604
-2.521045 -0.983744
-2.591045 -0.958183
-2.661045 -0.931923
-2.731045 -0.904962
-2.801045 -0.877302
-2.871045 -0.848942
-2.941045 -0.819881
-3.011045 -0.790121
-3.081045 -0.759660
-3.151045 -0.728500
-3.221045 -0.696639
-3.291045 -0.664079
-3.361045 -0.630818
-3.431045 -0.596858
-3.501045 -0.562197
-3.571045 -0.526837
-3.641045 -0.490777
-3.711045 -0.454016
-3.781045 -0.416556
-3.851045 -0.378395
-3.921045 -0.339535
-3.991045 -0.299974
-4.061045 -0.259714
-4.131045 -0.218753
-4.201045 -0.177093
-4.271045 -0.134732
-4.341045 -0.091672
-4.411045 -0.047912
-4.481045 -0.003451
-4.394585 0.396610
-4.297117 0.817721
-4.201709 1.230153
-4.108229 1.634087
-4.016554 2.029689
-3.926569 2.417117
-3.838169 2.796519
-3.751257 3.168032
-3.665740 3.531787
-3.581535 3.887905
-3.498562 4.236500
-3.416747 4.577680
-3.336021 4.911547
-3.256320 5.238195
-3.177583 5.557714
-3.099754 5.870187
-3.022780 6.175695
-2.946609 6.474312
-2.871196 6.766107
-2.796496 7.051148
-2.722467 7.329497
-2.649070 7.601211
-2.576267 7.866347
-2.504024 8.124956
-2.432306 8.377087
-2.361081 8.622786
-2.290321 8.862096
-2.219995 9.095057
-2.150078 9.321707
-2.080542 9.542082
-2.011362 9.756215
-1.942516 9.964138
-1.873980 10.165878
-1.805732 10.361463
-1.737752 10.550917
-1.670018 10.734265
-1.602513 10.911527
-1.535216 11.082724
-1.468111 11.247872
-1.401178 11.406989
-1.334402 11.560089
-1.267766 11.707186
-1.201253 11.848291
-1.134848 11.983414
-1.068535 12.112566
-1.002299 12.235753
-0.936126 12.352982
-0.870001 12.464257
-0.803910 12.569583
-0.737838 12.668961
-0.671772 12.762394
-0.605697 12.849880
-0.539600 12.931419
-0.473466 13.007007
-0.407283 13.076641
-0.341037 13.140316
-0.274712 13.198025
-0.208297 13.249762
-0.141776 13.295516
-0.075136 13.335278
-0.008362 13.369036
0.043813 13.285355
0.093813 13.185286
0.143813 13.085167
0.193813 12.984998
0.243813 12.884779
0.293813 12.784511
0.343813 12.684192
0.393813 12.583823
0.443813 12.483404
0.493813 12.382935
0.543813 12.282416
0.593813 12.181848
0.643813 12.081229
0.693813 11.980560
0.743813 11.879841
0.793813 11.779072
0.843813 11.678254
0.893813 11.577385
0.943813 11.476466
0.993813 11.375497
1.043813 11.274478
1.093813 11.173409
1.143813 11.072291
1.193813 10.971122
1.243813 10.869903
1.293813 10.768634
1.343813 10.667315
1.393813 10.565947
1.443813 10.464528
1.493813 10.363059
1.543813 10.261540
1.593813 10.159971
1.643813 10.058353
1.693813 9.956684
1.743813 9.854965
1.793813 9.753196
1.843813 9.651377
1.893813 9.549508
1.943813 9.447590
1.993813 9.345621
2.043813 9.243602
2.093813 9.141533
2.143813 9.039414
2.193813 8.937246
2.243813 8.835027
2.293813 8.732758
2.343813 8.630439
2.393813 8.528070
2.443813 8.425652
2.493813 8.323183
2.543813 8.220664
2.593813 8.118095
2.643813 8.015476
2.693813 7.912807
2.743813 7.810089
2.793813 7.707320
2.843813 7.604501
2.893813 7.501632
2.943813 7.398713
