3.000000 -1.000000
2.860000 -1.058600
2.720000 -1.114400
2.580000 -1.167400
2.440000 -1.217600
2.300000 -1.265000
2.160000 -1.309600
2.020000 -1.351400
1.880000 -1.390400
1.740000 -1.426600
1.600000 -1.460000
1.460000 -1.490600
1.320000 -1.518400
1.180000 -1.543400
1.040000 -1.565600
0.900000 -1.585000
0.760000 -1.601600
0.620000 -1.615400
0.480000 -1.626400
0.340000 -1.634600
0.200000 -1.640000
0.060000 -1.642600
-0.080140 -1.642398
-0.220140 -1.639396
-0.360140 -1.633593
-0.500140 -1.624990
-0.640140 -1.613587
-0.780140 -1.599384
-0.920140 -1.582382
-1.060140 -1.562579
-1.200140 -1.539976
-1.340140 -1.514573
-1.480140 -1.486370
-1.620140 -1.455368
-1.760140 -1.421565
-1.900140 -1.384962
-2.040140 -1.345559
-2.180140 -1.303356
-2.320140 -1.258354
-2.460140 -1.210551
-2.600140 -1.159948
-2.740140 -1.106545
-2.880140 -1.050342
-3.020140 -0.991340
-3.160140 -0.929537
-3.300140 -0.864934
-3.440140 -0.797531
-3.580140 -0.727328
-3.720140 -0.654326
-3.860140 -0.578523
-4.000140 -0.499920
-4.140140 -0.418517
-4.280140 -0.334314
-4.420140 -0.247312
-4.560140 -0.157509
-4.700140 -0.064906
-4.723807 0.290241
-4.503605 1.180537
-4.294049 2.032177
-4.093762 2.846950
-3.901573 3.626417
-3.716480 4.371942
-3.537623 5.084723
-3.364259 5.765816
-3.195741 6.416147
-3.031505 7.036539
-2.871055 7.627716
-2.713955 8.190320
-2.559816 8.724918
-2.408295 9.232011
-2.259081 9.712042
-2.111897 10.165402
-1.966491 10.592432
-1.822634 10.993431
-1.680115 11.368660
-1.538743 11.718342
-1.398336 12.042665
-1.258728 12.341790
-1.119761 12.615846
-0.981285 12.864934
-0.843157 13.089130
-0.705239 13.288483
-0.567396 13.463020
-0.429496 13.612742
-0.291408 13.737628
-0.153001 13.837630
-0.014143 13.912681
0.089976 13.739214
0.189976 13.538934
0.289976 13.338454
0.389976 13.137774
0.489976 12.936894
0.589976 12.735814
0.689976 12.534534
0.789976 12.333054
0.889976 12.131374
0.989976 11.929494
1.089976 11.727414
1.189976 11.525134
1.289976 11.322654
1.389976 11.119974
1.489976 10.917095
1.589976 10.714015
1.689976 10.510735
1.789976 10.307255
1.889976 10.103575
1.989976 9.899695
2.089976 9.695615
2.189976 9.491335
2.289976 9.286855
2.389976 9.082175
2.489976 8.877295
2.589976 8.672215
2.689976 8.466935
2.789976 8.261455
2.889976 8.055775
2.989976 7.849895
3.089976 7.643815
3.189976 7.437535
3.289976 7.231055
3.389976 7.024375
3.489976 6.817496
3.589976 6.610416
3.689976 6.403136
3.789976 6.195656
3.889976 5.987976
3.989976 5.780096
4.089976 5.572016
4.189976 5.363736
4.289976 5.155256
4.389976 4.946576
4.489976 4.737696
4.589976 4.528616
4.689976 4.319336
4.789976 4.109856
4.889976 3.900176
4.989976 3.690296
5.089976 3.480216
5.189976 3.269936
5.289976 3.059456
5.389976 2.848776
5.489976 2.637896
5.589976 2.426817
5.689976 2.215537
5.789976 2.004057
5.889976 1.792377
5.989976 1.580497
6.089976 1.368417
6.189976 1.156137
6.289976 0.943657
6.389976 0.730977
6.489976 0.518097
6.589976 0.305017
6.689976 0.091737
6.653237 -0.076537
6.513237 -0.208202
6.373237 -0.337067
6.233237 -0.463131
6.093237 -0.586396
5.953237 -0.706861
5.813237 -0.824526
5.673237 -0.939390
5.533237 -1.051455
5.393237 -1.160720
5.253237 -1.267185
5.113237 -1.370849
4.973237 -1.471714
4.833237 -1.569779
4.693237 -1.665043
4.553237 -1.757508
4.413237 -1.847173
4.273237 -1.934038
4.133237 -2.018102
3.993237 -2.099367
3.853237 -2.177832
3.713237 -2.253497
3.573237 -2.326361
3.433237 -2.396426
3.293237 -2.463691
3.153237 -2.528156
3.013237 -2.589820
2.873237 -2.648685
2.733237 -2.704750
2.593237 -2.758015
2.453237 -2.808479
2.313237 -2.856144
2.173237 -2.901009
2.033237 -2.943073
1.893237 -2.982338
1.753237 -3.018803
1.613237 -3.052468
1.473237 -3.083332
1.333237 -3.111397
1.193237 -3.136662
1.053237 -3.159127
0.913237 -3.178791
0.773237 -3.195656
0.633237 -3.209721
0.493237 -3.220986
0.353237 -3.229450
0.213237 -3.235115
0.073237 -3.237980
-0.066903 -3.238043
-0.206903 -3.235305
-0.346903 -3.229767
-0.486903 -3.221429
-0.626903 -3.210291
-0.766903 -3.196353
-0.906903 -3.179615
-1.046903 -3.160077
-1.186903 -3.137739
-1.326903 -3.112601
-1.466903 -3.084663
-1.606903 -3.053924
-1.746903 -3.020386
-1.886903 -2.984048
-2.026903 -2.944910
-2.166903 -2.902972
-2.306903 -2.858234
-2.446903 -2.810696
-2.586903 -2.760358
-2.726903 -2.707220
-2.866903 -2.651282
-3.006903 -2.592544
-3.146903 -2.531006
-3.286903 -2.466668
-3.426903 -2.399530
-3.566903 -2.329592
-3.706903 -2.256854
-3.846903 -2.181315
-3.986903 -2.102977
-4.126903 -2.021839
-4.266903 -1.937901
-4.406903 -1.851163
-4.546903 -1.761625
-4.686903 -1.669287
-4.826903 -1.574149
-4.966903 -1.476211
-5.106903 -1.375473
-5.246903 -1.271935
-5.386903 -1.165597
-5.526903 -1.056459
-5.666903 -0.944521
-5.806903 -0.829783
-5.946903 -0.712244
-6.086903 -0.591906
-6.226903 -0.468768
-6.366903 -0.342830
-6.506903 -0.214092
-6.646903 -0.082554
-6.563223 0.481426
