3.000000 -1.000000
2.930000 -1.029650
2.860000 -1.058600
2.790000 -1.086850
2.720000 -1.114400
2.650000 -1.141250
2.580000 -1.167400
2.510000 -1.192850
2.440000 -1.217600
2.370000 -1.241650
2.300000 -1.265000
2.230000 -1.287650
2.160000 -1.309600
2.090000 -1.330850
2.020000 -1.351400
1.950000 -1.371250
1.880000 -1.390400
1.810000 -1.408850
1.740000 -1.426600
1.670000 -1.443650
1.600000 -1.460000
1.530000 -1.475650
1.460000 -1.490600
1.390000 -1.504850
1.320000 -1.518400
1.250000 -1.531250
1.180000 -1.543400
1.110000 -1.554850
1.040000 -1.565600
0.970000 -1.575650
0.900000 -1.585000
0.830000 -1.593650
0.760000 -1.601600
0.690000 -1.608850
0.620000 -1.615400
0.550000 -1.621250
0.480000 -1.626400
0.410000 -1.630850
0.340000 -1.634600
0.270000 -1.637650
0.200000 -1.640000
0.130000 -1.641650
0.060000 -1.642600
-0.010070 -1.642850
-0.080070 -1.642399
-0.150070 -1.641248
-0.220070 -1.639398
-0.290070 -1.636847
-0.360070 -1.633596
-0.430070 -1.629646
-0.500070 -1.624995
-0.570070 -1.619644
-0.640070 -1.613594
-0.710070 -1.606843
-0.780070 -1.599392
-0.850070 -1.591241
-0.920070 -1.582391
-0.990070 -1.572840
-1.060070 -1.562589
-1.130070 -1.551639
-1.200070 -1.539988
-1.270070 -1.527637
-1.340070 -1.514587
-1.410070 -1.500836
-1.480070 -1.486385
-1.550070 -1.471234
-1.620070 -1.455384
-1.690070 -1.438833
-1.760070 -1.421582
-1.830070 -1.403632
-1.900070 -1.384981
-1.970070 -1.365630
-2.040070 -1.345580
-2.110070 -1.324829
-2.180070 -1.303378
-2.250070 -1.281227
-2.320070 -1.258377
-2.390070 -1.234826
-2.460070 -1.210575
-2.530070 -1.185625
-2.600070 -1.159974
-2.670070 -1.133623
-2.740070 -1.106573
-2.810070 -1.078822
-2.880070 -1.050371
-2.950070 -1.021220
-3.020070 -0.991370
-3.090070 -0.960819
-3.160070 -0.929568
-3.230070 -0.897618
-3.300070 -0.864967
-3.370070 -0.831616
-3.440070 -0.797566
-3.510070 -0.762815
-3.580070 -0.727364
-3.650070 -0.691213
-3.720070 -0.654363
-3.790070 -0.616812
-3.860070 -0.578561
-3.930070 -0.539611
-4.000070 -0.499960
-4.070070 -0.459609
-4.140070 -0.418559
-4.210070 -0.376808
-4.280070 -0.334357
-4.350070 -0.291206
-4.420070 -0.247356
-4.490070 -0.202805
-4.560070 -0.157554
-4.630070 -0.111604
-4.700070 -0.064953
-4.770070 -0.017602
-4.723853 0.289734
-4.612325 0.739840
-4.503651 1.180038
-4.397634 1.610577
-4.294096 2.031686
-4.192872 2.443583
-4.093810 2.846468
-3.996770 3.240530
-3.901621 3.625944
-3.808245 4.002875
-3.716530 4.371478
-3.626371 4.731897
-3.537674 5.084268
-3.450348 5.428719
-3.364311 5.765370
-3.279484 6.094331
-3.195794 6.415711
-3.113174 6.729606
-3.031559 7.036112
-2.950890 7.335315
-2.871110 7.627299
-2.792167 7.912140
-2.714011 8.189913
-2.636594 8.460684
-2.559873 8.724520
-2.483806 8.981481
-2.408353 9.231624
-2.333476 9.475002
-2.259140 9.711666
-2.185311 9.941662
-2.111957 10.165036
-2.039047 10.381828
-1.966552 10.592077
-1.894444 10.795819
-1.822696 10.993088
-1.751282 11.183914
-1.680179 11.368328
-1.609361 11.546355
-1.538807 11.718021
-1.468495 11.883347
-1.398402 12.042356
-1.328509 12.195066
-1.258796 12.341493
-1.189242 12.481654
-1.119830 12.615561
-1.050540 12.743227
-0.981355 12.864661
-0.912257 12.979873
-0.843229 13.088870
-0.774252 13.191656
-0.705312 13.288236
-0.636390 13.378613
-0.567470 13.462787
-0.498536 13.540757
-0.429572 13.612522
-0.360560 13.678079
-0.291486 13.737421
-0.222331 13.790544
-0.153080 13.837438
-0.083717 13.878095
-0.014224 13.912503
0.039848 13.839223
0.089848 13.739158
0.139848 13.639044
0.189848 13.538879
0.239848 13.438664
0.289848 13.338399
0.339848 13.238084
0.389848 13.137719
0.439848 13.037304
0.489848 12.936840
0.539848 12.836325
0.589848 12.735760
0.639848 12.635145
0.689848 12.534480
0.739848 12.433765
0.789848 12.333000
0.839848 12.232186
0.889848 12.131321
0.939848 12.030406
0.989848 11.929441
1.039848 11.828426
1.089848 11.727361
1.139848 11.626247
1.189848 11.525082
1.239848 11.423867
1.289848 11.322602
1.339848 11.221287
1.389848 11.119922
1.439848 11.018507
1.489848 10.917043
1.539848 10.815528
1.589848 10.713963
1.639848 10.612348
1.689848 10.510683
1.739848 10.408968
1.789848 10.307204
1.839848 10.205389
1.889848 10.103524
1.939848 10.001609
1.989848 9.899644
2.039848 9.797629
2.089848 9.695564
2.139848 9.593450
2.189848 9.491285
2.239848 9.389070
2.289848 9.286805
2.339848 9.184490
2.389848 9.082125
2.439848 8.979710
2.489848 8.877246
2.539848 8.774731
2.589848 8.672166
2.639848 8.569551
2.689848 8.466886
2.739848 8.364171
2.789848 8.261407
2.839848 8.158592
2.889848 8.055727
2.939848 7.952812
2.989848 7.849847
3.039848 7.746832
3.089848 7.643767
3.139848 7.540653
3.189848 7.437488
3.239848 7.334273
3.289848 7.231008
3.339848 7.127693
3.389848 7.024328
3.439848 6.920914
3.489848 6.817449
3.539848 6.713934
3.589848 6.610369
3.639848 6.506754
3.689848 6.403089
3.739848 6.299374
3.789848 6.195610
3.839848 6.091795
3.889848 5.987930
3.939848 5.884015
3.989848 5.780050
4.039848 5.676035
4.089848 5.571970
4.139848 5.467856
4.189848 5.363691
4.239848 5.259476
4.289848 5.155211
4.339848 5.050896
4.389848 4.946531
4.439848 4.842117
4.489848 4.737652
4.539848 4.633137
4.589848 4.528572
4.639848 4.423957
4.689848 4.319292
4.739848 4.214577
4.789848 4.109813
4.839848 4.004998
4.889848 3.900133
4.939848 3.795218
4.989848 3.690253
5.039848 3.585238
5.089848 3.480174
5.139848 3.375059
5.189848 3.269894
5.239848 3.164679
5.289848 3.059414
5.339848 2.954099
5.389848 2.848734
5.439848 2.743320
5.489848 2.637855
5.539848 2.532340
5.589848 2.426775
5.639848 2.321160
5.689848 2.215495
5.739848 2.109780
5.789848 2.004016
5.839848 1.898201
5.889848 1.792336
5.939848 1.686421
5.989848 1.580456
6.039848 1.474441
6.089848 1.368377
6.139848 1.262262
6.189848 1.156097
6.239848 1.049882
6.289848 0.943617
6.339848 0.837302
6.389848 0.730937
6.439848 0.624523
6.489848 0.518058
6.539848 0.411543
6.589848 0.304978
6.639848 0.198363
6.689848 0.091698
6.723016 -0.009572
6.653016 -0.076452
6.583016 -0.142632
6.513016 -0.208113
6.443016 -0.272893
6.373016 -0.336973
6.303016 -0.400353
6.233016 -0.463033
6.163016 -0.525013
6.093016 -0.586294
6.023016 -0.646874
5.953016 -0.706754
5.883016 -0.765934
5.813016 -0.824414
5.743016 -0.882194
5.673016 -0.939274
5.603016 -0.995655
5.533016 -1.051335
5.463016 -1.106315
5.393016 -1.160595
5.323016 -1.214175
5.253016 -1.267055
5.183016 -1.319236
5.113016 -1.370716
5.043016 -1.421496
4.973016 -1.471576
4.903016 -1.520956
4.833016 -1.569636
4.763016 -1.617617
4.693016 -1.664897
4.623016 -1.711477
4.553016 -1.757357
4.483016 -1.802537
4.413016 -1.847017
4.343016 -1.890797
4.273016 -1.933878
4.203016 -1.976258
4.133016 -2.017938
4.063016 -2.058918
3.993016 -2.099198
3.923016 -2.138778
3.853016 -2.177659
3.783016 -2.215839
3.713016 -2.253319
3.643016 -2.290099
3.573016 -2.326179
3.503016 -2.361559
3.433016 -2.396240
3.363016 -2.430220
3.293016 -2.463500
3.223016 -2.496080
3.153016 -2.527960
3.083016 -2.559140
3.013016 -2.589620
2.943016 -2.619401
2.873016 -2.648481
2.803016 -2.676861
2.733016 -2.704541
2.663016 -2.731521
2.593016 -2.757801
2.523016 -2.783382
2.453016 -2.808262
2.383016 -2.832442
2.313016 -2.855922
2.243016 -2.878702
2.173016 -2.900782
2.103016 -2.922163
2.033016 -2.942843
1.963016 -2.962823
1.893016 -2.982103
1.823016 -3.000683
1.753016 -3.018563
1.683016 -3.035743
1.613016 -3.052224
1.543016 -3.068004
1.473016 -3.083084
1.403016 -3.097464
1.333016 -3.111144
1.263016 -3.124124
1.193016 -3.136405
1.123016 -3.147985
1.053016 -3.158865
0.983016 -3.169045
0.913016 -3.178525
0.843016 -3.187305
0.773016 -3.195386
0.703016 -3.202766
0.633016 -3.209446
0.563016 -3.215426
0.493016 -3.220706
0.423016 -3.225286
0.353016 -3.229167
0.283016 -3.232347
0.213016 -3.234827
0.143016 -3.236607
0.073016 -3.237687
0.003016 -3.238067
-0.067054 -3.237747
-0.137054 -3.236726
-0.207054 -3.235006
-0.277054 -3.232585
-0.347054 -3.229465
-0.417054 -3.225644
-0.487054 -3.221124
-0.557054 -3.215903
-0.627054 -3.209982
-0.697054 -3.203362
-0.767054 -3.196041
-0.837054 -3.188021
-0.907054 -3.179300
-0.977054 -3.169880
-1.047054 -3.159759
-1.117054 -3.148939
-1.187054 -3.137418
-1.257054 -3.125198
-1.327054 -3.112277
-1.397054 -3.098656
-1.467054 -3.084336
-1.537054 -3.069315
-1.607054 -3.053595
-1.677054 -3.037174
-1.747054 -3.020054
-1.817054 -3.002233
-1.887054 -2.983713
-1.957054 -2.964492
-2.027054 -2.944572
-2.097054 -2.923951
-2.167054 -2.902631
-2.237054 -2.880610
-2.307054 -2.857889
-2.377054 -2.834469
-2.447054 -2.810348
-2.517054 -2.785528
-2.587054 -2.760007
-2.657054 -2.733787
-2.727054 -2.706866
-2.797054 -2.679246
-2.867054 -2.650925
-2.937054 -2.621905
-3.007054 -2.592184
-3.077054 -2.561763
-3.147054 -2.530643
-3.217054 -2.498822
-3.287054 -2.466302
-3.357054 -2.433081
-3.427054 -2.399161
-3.497054 -2.364540
-3.567054 -2.329220
-3.637054 -2.293199
-3.707054 -2.256479
-3.777054 -2.219058
-3.847054 -2.180938
-3.917054 -2.142117
-3.987054 -2.102596
-4.057054 -2.062376
-4.127054 -2.021455
-4.197054 -1.979835
-4.267054 -1.937514
-4.337054 -1.894494
-4.407054 -1.850773
-4.477054 -1.806353
-4.547054 -1.761232
-4.617054 -1.715412
-4.687054 -1.668891
-4.757054 -1.621670
-4.827054 -1.573750
-4.897054 -1.525129
-4.967054 -1.475809
-5.037054 -1.425788
-5.107054 -1.375068
-5.177054 -1.323647
-5.247054 -1.271527
-5.317054 -1.218706
-5.387054 -1.165186
-5.457054 -1.110965
-5.527054 -1.056045
-5.597054 -1.000424
-5.667054 -0.944103
-5.737054 -0.887083
-5.807054 -0.829362
-5.877054 -0.770942
-5.947054 -0.711821
-6.017054 -0.652001
-6.087054 -0.591480
-6.157054 -0.530260
-6.227054 -0.468339
-6.297054 -0.405719
-6.367054 -0.342398
-6.437054 -0.278377
-6.507054 -0.213657
-6.577054 -0.148236
-6.647054 -0.082116
-6.717054 -0.015295
-6.561442 0.485390
