3.000000 1.000000
3.050000 0.896975
3.100000 0.793900
3.150000 0.690775
3.200000 0.587600
3.250000 0.484375
3.300000 0.381100
3.350000 0.277775
3.400000 0.174400
3.450000 0.070975
3.462366 -0.011011
3.392366 -0.045285
3.322366 -0.078858
3.252366 -0.111732
3.182366 -0.143906
3.112366 -0.175379
3.042366 -0.206153
2.972366 -0.236227
2.902366 -0.265600
2.832366 -0.294274
2.762366 -0.322248
2.692366 -0.349521
2.622366 -0.376095
2.552366 -0.401969
2.482366 -0.427142
2.412366 -0.451616
2.342366 -0.475390
2.272366 -0.498463
2.202366 -0.520837
2.132366 -0.542511
2.062366 -0.563484
1.992366 -0.583758
1.922366 -0.603332
1.852366 -0.622205
1.782366 -0.640379
1.712366 -0.657852
1.642366 -0.674626
1.572366 -0.690700
1.502366 -0.706073
1.432366 -0.720747
1.362366 -0.734721
1.292366 -0.747994
1.222366 -0.760568
1.152366 -0.772442
1.082366 -0.783615
1.012366 -0.794089
0.942366 -0.803863
0.872366 -0.812936
0.802366 -0.821310
0.732366 -0.828984
0.662366 -0.835957
0.592366 -0.842231
0.522366 -0.847805
0.452366 -0.852678
0.382366 -0.856852
0.312366 -0.860326
0.242366 -0.863099
0.172366 -0.865173
0.102366 -0.866547
0.032366 -0.867220
-0.037704 -0.867194
-0.107704 -0.866467
-0.177704 -0.865040
-0.247704 -0.862912
-0.317704 -0.860085
-0.387704 -0.856558
-0.457704 -0.852331
-0.527704 -0.847404
-0.597704 -0.841777
-0.667704 -0.835450
-0.737704 -0.828423
-0.807704 -0.820696
-0.877704 -0.812269
-0.947704 -0.803142
-1.017704 -0.793315
-1.087704 -0.782788
-1.157704 -0.771561
-1.227704 -0.759634
-1.297704 -0.747007
-1.367704 -0.733680
-1.437704 -0.719653
-1.507704 -0.704926
-1.577704 -0.689499
-1.647704 -0.673372
-1.717704 -0.656545
-1.787704 -0.639018
-1.857704 -0.620791
-1.927704 -0.601864
-1.997704 -0.582236
-2.067704 -0.561909
-2.137704 -0.540882
-2.207704 -0.519155
-2.277704 -0.496728
-2.347704 -0.473601
-2.417704 -0.449774
-2.487704 -0.425247
-2.557704 -0.400020
-2.627704 -0.374093
-2.697704 -0.347466
-2.767704 -0.320139
-2.837704 -0.292112
-2.907704 -0.263385
-2.977704 -0.233958
-3.047704 -0.203831
-3.117704 -0.173004
-3.187704 -0.141477
-3.257704 -0.109250
-3.327704 -0.076323
-3.397704 -0.042696
-3.467704 -0.008369
-3.438642 0.259355
-3.378411 0.596119
-3.318537 0.927479
-3.259002 1.253466
-3.199786 1.574109
-3.140869 1.889437
-3.082235 2.199474
-3.023867 2.504247
-2.965750 2.803778
-2.907868 3.098089
-2.850207 3.387201
-2.792755 3.671132
-2.735497 3.949902
-2.678422 4.223527
-2.621518 4.492023
-2.564775 4.755405
-2.508180 5.013687
-2.451725 5.266882
-2.395399 5.515002
-2.339192 5.758057
-2.283097 5.996060
-2.227104 6.229018
-2.171204 6.456941
-2.115390 6.679837
-2.059654 6.897714
-2.003989 7.110577
-1.948387 7.318434
-1.892840 7.521288
-1.837343 7.719146
-1.781888 7.912011
-1.726469 8.099887
-1.671080 8.282777
-1.615715 8.460682
-1.560366 8.633606
-1.505029 8.801549
-1.449698 8.964511
-1.394366 9.122494
-1.339028 9.275497
-1.283679 9.423519
-1.228313 9.566559
-1.172924 9.704614
-1.117507 9.837684
-1.062057 9.965765
-1.006568 10.088853
-0.951035 10.206946
-0.895452 10.320038
-0.839815 10.428126
-0.784116 10.531203
-0.728352 10.629265
-0.672517 10.722304
-0.616605 10.810315
-0.560610 10.893291
-0.504527 10.971222
-0.448350 11.044103
-0.392074 11.111922
-0.335692 11.174673
-0.279198 11.232344
-0.222587 11.284925
-0.165851 11.332406
-0.108986 11.374774
-0.051983 11.412019
0.004570 11.432444
0.054570 11.332415
0.104570 11.232335
0.154570 11.132205
0.204570 11.032026
0.254570 10.931796
0.304570 10.831517
0.354570 10.731187
0.404570 10.630808
0.454570 10.530378
0.504570 10.429898
0.554570 10.329369
0.604570 10.228789
0.654570 10.128160
0.704570 10.027480
0.754570 9.926751
0.804570 9.825971
0.854570 9.725141
0.904570 9.624262
0.954570 9.523332
1.004570 9.422353
1.054570 9.321323
1.104570 9.220244
1.154570 9.119114
1.204570 9.017934
1.254570 8.916705
1.304570 8.815425
1.354570 8.714096
1.404570 8.612716
1.454570 8.511287
1.504570 8.409807
1.554570 8.308277
1.604570 8.206698
1.654570 8.105068
1.704570 8.003389
1.754570 7.901659
1.804570 7.799880
1.854570 7.698050
1.904570 7.596170
1.954570 7.494241
2.004570 7.392261
2.054570 7.290232
2.104570 7.188152
2.154570 7.086023
2.204570 6.983843
2.254570 6.881613
2.304570 6.779334
2.354570 6.677004
2.404570 6.574625
2.454570 6.472195
2.504570 6.369716
2.554570 6.267186
2.604570 6.164606
2.654570 6.061977
2.704570 5.959297
2.754570 5.856568
2.804570 5.753788
2.854570 5.650959
2.904570 5.548079
2.954570 5.445150
3.004570 5.342170
3.054570 5.239140
3.104570 5.136061
3.154570 5.032931
3.204570 4.929752
3.254570 4.826522
3.304570 4.723243
3.354570 4.619913
3.404570 4.516533
3.454570 4.413104
3.504570 4.309624
3.554570 4.206095
3.604570 4.102515
3.654570 3.998886
3.704570 3.895206
3.754570 3.791476
3.804570 3.687697
3.854570 3.583867
3.904570 3.479988
3.954570 3.376058
4.004570 3.272079
4.054570 3.168049
4.104570 3.063969
4.154570 2.959840
4.204570 2.855660
4.254570 2.751431
4.304570 2.647151
4.354570 2.542822
4.404570 2.438442
4.454570 2.334012
4.504570 2.229533
4.554570 2.125003
4.604570 2.020424
4.654570 1.915794
4.704570 1.811115
4.754570 1.706385
4.804570 1.601605
4.854570 1.496776
4.904570 1.391896
4.954570 1.286967
5.004570 1.181987
5.054570 1.076958
5.104570 0.971878
5.154570 0.866748
5.204570 0.761569
5.254570 0.656339
5.304570 0.551060
5.354570 0.445730
5.404570 0.340351
5.454570 0.234921
5.504570 0.129441
5.554570 0.023912
5.511803 -0.042947
5.441803 -0.097715
5.371803 -0.151784
5.301803 -0.205152
5.231803 -0.257820
5.161803 -0.309788
5.091803 -0.361056
5.021803 -0.411624
4.951803 -0.461492
4.881803 -0.510660
4.811803 -0.559128
4.741803 -0.606896
4.671803 -0.653964
4.601803 -0.700332
4.531803 -0.746000
4.461803 -0.790968
4.391803 -0.835236
4.321803 -0.878804
4.251803 -0.921672
4.181803 -0.963840
4.111803 -1.005308
4.041803 -1.046076
3.971803 -1.086144
3.901803 -1.125512
3.831803 -1.164180
3.761803 -1.202148
3.691803 -1.239416
3.621803 -1.275984
3.551803 -1.311852
3.481803 -1.347020
3.411803 -1.381488
3.341803 -1.415256
3.271803 -1.448324
3.201803 -1.480692
3.131803 -1.512360
3.061803 -1.543328
2.991803 -1.573596
2.921803 -1.603165
2.851803 -1.632033
2.781803 -1.660201
2.711803 -1.687669
2.641803 -1.714437
2.571803 -1.740505
2.501803 -1.765873
2.431803 -1.790541
2.361803 -1.814509
2.291803 -1.837777
2.221803 -1.860345
2.151803 -1.882213
2.081803 -1.903381
2.011803 -1.923849
1.941803 -1.943617
1.871803 -1.962685
1.801803 -1.981053
1.731803 -1.998721
1.661803 -2.015689
1.591803 -2.031957
1.521803 -2.047525
1.451803 -2.062393
1.381803 -2.076561
1.311803 -2.090029
1.241803 -2.102797
1.171803 -2.114865
1.101803 -2.126233
1.031803 -2.136901
0.961803 -2.146869
0.891803 -2.156137
0.821803 -2.164705
0.751803 -2.172573
0.681803 -2.179741
0.611803 -2.186209
0.541803 -2.191977
0.471803 -2.197046
0.401803 -2.201414
0.331803 -2.205082
0.261803 -2.208050
0.191803 -2.210318
0.121803 -2.211886
0.051803 -2.212754
-0.018267 -2.212922
-0.088267 -2.212389
-0.158267 -2.211156
-0.228267 -2.209224
-0.298267 -2.206591
-0.368267 -2.203258
-0.438267 -2.199226
-0.508267 -2.194493
-0.578267 -2.189060
-0.648267 -2.182927
-0.718267 -2.176095
-0.788267 -2.168562
-0.858267 -2.160329
-0.928267 -2.151397
-0.998267 -2.141764
-1.068267 -2.131431
-1.138267 -2.120399
-1.208267 -2.108666
-1.278267 -2.096233
-1.348267 -2.083101
-1.418267 -2.069268
-1.488267 -2.054735
-1.558267 -2.039503
-1.628267 -2.023570
-1.698267 -2.006937
-1.768267 -1.989605
-1.838267 -1.971572
-1.908267 -1.952839
-1.978267 -1.933407
-2.048267 -1.913274
-2.118267 -1.892441
-2.188267 -1.870909
-2.258267 -1.848676
-2.328267 -1.825743
-2.398267 -1.802111
-2.468267 -1.777778
-2.538267 -1.752745
-2.608267 -1.727013
-2.678267 -1.700580
-2.748267 -1.673447
-2.818267 -1.645615
-2.888267 -1.617082
-2.958267 -1.587849
-3.028267 -1.557917
-3.098267 -1.527284
-3.168267 -1.495951
-3.238267 -1.463919
-3.308267 -1.431186
-3.378267 -1.397753
-3.448267 -1.363621
-3.518267 -1.328788
-3.588267 -1.293255
-3.658267 -1.257023
-3.728267 -1.220090
-3.798267 -1.182457
-3.868267 -1.144125
-3.938267 -1.105092
-4.008267 -1.065359
-4.078267 -1.024927
-4.148267 -0.983794
-4.218267 -0.941961
-4.288267 -0.899429
-4.358267 -0.856196
-4.428267 -0.812263
-4.498267 -0.767631
-4.568267 -0.722298
-4.638267 -0.676265
-4.708267 -0.629533
-4.778267 -0.582100
-4.848267 -0.533967
-4.918267 -0.485135
-4.988267 -0.435602
-5.058267 -0.385369
-5.128267 -0.334437
-5.198267 -0.282804
-5.268267 -0.230471
-5.338267 -0.177439
-5.408267 -0.123706
-5.478267 -0.069273
-5.548267 -0.014140
-5.452281 0.392067
-5.304412 0.906078
-5.161712 1.407016
-5.023782 1.895329
-4.890260 2.371429
-4.760817 2.835698
-4.635154 3.288490
-4.512999 3.730131
-4.394102 4.160927
-4.278236 4.581161
-4.165191 4.991095
-4.054775 5.390974
-3.946813 5.781028
-3.841140 6.161469
-3.737606 6.532497
-3.636073 6.894298
-3.536412 7.247046
-3.438502 7.590905
-3.342234 7.926026
-3.247503 8.252553
-3.154215 8.570620
-3.062278 8.880352
-2.971609 9.181868
-2.882129 9.475277
-2.793765 9.760684
-2.706449 10.038186
-2.620114 10.307875
-2.534700 10.569835
-2.450150 10.824147
-2.366409 11.070886
-2.283426 11.310123
-2.201151 11.541924
-2.119541 11.766350
-2.038549 11.983460
-1.958136 12.193306
-1.878260 12.395940
-1.798885 12.591408
-1.719975 12.779753
-1.641493 12.961016
-1.563409 13.135234
-1.485688 13.302441
-1.408301 13.462668
-1.331219 13.615944
-1.254411 13.762296
-1.177851 13.901746
-1.101511 14.034315
-1.025366 14.160024
-0.949389 14.278886
-0.873555 14.390918
-0.797841 14.496130
-0.722221 14.594532
-0.646671 14.686132
-0.571170 14.770934
-0.495692 14.848943
-0.420216 14.920159
-0.344717 14.984581
-0.269174 15.042207
-0.193563 15.093030
-0.117861 15.137045
-0.042046 15.174242
0.022385 15.147312
0.072385 15.047264
0.122385 14.947167
0.172385 14.847020
0.222385 14.746822
0.272385 14.646575
0.322385 14.546278
0.372385 14.445930
0.422385 14.345533
0.472385 14.245085
0.522385 14.144588
0.572385 14.044041
0.622385 13.943443
0.672385 13.842796
0.722385 13.742098
0.772385 13.641351
0.822385 13.540554
0.872385 13.439706
0.922385 13.338809
0.972385 13.237862
1.022385 13.136864
1.072385 13.035817
1.122385 12.934719
1.172385 12.833572
1.222385 12.732375
1.272385 12.631127
1.322385 12.529830
1.372385 12.428482
1.422385 12.327085
1.472385 12.225638
1.522385 12.124140
1.572385 12.022593
1.622385 11.920996
1.672385 11.819348
1.722385 11.717651
1.772385 11.615903
1.822385 11.514106
1.872385 11.412259
1.922385 11.310361
1.972385 11.208414
2.022385 11.106416
2.072385 11.004369
2.122385 10.902272
2.172385 10.800124
2.222385 10.697927
2.272385 10.595680
2.322385 10.493382
2.372385 10.391035
2.422385 10.288637
2.472385 10.186190
2.522385 10.083693
2.572385 9.981145
2.622385 9.878548
2.672385 9.775900
2.722385 9.673203
2.772385 9.570456
2.822385 9.467658
2.872385 9.364811
2.922385 9.261914
2.972385 9.158966
3.022385 9.055969
3.072385 8.952921
3.122385 8.849824
3.172385 8.746677
3.222385 8.643479
3.272385 8.540232
3.322385 8.436934
3.372385 8.333587
3.422385 8.230190
3.472385 8.126742
3.522385 8.023245
3.572385 7.919698
3.622385 7.816100
3.672385 7.712453
3.722385 7.608755
3.772385 7.505008
3.822385 7.401211
3.872385 7.297363
3.922385 7.193466
3.972385 7.089518
4.022385 6.985521
4.072385 6.881474
4.122385 6.777376
4.172385 6.673229
4.222385 6.569032
4.272385 6.464784
4.322385 6.360487
4.372385 6.256139
4.422385 6.151742
4.472385 6.047295
4.522385 5.942797
4.572385 5.838250
4.622385 5.733652
4.672385 5.629005
4.722385 5.524308
4.772385 5.419560
4.822385 5.314763
4.872385 5.209916
4.922385 5.105018
4.972385 5.000071
5.022385 4.895073
5.072385 4.790026
5.122385 4.684929
5.172385 4.579781
5.222385 4.474584
5.272385 4.369336
5.322385 4.264039
5.372385 4.158692
5.422385 4.053294
5.472385 3.947847
5.522385 3.842350
5.572385 3.736802
5.622385 3.631205
5.672385 3.525557
5.722385 3.419860
5.772385 3.314113
5.822385 3.208315
5.872385 3.102468
5.922385 2.996570
5.972385 2.890623
6.022385 2.784626
6.072385 2.678578
6.122385 2.572481
6.172385 2.466334
6.222385 2.360136
6.272385 2.253889
6.322385 2.147591
6.372385 2.041244
6.422385 1.934847
6.472385 1.828399
6.522385 1.721902
6.572385 1.615354
6.622385 1.508757
6.672385 1.402110
6.722385 1.295412
6.772385 1.188665
6.822385 1.081868
6.872385 0.975020
6.922385 0.868123
6.972385 0.761175
7.022385 0.654178
7.072385 0.547131
7.122385 0.440033
7.172385 0.332886
7.222385 0.225688
7.272385 0.118441
7.322385 0.011144
7.264895 -0.065494
7.194895 -0.137793
7.124895 -0.209392
7.054895 -0.280291
6.984895 -0.350490
6.914895 -0.419989
6.844895 -0.488788
6.774895 -0.556887
6.704895 -0.624286
6.634895 -0.690985
6.564895 -0.756984
6.494895 -0.822283
6.424895 -0.886882
6.354895 -0.950780
6.284895 -1.013979
6.214895 -1.076478
6.144895 -1.138277
6.074895 -1.199376
6.004895 -1.259775
5.934895 -1.319474
5.864895 -1.378473
5.794895 -1.436772
5.724895 -1.494371
5.654895 -1.551270
5.584895 -1.607469
5.514895 -1.662968
5.444895 -1.717767
5.374895 -1.771866
5.304895 -1.825265
5.234895 -1.877964
5.164895 -1.929963
5.094895 -1.981261
5.024895 -2.031860
4.954895 -2.081759
4.884895 -2.130958
4.814895 -2.179457
4.744895 -2.227256
4.674895 -2.274355
4.604895 -2.320754
4.534895 -2.366453
4.464895 -2.411452
4.394895 -2.455751
4.324895 -2.499350
4.254895 -2.542249
4.184895 -2.584448
4.114895 -2.625947
4.044895 -2.666746
3.974895 -2.706845
3.904895 -2.746244
3.834895 -2.784943
3.764895 -2.822941
3.694895 -2.860240
3.624895 -2.896839
3.554895 -2.932738
3.484895 -2.967937
3.414895 -3.002436
3.344895 -3.036235
3.274895 -3.069334
3.204895 -3.101733
3.134895 -3.133432
3.064895 -3.164431
2.994895 -3.194730
2.924895 -3.224329
2.854895 -3.253228
2.784895 -3.281427
2.714895 -3.308926
2.644895 -3.335725
2.574895 -3.361824
2.504895 -3.387222
2.434895 -3.411921
2.364895 -3.435920
2.294895 -3.459219
2.224895 -3.481818
2.154895 -3.503717
2.084895 -3.524916
2.014895 -3.545415
1.944895 -3.565214
1.874895 -3.584313
1.804895 -3.602712
1.734895 -3.620411
1.664895 -3.637410
1.594895 -3.653709
1.524895 -3.669308
1.454895 -3.684207
1.384895 -3.698406
1.314895 -3.711905
1.244895 -3.724703
1.174895 -3.736802
1.104895 -3.748201
1.034895 -3.758900
0.964895 -3.768899
0.894895 -3.778198
0.824895 -3.786797
0.754895 -3.794696
0.684895 -3.801895
0.614895 -3.808394
0.544895 -3.814193
0.474895 -3.819292
0.404895 -3.823691
0.334895 -3.827390
0.264895 -3.830389
0.194895 -3.832688
0.124895 -3.834287
0.054895 -3.835186
-0.015175 -3.835384
-0.085175 -3.834883
-0.155175 -3.833681
-0.225175 -3.831779
-0.295175 -3.829177
-0.365175 -3.825876
-0.435175 -3.821874
-0.505175 -3.817172
-0.575175 -3.811770
-0.645175 -3.805669
-0.715175 -3.798867
-0.785175 -3.791365
-0.855175 -3.783163
-0.925175 -3.774262
-0.995175 -3.764660
-1.065175 -3.754358
-1.135175 -3.743356
-1.205175 -3.731655
-1.275175 -3.719253
-1.345175 -3.706151
-1.415175 -3.692349
-1.485175 -3.677848
-1.555175 -3.662646
-1.625175 -3.646744
-1.695175 -3.630142
-1.765175 -3.612841
-1.835175 -3.594839
-1.905175 -3.576137
-1.975175 -3.556735
-2.045175 -3.536634
-2.115175 -3.515832
-2.185175 -3.494330
-2.255175 -3.472128
-2.325175 -3.449226
-2.395175 -3.425625
-2.465175 -3.401323
-2.535175 -3.376321
-2.605175 -3.350619
-2.675175 -3.324218
-2.745175 -3.297116
-2.815175 -3.269314
-2.885175 -3.240812
-2.955175 -3.211611
-3.025175 -3.181709
-3.095175 -3.151107
-3.165175 -3.119805
-3.235175 -3.087804
-3.305175 -3.055102
-3.375175 -3.021700
-3.445175 -2.987598
-3.515175 -2.952797
-3.585175 -2.917295
-3.655175 -2.881093
-3.725175 -2.844191
-3.795175 -2.806590
-3.865175 -2.768288
-3.935175 -2.729286
-4.005175 -2.689584
-4.075175 -2.649183
-4.145175 -2.608081
-4.215175 -2.566279
-4.285175 -2.523777
-4.355175 -2.480576
-4.425175 -2.436674
-4.495175 -2.392072
-4.565175 -2.346770
-4.635175 -2.300769
-4.705175 -2.254067
-4.775175 -2.206665
-4.845175 -2.158563
-4.915175 -2.109762
-4.985175 -2.060260
-5.055175 -2.010058
-5.125175 -1.959156
-5.195175 -1.907555
-5.265175 -1.855253
-5.335175 -1.802251
-5.405175 -1.748549
-5.475175 -1.694148
-5.545175 -1.639046
-5.615175 -1.583244
-5.685175 -1.526742
-5.755175 -1.469541
-5.825175 -1.411639
-5.895175 -1.353037
-5.965175 -1.293735
-6.035175 -1.233734
-6.105175 -1.173032
-6.175175 -1.111630
-6.245175 -1.049528
-6.315175 -0.986727
-6.385175 -0.923225
-6.455175 -0.859023
-6.525175 -0.794121
-6.595175 -0.728519
-6.665175 -0.662218
-6.735175 -0.595216
-6.805175 -0.527514
-6.875175 -0.459112
-6.945175 -0.390011
-7.015175 -0.320209
-7.085175 -0.249707
-7.155175 -0.178505
-7.225175 -0.106604
-7.295175 -0.034002
-7.186451 0.365501
-6.933783 1.030803
-6.694887 1.673995
-6.468406 2.296255
-6.253150 2.898645
-6.048072 3.482127
-5.852247 4.047575
-5.664851 4.595784
-5.485153 5.127479
-5.312501 5.643323
-5.146309 6.143923
-4.986051 6.629837
-4.831254 7.101576
-4.681490 7.559613
-4.536371 8.004384
-4.395547 8.436289
-4.258698 8.855701
-4.125533 9.262965
-3.995784 9.658400
-3.869208 10.042301
-3.745582 10.414946
-3.624699 10.776588
-3.506371 11.127468
-3.390422 11.467806
-3.276691 11.797810
-3.165029 12.117673
-3.055296 12.427574
-2.947363 12.727680
-2.841111 13.018149
-2.736426 13.299127
-2.633205 13.570750
-2.531350 13.833145
-2.430767 14.086431
-2.331371 14.330719
-2.233081 14.566111
-2.135819 14.792704
-2.039513 15.010587
-1.944094 15.219843
-1.849498 15.420549
-1.755662 15.612775
-1.662528 15.796589
-1.570038 15.972050
-1.478139 16.139214
-1.386780 16.298131
-1.295910 16.448849
-1.205482 16.591408
-1.115449 16.725847
-1.025767 16.852200
-0.936391 16.970494
-0.847279 17.080758
-0.758391 17.183011
-0.669684 17.277274
-0.581120 17.363559
-0.492659 17.441878
-0.404261 17.512239
-0.315889 17.574646
-0.227504 17.629099
-0.139068 17.675595
-0.050542 17.714128
0.021573 17.689591
0.071573 17.589545
0.121573 17.489448
0.171573 17.389302
0.221573 17.289105
0.271573 17.188859
0.321573 17.088562
0.371573 16.988215
0.421573 16.887819
0.471573 16.787372
0.521573 16.686876
0.571573 16.586329
0.621573 16.485733
0.671573 16.385086
0.721573 16.284389
0.771573 16.183643
0.821573 16.082846
0.871573 15.982000
0.921573 15.881103
0.971573 15.780156
1.021573 15.679160
1.071573 15.578113
1.121573 15.477017
1.171573 15.375870
1.221573 15.274674
1.271573 15.173427
1.321573 15.072130
1.371573 14.970784
1.421573 14.869387
1.471573 14.767941
1.521573 14.666444
1.571573 14.564898
1.621573 14.463301
1.671573 14.361654
1.721573 14.259958
1.771573 14.158211
1.821573 14.056415
1.871573 13.954568
1.921573 13.852672
1.971573 13.750725
2.021573 13.648728
2.071573 13.546682
2.121573 13.444585
2.171573 13.342439
2.221573 13.240242
2.271573 13.137996
2.321573 13.035699
2.371573 12.933352
2.421573 12.830956
2.471573 12.728509
2.521573 12.626013
2.571573 12.523466
2.621573 12.420870
2.671573 12.318223
2.721573 12.215526
2.771573 12.112780
2.821573 12.009983
2.871573 11.907137
2.921573 11.804240
2.971573 11.701294
3.021573 11.598297
3.071573 11.495250
3.121573 11.392154
3.171573 11.289007
3.221573 11.185811
3.271573 11.082564
3.321573 10.979268
3.371573 10.875921
3.421573 10.772524
3.471573 10.669078
3.521573 10.565581
3.571573 10.462035
3.621573 10.358438
3.671573 10.254792
3.721573 10.151095
3.771573 10.047348
3.821573 9.943552
3.871573 9.839705
3.921573 9.735809
3.971573 9.631862
4.021573 9.527866
4.071573 9.423819
4.121573 9.319722
4.171573 9.215576
