3.000000 3.000000 3.000000
3.034777 3.719067 3.020967
3.134974 4.446891 3.065629
3.295919 5.198128 3.137831
3.514711 5.985995 3.243018
3.789919 6.822494 3.388329
4.121339 7.718515 3.582788
4.509765 8.683794 3.837577
4.956782 9.726710 4.166360
5.464538 10.853881 4.585649
6.035497 12.069529 5.115158
6.672138 13.374548 5.778090
7.376581 14.765244 6.601272
8.150101 16.231700 7.614989
8.992533 17.755763 8.852327
9.901504 19.308741 10.347780
10.871532 20.848982 12.134810
11.892977 22.319740 14.242063
12.950927 23.647946 16.688026
14.024165 24.744802 19.474184
15.084407 25.509285 22.577186
16.096138 25.835601 25.941280
17.017391 25.625109 29.473057
17.801778 24.802036 33.041147
18.401915 23.330618 36.483364
18.774070 21.229560 39.622434
18.883404 18.578871 42.288825
18.708837 15.515263 44.346137
18.246413 12.215405 45.712485
17.510291 8.870509 46.371681
16.531058 5.658892 46.371190
15.351799 2.723611 45.808229
14.022855 0.159946 44.808989
12.596425 -1.986304 43.507144
11.121956 -3.712041 42.026532
9.642868 -5.045485 40.470369
8.194752 -6.033932 38.916915
6.804824 -6.733165 37.420056
3.636466 -6.183305 35.640791
1.287643 -5.836919 34.102251
-0.433914 -5.729308 32.743543
-1.736827 -5.837685 31.522938
-2.773348 -6.141477 30.420445
-3.654305 -6.626565 29.429458
-4.460958 -7.286237 28.552568
-5.253983 -8.120668 27.799910
-6.080032 -9.135670 27.189045
-6.976314 -10.340877 26.745824
-7.973532 -11.747238 26.505903
-9.097366 -13.363461 26.516597
-10.368531 -15.190879 26.838633
-11.801306 -17.216116 27.546968
-13.400293 -19.401122 28.729251
-15.155203 -21.670721 30.479656
-17.033725 -23.899433 32.885062
-18.973268 -25.902038 36.000688
-20.873738 -27.436119 39.814736
-22.595391 -28.227338 44.208098
-23.967202 -28.025072 48.925445
-24.810221 -26.682331 53.582271
-24.975005 -24.231398 57.727066
-24.383128 -20.911534 60.950615
-23.055671 -17.119448 62.997955
-21.113887 -13.297713 63.825950
-18.750315 -9.816527 63.580063
-16.183359 -6.903089 62.513827
-13.614042 -4.635233 60.900128
-11.198021 -2.979083 58.971054
-9.035841 -1.839390 56.894810
-7.177018 -1.101177 54.778954
-5.631317 -0.655618 52.685120
-4.381733 -0.412108 50.644905
-3.396005 -0.301295 48.672350
-2.635375 -0.273397 46.772178
-2.060517 -0.294630 44.944630
-1.635086 -0.343356 43.188021
-1.327507 -0.406654 41.499979
-1.111572 -0.477584 39.877980
-0.966317 -0.553155 38.319553
-0.875515 -0.632887 36.822343
-0.826996 -0.717863 35.384127
-0.811963 -0.810139 34.002810
-0.824354 -0.912411 32.676427
-0.860310 -1.027862 31.403156
-0.917751 -1.160133 30.181334
-0.996056 -1.313377 29.009487
-1.095850 -1.492376 27.886368
-1.218867 -1.702697 26.811023
-1.367901 -1.950900 25.782874
-1.546819 -2.244779 24.801837
-1.760633 -2.593650 23.868501
-2.015636 -3.008679 22.984371
-2.319590 -3.503268 22.152219
-2.681964 -4.093478 21.376589
-3.114226 -4.798486 20.664512
-3.630173 -5.641035 20.026524
-4.246283 -6.647796 19.478115
-4.982046 -7.849512 19.041740
-5.860189 -9.280639 18.749609
-6.906650 -10.978040 18.647423
-8.150045 -12.977971 18.799173
-9.620182 -15.310158 19.292842
-11.344938 -17.987228 20.246197
-13.344500 -20.987356 21.810447
-15.621692 -24.228260 24.167147
-18.147220 -27.533150 27.510135
-20.839865 -30.596017 32.001155
-23.544971 -32.966628 37.689802
-26.020769 -34.090944 44.404702
-27.949130 -33.443372 51.659983
-28.987839 -30.744215 58.662539
-28.864597 -26.164747 64.494484
-27.479220 -20.360074 68.431579
-24.956635 -14.252294 70.212785
-21.613270 -8.685391 70.076506
-17.855452 -4.175161 68.564761
-14.067853 -0.867747 66.263384
-10.540669 1.350999 63.631772
-7.447649 2.713144 60.956295
-4.859995 3.465732 58.380326
-3.341232 4.146858 56.296989
-2.589292 4.917384 54.682818
-1.847794 5.440513 53.130550
-1.137751 5.748460 51.650250
-0.475017 5.874952 50.245166
0.129252 5.853042 48.913349
0.668018 5.713716 47.649343
1.137724 5.485089 46.445717
1.537674 5.192017 45.294308
1.869439 4.855993 44.187132
2.136327 4.495207 43.116992
2.342906 4.124708 42.077800
2.494601 3.756641 41.064711
2.597346 3.400504 40.074089
2.657297 3.063436 39.103387
2.680602 2.750514 38.150971
2.673219 2.465051 37.215924
2.640781 2.208885 36.297855
2.588500 1.982657 35.396737
2.521105 1.786070 34.512760
2.442811 1.618117 33.646223
2.357310 1.477286 32.797458
2.267782 1.361736 31.966767
2.176920 1.269442 31.154396
2.086962 1.198311 30.360511
1.999735 1.146272 29.585200
1.916699 1.111347 28.828468
1.838995 1.091701 28.090251
1.767487 1.085671 27.370423
1.702809 1.091787 26.668808
1.645403 1.108782 25.985192
1.595559 1.135594 25.319335
1.553450 1.171358 24.670978
1.519156 1.215403 24.039853
1.492698 1.267237 23.425691
1.474053 1.326540 22.828228
1.463179 1.393147 22.247211
1.460031 1.467042 21.682403
1.464572 1.548345 21.133587
1.476785 1.637305 20.600573
1.496687 1.734288 20.083201
1.524331 1.839778 19.581348
1.559818 1.954364 19.094931
1.603300 2.078747 18.623918
1.654987 2.213728 18.168330
1.715150 2.360218 17.728255
1.784124 2.519232 17.303853
1.862319 2.691891 16.895373
1.950212 2.879431 16.503164
2.048361 3.083196 16.127691
2.157405 3.304649 15.769556
2.278065 3.545370 15.429520
2.411151 3.807054 15.108529
2.557561 4.091517 14.807747
2.718288 4.400683 14.528587
2.894418 4.736579 14.272758
3.087129 5.101315 14.042311
3.297694 5.497068 13.839690
3.527471 5.926034 13.667797
3.777898 6.390390 13.530055
4.050480 6.892216 13.430486
4.346767 7.433405 13.373783
4.668330 8.015545 13.365391
5.016719 8.639755 13.411581
5.393412 9.306487 13.519510
5.799749 10.015273 13.697267
6.236839 10.764423 13.953869
6.705453 11.550653 14.299215
7.205880 12.368660 14.743940
7.737762 13.210647 15.299166
8.299891 14.065817 15.976094
8.889981 14.919878 16.785399
9.504417 15.754609 17.736403
10.137993 16.547591 18.835988
10.783657 17.272200 20.087264
11.432309 17.898010 21.488039
12.072670 18.391745 23.029194
12.691293 18.718895 24.693175
13.272757 18.846055 26.452856
13.800104 18.743918 28.271126
14.255535 18.390678 30.101525
14.621371 17.775435 31.890188
14.881226 16.901015 33.579152
15.021276 15.785590 35.110814
15.031488 14.462566 36.432988
14.906622 12.978513 37.503791
14.646858 11.389292 38.295502
14.257918 9.754956 38.796693
13.750676 8.134275 39.012284
13.140298 6.579805 38.961626
12.445051 5.134213 38.675108
11.684960 3.828257 38.190016
10.880473 2.680432 37.546391
10.051296 1.697965 36.783483
9.215475 0.878718 35.937123
8.388777 0.213505 35.038137
7.584349 -0.311583 34.111659
6.812618 -0.713103 33.177179
6.081386 -1.008597 32.249047
5.396046 -1.215362 31.337239
4.759878 -1.349618 30.448215
4.174382 -1.426031 29.585734
3.639601 -1.457469 28.751585
3.154442 -1.454965 27.946187
2.716951 -1.427780 27.169060
2.324559 -1.383548 26.419184
1.974286 -1.328454 25.695250
1.662911 -1.267425 24.995836
1.387102 -1.204317 24.319520
1.143523 -1.142089 23.664949
0.617292 -0.928870 22.730241
0.255913 -0.815628 21.835345
0.000476 -0.776936 20.978226
-0.190704 -0.795373 20.156426
-0.345834 -0.860661 19.368279
-0.484427 -0.967798 18.612569
-0.620549 -1.115826 17.888404
-0.765022 -1.307057 17.195211
-0.926963 -1.546670 16.532794
-1.114879 -1.842578 15.901466
-1.337488 -2.205537 15.302247
-1.604398 -2.649424 14.737174
-1.926708 -3.191705 14.209769
-2.317594 -3.854038 13.725736
-2.792914 -4.662996 13.293997
-3.371858 -5.650856 12.928238
-4.077619 -6.856317 12.649192
-4.938048 -8.324914 12.487977
-5.986160 -10.108634 12.490895
-7.260231 -12.263835 12.726144
-8.802983 -14.845897 13.292764
-10.658982 -17.897968 14.331528
-12.868742 -21.429832 16.035885
-15.457332 -25.381962 18.657403
-18.414651 -29.571220 22.493510
-21.665290 -33.623232 27.836138
-25.030167 -36.919084 34.855001
-28.192933 -38.621517 43.408233
-30.700905 -37.869980 52.843352
-32.039276 -34.169220 61.959712
-31.790231 -27.793194 69.319590
-29.815577 -19.849214 73.851276
-26.343588 -11.828739 75.330827
-21.888323 -4.952846 74.352936
-17.057296 0.198954 71.879387
-12.372044 3.631735 68.777960
-8.179237 5.667471 65.612040
-5.663919 7.308971 63.037332
-4.346363 8.932180 60.976753
-3.026221 10.017795 59.027554
-1.751683 10.633879 57.231483
-0.559557 10.853691 55.603975
0.523788 10.748899 54.140110
1.481079 10.385967 52.821250
2.302693 9.824729 51.621150
2.985289 9.118176 50.510943
3.530564 8.312774 49.462839
3.944179 7.448866 48.452563
4.234811 6.560999 47.460711
4.413328 5.678139 46.473217
4.492058 4.823831 45.481161
4.484139 4.016392 44.480130
4.402963 3.269184 43.469329
4.261692 2.591016 42.450608
4.072876 1.986658 41.427524
3.848152 1.457448 40.404533
3.598039 1.001939 39.386345
3.331807 0.616555 38.377457
3.057427 0.296200 37.381855
2.781575 0.034809 36.402855
2.509687 -0.174197 35.443051
2.246045 -0.337533 34.504337
1.993890 -0.461771 33.587985
1.755547 -0.553135 32.694732
1.532546 -0.617369 31.824887
1.325754 -0.659654 30.978428
1.135491 -0.684578 30.155092
0.961637 -0.696138 29.354443
0.803734 -0.697755 28.575938
0.604379 -0.662684 27.728942
0.308072 -0.568577 26.638980
0.100768 -0.522033 25.593393
-0.049415 -0.512222 24.589752
-0.164420 -0.532014 23.626134
-0.259478 -0.577195 22.700900
-0.345374 -0.645858 21.812602
-0.430043 -0.737982 20.959948
-0.519687 -0.855160 20.141802
-0.619572 -1.000471 19.357205
-0.734620 -1.178458 18.605419
-0.869853 -1.395218 17.885993
-1.030774 -1.658587 17.198873
-1.223706 -1.978417 16.544554
-1.456134 -2.366957 15.924317
-1.737060 -2.839329 15.340580
-2.077411 -3.414111 14.797411
-2.490496 -4.114019 14.301305
-2.992531 -4.966663 13.862320
-3.603222 -6.005314 13.495774
-4.346385 -7.269534 13.224715
-5.250512 -8.805381 13.083519
-6.349147 -10.664627 13.122996
-7.680747 -12.901968 13.417416
-9.287461 -15.568484 14.073622
-11.211835 -18.698505 15.241637
-13.489854 -22.285825 17.124150
-16.138005 -26.244695 19.978171
-19.131765 -30.353732 24.095077
-22.374242 -34.191918 29.736907
-25.659189 -37.101230 37.006129
-28.644554 -38.246079 45.654495
-30.868270 -36.848210 54.915488
-31.840279 -32.582349 63.539082
-31.207620 -25.911447 70.171356
-28.916862 -18.032772 73.940175
-25.262033 -10.369695 74.820646
-20.775733 -3.978737 73.496295
-16.039059 0.711805 70.898308
-11.525451 3.786241 67.809020
-7.534726 5.580929 64.712521
-5.331760 7.158587 62.275661
-4.067032 8.645144 60.269911
-2.805909 9.630637 58.374164
-1.592661 10.179867 56.623729
-0.460918 10.361771 55.030596
0.565400 10.243505 53.588935
1.470816 9.887280 52.281052
2.246950 9.349079 51.082822
2.891234 8.678431 49.968069
3.405754 7.918651 48.911792
3.796234 7.107186 47.892265
4.071145 6.275918 46.892170
4.240925 5.451393 45.898960
4.317297 4.655034 44.904653
4.312668 3.903367 43.905239
4.239611 3.208345 42.899886
4.110436 2.577755 41.890087
3.936843 2.015725 40.878837
3.729654 1.523292 39.869932
3.498637 1.099006 38.867407
3.252395 0.739514 37.875136
2.998325 0.440119 36.896564
2.742626 0.195264 35.934570
2.490355 -0.001058 34.991416
2.245508 -0.154970 34.068768
2.011123 -0.272462 33.167747
1.789393 -0.359205 32.289014
1.581782 -0.420436 31.432851
1.389142 -0.460884 30.599250
1.211818 -0.484739 29.787981
1.049752 -0.495652 28.998661
0.902568 -0.496753 28.230804
0.769651 -0.490688 27.483861
0.650215 -0.479660 26.757248
0.543361 -0.465475 26.050372
0.444786 -0.447879 25.355159
0.237587 -0.370173 24.359630
0.095004 -0.329479 23.403921
-0.006500 -0.316376 22.486109
-0.082856 -0.324750 21.604562
-0.144942 -0.350963 20.757816
-0.200341 -0.393247 19.944522
-0.254545 -0.451296 19.163428
-0.311788 -0.526011 18.413374
-0.375630 -0.619366 17.693303
-0.449374 -0.734371 17.002271
-0.536390 -0.875120 16.339484
-0.640374 -1.046916 15.704337
-0.765593 -1.256471 15.096482
-0.917115 -1.512173 14.515935
-1.101075 -1.824449 13.963227
-1.324960 -2.206212 13.439636
-1.597961 -2.673416 12.947540
-1.931380 -3.245725 12.490948
-2.339116 -3.947302 12.076290
-2.838248 -4.807686 11.713618
-3.449680 -5.862726 11.418397
-4.198867 -7.155389 11.214175
-5.116498 -8.736176 11.136506
-6.239018 -10.662511 11.238630
-7.608614 -12.995986 11.599416
-9.272067 -15.795462 12.333898
-11.277316 -19.102676 13.605867
-13.665885 -22.915453 15.639716
-16.458394 -27.142679 18.723755
-19.629896 -31.538185 23.188443
-23.073268 -35.624026 29.332073
-26.555575 -38.645749 37.264956
-29.687356 -39.648179 46.679521
-31.944436 -37.769285 56.656663
-32.783282 -32.721452 65.736876
-31.840077 -25.160868 72.416997
-29.111771 -16.543468 75.849285
-24.984876 -8.460623 76.193240
-20.081970 -1.972961 74.345595
-15.037305 2.595919 71.366183
-10.335408 5.449747 68.064014
-6.621663 7.207846 65.016847
-5.201457 9.252660 62.824616
-3.752824 10.666761 60.731109
-2.335112 11.522646 58.800266
-0.994547 11.902727 57.061648
0.234953 11.889505 55.516946
1.330317 11.560191 54.148146
2.277667 10.984524 52.925439
3.070701 10.224447 51.813924
3.709252 9.334576 50.778747
4.198039 8.362814 49.788644
4.545583 7.350784 48.818067
4.763260 6.334039 47.848121
4.864456 5.342111 46.866557
4.863805 4.398546 45.867111
4.776501 3.521046 44.848428
4.617709 2.721767 43.812809
4.402057 2.007823 42.764965
4.143239 1.381937 41.710902
3.853726 0.843208 40.657024
3.544572 0.387903 39.609470
3.225317 0.010241 38.573690
2.903976 -0.296909 37.554212
2.587079 -0.541419 36.554567
2.279772 -0.731416 35.577326
1.985941 -0.874898 34.624200
1.708358 -0.979472 33.696175
1.448834 -1.052166 32.793659
1.208372 -1.099329 31.916621
0.787033 -1.020910 30.825936
0.359988 -0.917954 29.611910
0.054618 -0.873697 28.449068
-0.171668 -0.877313 27.334116
-0.348875 -0.921508 26.264656
-0.498303 -1.002068 25.238816
-0.635366 -1.117427 24.255085
-0.771636 -1.268344 23.312257
-0.916314 -1.457686 22.409439
-1.077316 -1.690344 21.546115
-1.262077 -1.973262 20.722255
-1.478193 -2.315590 19.938482
-1.733944 -2.728944 19.196329
-2.038783 -3.227768 18.498613
-2.403788 -3.829803 17.849978
-2.842146 -4.556624 17.257699
-3.369643 -5.434218 16.732840
-4.005178 -6.493516 16.291934
-4.771261 -7.770709 15.959391
-5.694397 -9.307029 15.770902
-6.805209 -11.147438 15.778126
-8.137965 -13.337228 16.054893
-9.728955 -15.914940 16.704829
-11.612825 -18.899171 17.869448
-13.815449 -22.266097 19.733855
-16.341554 -25.914788 22.523569
-19.155299 -29.620822 26.480562
-22.153791 -32.989089 31.801531
-25.138516 -35.437013 38.524785
-27.799286 -36.263030 46.379453
-29.735627 -34.850849 54.671576
-30.538390 -30.979644 62.340313
-29.923164 -25.064262 68.271008
-27.854962 -18.094687 71.743948
-24.582493 -11.243883 72.709987
-20.552868 -5.411649 71.694274
-16.261954 -1.005048 69.452260
-12.125974 1.995990 66.653934
-8.420730 3.844578 63.744573
-5.282166 4.856239 60.954060
-4.052109 6.144377 59.003991
-3.030353 7.145157 57.218963
-2.028274 7.788198 55.527116
-1.075674 8.123072 53.944587
-0.194702 8.200719 52.474550
0.599377 8.070155 51.110672
1.297239 7.776614 49.840582
1.894535 7.360691 48.648903
2.390953 6.858077 47.519624
2.789372 6.299607 46.437781
3.095107 5.711463 45.390508
3.315239 5.115421 44.367543
3.458051 4.529135 43.361343
3.532525 3.966439 42.366899
3.547937 3.437681 41.381383
