-1.000000 3.000000
-0.979801 3.119094
-0.959212 3.236353
-0.938240 3.351741
-0.916894 3.465225
-0.895184 3.576771
-0.873116 3.686347
-0.850700 3.793921
-0.827942 3.899463
-0.804853 4.002941
-0.781438 4.104326
-0.757705 4.203590
-0.733663 4.300704
-0.709318 4.395640
-0.684678 4.488372
-0.659749 4.578874
-0.634539 4.667119
-0.609054 4.753082
-0.583301 4.836740
-0.557286 4.918069
-0.531016 4.997044
-0.504498 5.073644
-0.477737 5.147846
-0.450739 5.219630
-0.423511 5.288973
-0.396058 5.355855
-0.368385 5.420256
-0.340500 5.482158
-0.312406 5.541540
-0.284110 5.598385
-0.255617 5.652674
-0.226932 5.704390
-0.198060 5.753516
-0.169006 5.800035
-0.139775 5.843932
-0.110373 5.885190
-0.080803 5.923794
-0.051071 5.959730
-0.021182 5.992982
0.014752 5.985406
0.064752 5.885366
0.114752 5.785276
0.164752 5.685137
0.214752 5.584947
0.264752 5.484707
0.314752 5.384417
0.364752 5.284077
0.414752 5.183688
0.464752 5.083248
0.514752 4.982758
0.564752 4.882218
0.614752 4.781629
0.664752 4.680989
0.714752 4.580299
0.764752 4.479559
0.814752 4.378770
0.864752 4.277930
0.914752 4.177040
0.964752 4.076100
1.014752 3.975111
1.064752 3.874071
1.114752 3.772981
1.164752 3.671841
1.214752 3.570652
1.264752 3.469412
1.314752 3.368122
1.364752 3.266782
1.414752 3.165393
1.464752 3.063953
1.514752 2.962463
1.564752 2.860923
1.614752 2.759334
1.664752 2.657694
1.714752 2.556004
1.764752 2.454264
1.814752 2.352475
1.864752 2.250635
1.914752 2.148745
1.964752 2.046805
2.014752 1.944816
2.064752 1.842776
2.114752 1.740686
2.164752 1.638546
2.214752 1.536357
2.264752 1.434117
2.314752 1.331827
2.364752 1.229487
2.414752 1.127098
2.464752 1.024658
2.514752 0.922168
2.564752 0.819628
2.614752 0.717039
2.664752 0.614399
2.714752 0.511709
2.764752 0.408969
2.814752 0.306180
2.864752 0.203340
2.914752 0.100450
2.961901 -0.000819
2.891901 -0.030088
2.821901 -0.058657
2.751901 -0.086526
2.681901 -0.113695
2.611901 -0.140164
2.541901 -0.165933
2.471901 -0.191002
2.401901 -0.215371
2.331901 -0.239040
2.261901 -0.262009
2.191901 -0.284278
2.121901 -0.305847
2.051901 -0.326716
1.981901 -0.346885
1.911901 -0.366354
1.841901 -0.385123
1.771901 -0.403192
1.701901 -0.420561
1.631901 -0.437230
1.561901 -0.453199
1.491901 -0.468468
1.421901 -0.483037
1.351901 -0.496906
1.281901 -0.510075
1.211901 -0.522544
1.141901 -0.534313
1.071901 -0.545382
1.001901 -0.555751
0.931901 -0.565420
0.861901 -0.574389
0.791901 -0.582659
0.721901 -0.590228
0.651901 -0.597097
0.581901 -0.603266
0.511901 -0.608735
0.441901 -0.613504
0.371901 -0.617573
0.301901 -0.620942
0.231901 -0.623611
0.161901 -0.625580
0.091901 -0.626849
0.021901 -0.627418
-0.048169 -0.627286
-0.118169 -0.626454
-0.188169 -0.624923
-0.258169 -0.622691
-0.328169 -0.619759
-0.398169 -0.616128
-0.468169 -0.611796
-0.538169 -0.606764
-0.608169 -0.601033
-0.678169 -0.594601
-0.748169 -0.587469
-0.818169 -0.579637
-0.888169 -0.571106
-0.958169 -0.561874
-1.028169 -0.551942
-1.098169 -0.541311
-1.168169 -0.529979
-1.238169 -0.517947
-1.308169 -0.505216
-1.378169 -0.491784
-1.448169 -0.477652
-1.518169 -0.462820
-1.588169 -0.447289
-1.658169 -0.431057
-1.728169 -0.414125
-1.798169 -0.396494
-1.868169 -0.378162
-1.938169 -0.359130
-2.008169 -0.339399
-2.078169 -0.318967
-2.148169 -0.297835
-2.218169 -0.276004
-2.288169 -0.253472
-2.358169 -0.230240
-2.428169 -0.206308
-2.498169 -0.181677
-2.568169 -0.156345
-2.638169 -0.130313
-2.708169 -0.103582
-2.778169 -0.076150
-2.848169 -0.048018
-2.918169 -0.019187
-2.948627 0.102947
-2.904551 0.396341
-2.860301 0.685761
-2.815882 0.971190
-2.771299 1.252614
-2.726556 1.530019
-2.681659 1.803390
-2.636611 2.072713
-2.591416 2.337975
-2.546078 2.599164
-2.500600 2.856265
-2.454986 3.109268
-2.409239 3.358159
-2.363361 3.602927
-2.317356 3.843560
-2.271225 4.080047
-2.224971 4.312377
-2.178597 4.540538
-2.132104 4.764521
-2.085494 4.984313
-2.038768 5.199906
-1.991929 5.411288
-1.944978 5.618450
-1.897916 5.821381
-1.850744 6.020071
-1.803463 6.214512
-1.756074 6.404692
-1.708578 6.590602
-1.660976 6.772232
-1.613268 6.949574
-1.565454 7.122618
-1.517535 7.291353
-1.469511 7.455771
-1.421383 7.615862
-1.373150 7.771616
-1.324811 7.923026
-1.276368 8.070079
-1.227819 8.212769
-1.179165 8.351084
-1.130404 8.485015
-1.081536 8.614553
-1.032561 8.739688
-0.983477 8.860411
-0.934284 8.976711
-0.884981 9.088579
-0.835566 9.196004
-0.786039 9.298977
-0.736397 9.397488
-0.686641 9.491525
-0.636767 9.581079
-0.586774 9.666140
-0.536662 9.746695
-0.486427 9.822735
-0.436068 9.894248
-0.385582 9.961224
-0.334968 10.023649
-0.284223 10.081514
-0.233344 10.134805
-0.182329 10.183512
-0.131176 10.227620
-0.079880 10.267119
-0.028439 10.301995
0.022470 10.274438
0.072470 10.174390
0.122470 10.074293
0.172470 9.974145
0.222470 9.873948
0.272470 9.773701
0.322470 9.673403
0.372470 9.573056
0.422470 9.472658
0.472470 9.372211
0.522470 9.271713
0.572470 9.171166
0.622470 9.070568
0.672470 8.969921
0.722470 8.869223
0.772470 8.768476
0.822470 8.667678
0.872470 8.566831
0.922470 8.465933
0.972470 8.364986
1.022470 8.263989
1.072470 8.162941
1.122470 8.061844
1.172470 7.960696
1.222470 7.859499
1.272470 7.758251
1.322470 7.656954
1.372470 7.555606
1.422470 7.454209
1.472470 7.352761
1.522470 7.251264
1.572470 7.149716
1.622470 7.048119
1.672470 6.946471
1.722470 6.844774
1.772470 6.743026
1.822470 6.641229
1.872470 6.539382
1.922470 6.437484
1.972470 6.335537
2.022470 6.233539
2.072470 6.131492
2.122470 6.029394
2.172470 5.927247
2.222470 5.825049
2.272470 5.722802
2.322470 5.620504
2.372470 5.518157
2.422470 5.415759
2.472470 5.313312
2.522470 5.210814
2.572470 5.108267
2.622470 5.005669
2.672470 4.903022
2.722470 4.800325
2.772470 4.697577
2.822470 4.594780
2.872470 4.491932
2.922470 4.389035
2.972470 4.286087
3.022470 4.183090
3.072470 4.080042
3.122470 3.976945
3.172470 3.873797
3.222470 3.770600
3.272470 3.667352
3.322470 3.564055
3.372470 3.460707
3.422470 3.357310
3.472470 3.253862
3.522470 3.150365
3.572470 3.046818
3.622470 2.943220
3.672470 2.839573
3.722470 2.735875
3.772470 2.632128
3.822470 2.528330
3.872470 2.424483
3.922470 2.320585
3.972470 2.216638
4.022470 2.112640
4.072470 2.008593
4.122470 1.904495
4.172470 1.800348
4.222470 1.696150
4.272470 1.591903
4.322470 1.487605
4.372470 1.383258
4.422470 1.278861
4.472470 1.174413
4.522470 1.069916
4.572470 0.965368
4.622470 0.860771
4.672470 0.756123
4.722470 0.651426
4.772470 0.546678
4.822470 0.441881
4.872470 0.337033
4.922470 0.232136
4.972470 0.127188
5.022470 0.022191
4.977874 -0.039584
4.907874 -0.089013
4.837874 -0.137741
4.767874 -0.185770
4.697874 -0.233099
4.627874 -0.279728
4.557874 -0.325656
4.487874 -0.370885
4.417874 -0.415414
4.347874 -0.459243
4.277874 -0.502371
4.207874 -0.544800
4.137874 -0.586529
4.067874 -0.627558
3.997874 -0.667886
3.927874 -0.707515
3.857874 -0.746444
3.787874 -0.784673
3.717874 -0.822201
3.647874 -0.859030
3.577874 -0.895159
3.507874 -0.930588
3.437874 -0.965316
3.367874 -0.999345
3.297874 -1.032674
3.227874 -1.065303
3.157874 -1.097231
3.087874 -1.128460
3.017874 -1.158989
2.947874 -1.188817
2.877874 -1.217946
2.807874 -1.246375
2.737874 -1.274104
2.667874 -1.301132
2.597874 -1.327461
2.527874 -1.353090
2.457874 -1.378019
2.387874 -1.402247
2.317874 -1.425776
2.247874 -1.448605
2.177874 -1.470734
2.107874 -1.492162
2.037874 -1.512891
1.967874 -1.532920
1.897874 -1.552249
1.827874 -1.570877
1.757874 -1.588806
1.687874 -1.606035
1.617874 -1.622564
1.547874 -1.638392
1.477874 -1.653521
1.407874 -1.667950
1.337874 -1.681679
1.267874 -1.694707
1.197874 -1.707036
1.127874 -1.718665
1.057874 -1.729594
0.987874 -1.739822
0.917874 -1.749351
0.847874 -1.758180
0.777874 -1.766309
0.707874 -1.773737
0.637874 -1.780466
0.567874 -1.786495
0.497874 -1.791823
0.427874 -1.796452
0.357874 -1.800381
0.287874 -1.803610
0.217874 -1.806138
0.147874 -1.807967
0.077874 -1.809096
0.007874 -1.809525
-0.062196 -1.809253
-0.132196 -1.808281
-0.202196 -1.806609
-0.272196 -1.804237
-0.342196 -1.801165
-0.412196 -1.797393
-0.482196 -1.792921
-0.552196 -1.787749
-0.622196 -1.781877
-0.692196 -1.775305
-0.762196 -1.768033
-0.832196 -1.760061
-0.902196 -1.751389
-0.972196 -1.742017
-1.042196 -1.731945
-1.112196 -1.721173
-1.182196 -1.709701
-1.252196 -1.697530
-1.322196 -1.684658
-1.392196 -1.671086
-1.462196 -1.656814
-1.532196 -1.641842
-1.602196 -1.626170
-1.672196 -1.609798
-1.742196 -1.592726
-1.812196 -1.574954
-1.882196 -1.556482
-1.952196 -1.537310
-2.022196 -1.517438
-2.092196 -1.496866
-2.162196 -1.475594
-2.232196 -1.453622
-2.302196 -1.430950
-2.372196 -1.407578
-2.442196 -1.383506
-2.512196 -1.358734
-2.582196 -1.333262
-2.652196 -1.307090
-2.722196 -1.280218
-2.792196 -1.252646
-2.862196 -1.224375
-2.932196 -1.195403
-3.002196 -1.165731
-3.072196 -1.135359
-3.142196 -1.104287
-3.212196 -1.072515
-3.282196 -1.040043
-3.352196 -1.006871
-3.422196 -0.972999
-3.492196 -0.938427
-3.562196 -0.903155
-3.632196 -0.867183
-3.702196 -0.830511
-3.772196 -0.793139
-3.842196 -0.755067
-3.912196 -0.716295
-3.982196 -0.676823
-4.052196 -0.636651
-4.122196 -0.595779
-4.192196 -0.554207
-4.262196 -0.511935
-4.332196 -0.468963
-4.402196 -0.425291
-4.472196 -0.380919
-4.542196 -0.335848
-4.612196 -0.290076
-4.682196 -0.243604
-4.752196 -0.196432
-4.822196 -0.148560
-4.892196 -0.099988
-4.962196 -0.050716
-5.032196 -0.000744
-4.910377 0.470431
-4.789259 0.936888
-4.671554 1.392600
-4.557021 1.837863
-4.445440 2.272953
-4.336608 2.698125
-4.230338 3.113619
-4.126459 3.519658
-4.024814 3.916449
-3.925257 4.304187
-3.827653 4.683054
