1.000000 1.000000
1.050000 0.898975
1.100000 0.797900
1.150000 0.696775
1.200000 0.595600
1.250000 0.494375
1.300000 0.393100
1.350000 0.291775
1.400000 0.190400
1.450000 0.088975
1.485271 -0.001936
1.415271 -0.016439
1.345271 -0.030241
1.275271 -0.043344
1.205271 -0.055747
1.135271 -0.067450
1.065271 -0.078452
0.995271 -0.088755
0.925271 -0.098358
0.855271 -0.107260
0.785271 -0.115463
0.715271 -0.122966
0.645271 -0.129769
0.575271 -0.135871
0.505271 -0.141274
0.435271 -0.145977
0.365271 -0.149979
0.295271 -0.153282
0.225271 -0.155885
0.155271 -0.157788
0.085271 -0.158990
0.015271 -0.159493
-0.054799 -0.159295
-0.124799 -0.158397
-0.194799 -0.156799
-0.264799 -0.154501
-0.334799 -0.151503
-0.404799 -0.147805
-0.474799 -0.143407
-0.544799 -0.138309
-0.614799 -0.132511
-0.684799 -0.126013
-0.754799 -0.118815
-0.824799 -0.110917
-0.894799 -0.102319
-0.964799 -0.093021
-1.034799 -0.083023
-1.104799 -0.072325
-1.174799 -0.060927
-1.244799 -0.048829
-1.314799 -0.036031
-1.384799 -0.022533
-1.454799 -0.008335
-1.489521 0.071432
-1.477748 0.234964
-1.465339 0.397408
-1.452306 0.558706
-1.438664 0.718804
-1.424425 0.877648
-1.409602 1.035183
-1.394208 1.191359
-1.378254 1.346124
-1.361755 1.499429
-1.344720 1.651224
-1.327164 1.801463
-1.309096 1.950098
-1.290529 2.097085
-1.271474 2.242379
-1.251943 2.385936
-1.231945 2.527714
-1.211492 2.667672
-1.190595 2.805769
-1.169263 2.941966
-1.147506 3.076224
-1.125336 3.208505
-1.102761 3.338772
-1.079791 3.466990
-1.056434 3.593123
-1.032702 3.717137
-1.008601 3.838998
-0.984142 3.958674
-0.959332 4.076133
-0.934180 4.191344
-0.908694 4.304276
-0.882883 4.414899
-0.856753 4.523185
-0.830313 4.629105
-0.803570 4.732632
-0.776532 4.833739
-0.749205 4.932400
-0.721597 5.028588
-0.693715 5.122279
-0.665564 5.213448
-0.637153 5.302073
-0.608486 5.388128
-0.579571 5.471593
-0.550413 5.552444
-0.521019 5.630660
-0.491394 5.706220
-0.461544 5.779104
-0.431474 5.849291
-0.401191 5.916763
-0.370699 5.981500
-0.340004 6.043483
-0.309110 6.102694
-0.278023 6.159117
-0.246747 6.212733
-0.215288 6.263526
-0.183650 6.311479
-0.151838 6.356577
-0.119855 6.398805
-0.087707 6.438146
-0.055398 6.474587
-0.022932 6.508113
0.014857 6.500324
0.064857 6.400285
0.114857 6.300195
0.164857 6.200055
0.214857 6.099865
0.264857 5.999625
0.314857 5.899335
0.364857 5.798995
0.414857 5.698606
0.464857 5.598166
0.514857 5.497676
0.564857 5.397136
0.614857 5.296546
0.664857 5.195906
0.714857 5.095216
0.764857 4.994477
0.814857 4.893687
0.864857 4.792847
0.914857 4.691957
0.964857 4.591017
1.014857 4.490027
1.064857 4.388987
1.114857 4.287898
1.164857 4.186758
1.214857 4.085568
1.264857 3.984328
1.314857 3.883038
1.364857 3.781698
1.414857 3.680308
1.464857 3.578869
1.514857 3.477379
1.564857 3.375839
1.614857 3.274249
1.664857 3.172609
1.714857 3.070919
1.764857 2.969179
1.814857 2.867390
1.864857 2.765550
1.914857 2.663660
1.964857 2.561720
2.014857 2.459730
2.064857 2.357690
2.114857 2.255600
2.164857 2.153461
2.214857 2.051271
2.264857 1.949031
2.314857 1.846741
2.364857 1.744401
2.414857 1.642011
2.464857 1.539571
2.514857 1.437082
2.564857 1.334542
2.614857 1.231952
2.664857 1.129312
2.714857 1.026622
2.764857 0.923882
2.814857 0.821092
2.864857 0.718253
2.914857 0.615363
2.964857 0.512423
3.014857 0.409433
3.064857 0.306393
3.114857 0.203303
3.164857 0.100163
3.211388 -0.001045
3.141388 -0.032809
3.071388 -0.063873
3.001388 -0.094237
2.931388 -0.123901
2.861388 -0.152865
2.791388 -0.181128
2.721388 -0.208692
2.651388 -0.235556
2.581388 -0.261720
2.511388 -0.287184
2.441388 -0.311948
2.371388 -0.336012
2.301388 -0.359376
2.231388 -0.382040
2.161388 -0.404003
2.091388 -0.425267
2.021388 -0.445831
1.951388 -0.465695
1.881388 -0.484859
1.811388 -0.503323
1.741388 -0.521087
1.671388 -0.538151
1.601388 -0.554514
1.531388 -0.570178
1.461388 -0.585142
1.391388 -0.599406
1.321388 -0.612970
1.251388 -0.625834
1.181388 -0.637998
1.111388 -0.649462
1.041388 -0.660226
0.971388 -0.670289
0.901388 -0.679653
0.831388 -0.688317
0.761388 -0.696281
0.691388 -0.703545
0.621388 -0.710109
0.551388 -0.715973
0.481388 -0.721137
0.411388 -0.725600
0.341388 -0.729364
0.271388 -0.732428
0.201388 -0.734792
0.131388 -0.736456
0.061388 -0.737420
-0.008682 -0.737684
-0.078682 -0.737247
-0.148682 -0.736110
-0.218682 -0.734273
-0.288682 -0.731736
-0.358682 -0.728500
-0.428682 -0.724563
-0.498682 -0.719926
-0.568682 -0.714589
-0.638682 -0.708552
-0.708682 -0.701816
-0.778682 -0.694379
-0.848682 -0.686242
-0.918682 -0.677405
-0.988682 -0.667868
-1.058682 -0.657631
-1.128682 -0.646695
-1.198682 -0.635058
-1.268682 -0.622721
-1.338682 -0.609684
-1.408682 -0.595947
-1.478682 -0.581511
-1.548682 -0.566374
-1.618682 -0.550537
-1.688682 -0.534000
-1.758682 -0.516763
-1.828682 -0.498826
-1.898682 -0.480190
-1.968682 -0.460853
-2.038682 -0.440816
-2.108682 -0.420079
-2.178682 -0.398642
-2.248682 -0.376506
-2.318682 -0.353669
-2.388682 -0.330132
-2.458682 -0.305895
-2.528682 -0.280958
-2.598682 -0.255321
-2.668682 -0.228985
-2.738682 -0.201948
-2.808682 -0.174211
-2.878682 -0.145774
-2.948682 -0.116637
-3.018682 -0.086801
-3.088682 -0.056264
-3.158682 -0.025027
-3.202659 0.068406
-3.151063 0.384323
-3.099523 0.695599
-3.048034 1.002239
-2.996593 1.304247
-2.945195 1.601627
-2.893834 1.894383
-2.842507 2.182518
-2.791209 2.466035
-2.739937 2.744936
-2.688686 3.019224
-2.637453 3.288900
-2.586234 3.553966
-2.535026 3.814423
-2.483825 4.070271
-2.432628 4.321511
-2.381432 4.568144
-2.330234 4.810169
-2.279030 5.047586
-2.227817 5.280394
-2.176593 5.508593
-2.125355 5.732180
-2.074099 5.951156
-2.022823 6.165518
-1.971525 6.375264
-1.920201 6.580391
-1.868848 6.780899
-1.817465 6.976783
-1.766048 7.168041
-1.714594 7.354671
-1.663102 7.536667
-1.611568 7.714028
-1.559989 7.886748
-1.508364 8.054824
-1.456688 8.218252
-1.404961 8.377027
-1.353178 8.531143
-1.301337 8.680597
-1.249436 8.825382
-1.197472 8.965494
-1.145441 9.100925
-1.093341 9.231671
-1.041169 9.357724
-0.988923 9.479079
-0.936598 9.595728
-0.884192 9.707664
-0.831702 9.814880
-0.779125 9.917368
-0.726457 10.015120
-0.673695 10.108128
-0.620836 10.196382
-0.567876 10.279875
-0.514811 10.358597
-0.461638 10.432538
-0.408353 10.501688
-0.354953 10.566038
-0.301432 10.625576
-0.247787 10.680292
-0.194013 10.730174
-0.140107 10.775210
-0.086064 10.815389
-0.031878 10.850697
0.020702 10.827881
0.070702 10.727835
0.120702 10.627740
0.170702 10.527594
0.220702 10.427398
0.270702 10.327153
0.320702 10.226857
0.370702 10.126511
0.420702 10.026116
0.470702 9.925670
0.520702 9.825174
0.570702 9.724628
0.620702 9.624033
0.670702 9.523387
0.720702 9.422691
0.770702 9.321946
0.820702 9.221150
0.870702 9.120304
0.920702 9.019409
0.970702 8.918463
1.020702 8.817467
1.070702 8.716421
1.120702 8.615326
1.170702 8.514180
1.220702 8.412984
1.270702 8.311739
1.320702 8.210443
1.370702 8.109097
1.420702 8.007702
1.470702 7.906256
1.520702 7.804760
1.570702 7.703214
1.620702 7.601619
1.670702 7.499973
1.720702 7.398277
1.770702 7.296532
1.820702 7.194736
1.870702 7.092890
1.920702 6.990994
1.970702 6.889049
2.020702 6.787053
2.070702 6.685007
2.120702 6.582912
2.170702 6.480766
2.220702 6.378570
2.270702 6.276325
2.320702 6.174029
2.370702 6.071683
2.420702 5.969287
2.470702 5.866842
2.520702 5.764346
2.570702 5.661800
2.620702 5.559205
2.670702 5.456559
2.720702 5.353863
2.770702 5.251118
2.820702 5.148322
2.870702 5.045476
2.920702 4.942580
2.970702 4.839635
3.020702 4.736639
3.070702 4.633593
3.120702 4.530498
3.170702 4.427352
3.220702 4.324156
3.270702 4.220911
3.320702 4.117615
3.370702 4.014269
3.420702 3.910873
3.470702 3.807428
3.520702 3.703932
3.570702 3.600386
3.620702 3.496791
3.670702 3.393145
3.720702 3.289449
3.770702 3.185704
3.820702 3.081908
3.870702 2.978062
3.920702 2.874166
3.970702 2.770221
4.020702 2.666225
4.070702 2.562179
4.120702 2.458084
4.170702 2.353938
4.220702 2.249742
4.270702 2.145496
4.320702 2.041201
4.370702 1.936855
4.420702 1.832459
4.470702 1.728014
4.520702 1.623518
4.570702 1.518972
4.620702 1.414377
4.670702 1.309731
4.720702 1.205035
4.770702 1.100289
4.820702 0.995494
4.870702 0.890648
4.920702 0.785752
4.970702 0.680807
5.020702 0.575811
5.070702 0.470765
5.120702 0.365670
5.170702 0.260524
5.220702 0.155328
5.270702 0.050082
5.257836 -0.027769
5.187836 -0.079997
5.117836 -0.131525
5.047836 -0.182354
4.977836 -0.232482
4.907836 -0.281910
4.837836 -0.330639
4.767836 -0.378667
4.697836 -0.425995
4.627836 -0.472624
4.557836 -0.518552
4.487836 -0.563781
4.417836 -0.608309
4.347836 -0.652137
4.277836 -0.695266
4.207836 -0.737694
4.137836 -0.779422
4.067836 -0.820451
3.997836 -0.860779
3.927836 -0.900407
3.857836 -0.939336
3.787836 -0.977564
3.717836 -1.015092
3.647836 -1.051921
3.577836 -1.088049
3.507836 -1.123477
3.437836 -1.158206
3.367836 -1.192234
3.297836 -1.225563
3.227836 -1.258191
3.157836 -1.290119
3.087836 -1.321348
3.017836 -1.351876
2.947836 -1.381704
2.877836 -1.410833
2.807836 -1.439261
2.737836 -1.466989
2.667836 -1.494018
2.597836 -1.520346
2.527836 -1.545974
2.457836 -1.570903
2.387836 -1.595131
2.317836 -1.618660
2.247836 -1.641488
2.177836 -1.663616
2.107836 -1.685045
2.037836 -1.705773
1.967836 -1.725801
1.897836 -1.745130
1.827836 -1.763758
1.757836 -1.781686
1.687836 -1.798915
1.617836 -1.815443
1.547836 -1.831271
1.477836 -1.846400
1.407836 -1.860828
1.337836 -1.874557
1.267836 -1.887585
1.197836 -1.899913
1.127836 -1.911542
1.057836 -1.922470
0.987836 -1.932698
0.917836 -1.942227
0.847836 -1.951055
0.777836 -1.959183
0.707836 -1.966612
0.637836 -1.973340
0.567836 -1.979368
0.497836 -1.984697
0.427836 -1.989325
0.357836 -1.993254
0.287836 -1.996482
0.217836 -1.999010
0.147836 -2.000839
0.077836 -2.001967
0.007836 -2.002395
-0.062234 -2.002123
-0.132234 -2.001151
-0.202234 -1.999478
-0.272234 -1.997106
-0.342234 -1.994034
-0.412234 -1.990261
-0.482234 -1.985789
-0.552234 -1.980617
-0.622234 -1.974744
-0.692234 -1.968172
-0.762234 -1.960900
-0.832234 -1.952927
-0.902234 -1.944255
-0.972234 -1.934883
-1.042234 -1.924810
-1.112234 -1.914038
-1.182234 -1.902566
-1.252234 -1.890393
-1.322234 -1.877521
-1.392234 -1.863949
-1.462234 -1.849676
-1.532234 -1.834704
-1.602234 -1.819031
-1.672234 -1.802659
-1.742234 -1.785587
-1.812234 -1.767814
-1.882234 -1.749342
-1.952234 -1.730170
-2.022234 -1.710297
-2.092234 -1.689725
-2.162234 -1.668453
-2.232234 -1.646480
-2.302234 -1.623808
-2.372234 -1.600436
-2.442234 -1.576363
-2.512234 -1.551591
-2.582234 -1.526119
-2.652234 -1.499946
-2.722234 -1.473074
-2.792234 -1.445502
-2.862234 -1.417229
-2.932234 -1.388257
-3.002234 -1.358585
-3.072234 -1.328212
-3.142234 -1.297140
-3.212234 -1.265368
-3.282234 -1.232895
-3.352234 -1.199723
-3.422234 -1.165851
-3.492234 -1.131278
-3.562234 -1.096006
-3.632234 -1.060034
-3.702234 -1.023361
-3.772234 -0.985989
-3.842234 -0.947916
-3.912234 -0.909144
-3.982234 -0.869672
-4.052234 -0.829499
-4.122234 -0.788627
-4.192234 -0.747055
-4.262234 -0.704782
-4.332234 -0.661810
-4.402234 -0.618138
-4.472234 -0.573765
-4.542234 -0.528693
-4.612234 -0.482921
-4.682234 -0.436448
-4.752234 -0.389276
-4.822234 -0.341404
-4.892234 -0.292831
-4.962234 -0.243559
-5.032234 -0.193587
-5.102234 -0.142914
-5.172234 -0.091542
-5.242234 -0.039470
-5.259739 0.126710
-5.123115 0.623904
-4.990922 1.109004
-4.862827 1.582393
-4.738531 2.044427
-4.617759 2.495434
-4.500260 2.935721
-4.385805 3.365572
-4.274184 3.785251
-4.165204 4.195005
-4.058688 4.595062
-3.954472 4.985638
-3.852405 5.366932
-3.752348 5.739131
-3.654171 6.102411
-3.557756 6.456934
-3.462990 6.802856
-3.369771 7.140319
-3.278002 7.469458
-3.187594 7.790400
-3.098464 8.103264
-3.010532 8.408160
-2.923725 8.705193
-2.837976 8.994462
-2.753219 9.276058
-2.669394 9.550069
-2.586443 9.816576
-2.504314 10.075654
-2.422954 10.327375
-2.342317 10.571807
-2.262357 10.809013
-2.183031 11.039050
-2.104297 11.261976
-2.026117 11.477840
-1.948455 11.686693
-1.871274 11.888577
-1.794542 12.083535
-1.718225 12.271607
-1.642292 12.452827
-1.566715 12.627230
-1.491465 12.794846
-1.416513 12.955703
-1.341834 13.109826
-1.267401 13.257240
-1.193190 13.397965
-1.119177 13.532020
-1.045337 13.659422
-0.971648 13.780186
-0.898087 13.894323
-0.824631 14.001844
-0.751261 14.102759
-0.677953 14.197073
-0.604687 14.284792
-0.531442 14.365917
-0.458196 14.440451
-0.384931 14.508392
-0.311624 14.569737
-0.238255 14.624483
-0.164805 14.672621
-0.091251 14.714144
-0.017573 14.749042
0.038162 14.680216
0.088162 14.580153
0.138162 14.480040
0.188162 14.379877
0.238162 14.279663
0.288162 14.179400
0.338162 14.079087
0.388162 13.978724
0.438162 13.878311
0.488162 13.777848
0.538162 13.677334
0.588162 13.576771
0.638162 13.476158
0.688162 13.375495
0.738162 13.274782
0.788162 13.174019
0.838162 13.073205
0.888162 12.972342
0.938162 12.871429
0.988162 12.770466
1.038162 12.669453
1.088162 12.568390
1.138162 12.467277
1.188162 12.366113
1.238162 12.264900
1.288162 12.163637
1.338162 12.062324
1.388162 11.960961
1.438162 11.859548
1.488162 11.758084
1.538162 11.656571
1.588162 11.555008
1.638162 11.453395
1.688162 11.351732
1.738162 11.250019
1.788162 11.148255
1.838162 11.046442
1.888162 10.944579
1.938162 10.842666
1.988162 10.740703
2.038162 10.638690
2.088162 10.536626
2.138162 10.434513
2.188162 10.332350
2.238162 10.230137
2.288162 10.127874
2.338162 10.025561
2.388162 9.923197
2.438162 9.820784
2.488162 9.718321
2.538162 9.615808
2.588162 9.513245
2.638162 9.410632
2.688162 9.307968
2.738162 9.205255
2.788162 9.102492
2.838162 8.999679
2.888162 8.896816
2.938162 8.793903
2.988162 8.690940
3.038162 8.587926
3.088162 8.484863
3.138162 8.381750
3.188162 8.278587
3.238162 8.175374
3.288162 8.072111
3.338162 7.968797
3.388162 7.865434
3.438162 7.762021
3.488162 7.658558
3.538162 7.555045
3.588162 7.451482
3.638162 7.347868
3.688162 7.244205
3.738162 7.140492
3.788162 7.036729
3.838162 6.932916
3.888162 6.829053
3.938162 6.725139
3.988162 6.621176
4.038162 6.517163
4.088162 6.413100
4.138162 6.308987
4.188162 6.204824
4.238162 6.100610
4.288162 5.996347
4.338162 5.892034
4.388162 5.787671
4.438162 5.683258
4.488162 5.578795
4.538162 5.474281
4.588162 5.369718
4.638162 5.265105
4.688162 5.160442
4.738162 5.055729
4.788162 4.950966
4.838162 4.846153
4.888162 4.741289
4.938162 4.636376
4.988162 4.531413
5.038162 4.426400
5.088162 4.321337
5.138162 4.216224
5.188162 4.111060
5.238162 4.005847
5.288162 3.900584
5.338162 3.795271
5.388162 3.689908
5.438162 3.584495
5.488162 3.479031
5.538162 3.373518
5.588162 3.267955
5.638162 3.162342
5.688162 3.056679
5.738162 2.950966
5.788162 2.845202
5.838162 2.739389
5.888162 2.633526
5.938162 2.527613
5.988162 2.421650
6.038162 2.315637
6.088162 2.209573
6.138162 2.103460
6.188162 1.997297
6.238162 1.891084
6.288162 1.784821
6.338162 1.678508
6.388162 1.572144
6.438162 1.465731
6.488162 1.359268
6.538162 1.252755
6.588162 1.146192
6.638162 1.039579
6.688162 0.932915
6.738162 0.826202
6.788162 0.719439
6.838162 0.612626
6.888162 0.505763
6.938162 0.398850
6.988162 0.291887
7.038162 0.184873
7.088162 0.077810
7.105389 -0.019568
7.035389 -0.090272
6.965389 -0.160276
6.895389 -0.229580
6.825389 -0.298184
6.755389 -0.366088
6.685389 -0.433292
6.615389 -0.499795
6.545389 -0.565599
6.475389 -0.630703
6.405389 -0.695107
6.335389 -0.758811
6.265389 -0.821815
6.195389 -0.884119
6.125389 -0.945723
6.055389 -1.006627
5.985389 -1.066831
5.915389 -1.126334
5.845389 -1.185138
5.775389 -1.243242
5.705389 -1.300646
5.635389 -1.357350
5.565389 -1.413354
5.495389 -1.468658
5.425389 -1.523262
5.355389 -1.577166
5.285389 -1.630369
5.215389 -1.682873
5.145389 -1.734677
5.075389 -1.785781
5.005389 -1.836185
4.935389 -1.885889
4.865389 -1.934893
4.795389 -1.983197
4.725389 -2.030801
4.655389 -2.077705
4.585389 -2.123908
4.515389 -2.169412
4.445389 -2.214216
4.375389 -2.258320
4.305389 -2.301724
4.235389 -2.344428
4.165389 -2.386432
4.095389 -2.427736
4.025389 -2.468340
3.955389 -2.508243
3.885389 -2.547447
3.815389 -2.585951
3.745389 -2.623755
3.675389 -2.660859
3.605389 -2.697263
3.535389 -2.732967
3.465389 -2.767971
3.395389 -2.802275
3.325389 -2.835879
3.255389 -2.868782
3.185389 -2.900986
3.115389 -2.932490
3.045389 -2.963294
2.975389 -2.993398
2.905389 -3.022802
2.835389 -3.051506
2.765389 -3.079510
2.695389 -3.106814
2.625389 -3.133417
2.555389 -3.159321
2.485389 -3.184525
2.415389 -3.209029
2.345389 -3.232833
2.275389 -3.255937
2.205389 -3.278341
2.135389 -3.300045
2.065389 -3.321049
1.995389 -3.341353
1.925389 -3.360956
1.855389 -3.379860
1.785389 -3.398064
1.715389 -3.415568
1.645389 -3.432372
1.575389 -3.448476
1.505389 -3.463880
1.435389 -3.478584
1.365389 -3.492588
1.295389 -3.505891
1.225389 -3.518495
1.155389 -3.530399
1.085389 -3.541603
1.015389 -3.552107
0.945389 -3.561911
0.875389 -3.571015
0.805389 -3.579419
0.735389 -3.587123
0.665389 -3.594127
0.595389 -3.600430
0.525389 -3.606034
0.455389 -3.610938
0.385389 -3.615142
0.315389 -3.618646
0.245389 -3.621450
0.175389 -3.623554
0.105389 -3.624958
0.035389 -3.625662
-0.034681 -3.625665
-0.104681 -3.624968
-0.174681 -3.623572
-0.244681 -3.621475
-0.314681 -3.618678
-0.384681 -3.615181
-0.454681 -3.610984
-0.524681 -3.606087
-0.594681 -3.600491
-0.664681 -3.594194
-0.734681 -3.587197
-0.804681 -3.579500
-0.874681 -3.571103
-0.944681 -3.562007
-1.014681 -3.552210
-1.084681 -3.541713
-1.154681 -3.530516
-1.224681 -3.518619
-1.294681 -3.506023
-1.364681 -3.492726
-1.434681 -3.478729
-1.504681 -3.464032
-1.574681 -3.448635
-1.644681 -3.432539
-1.714681 -3.415742
-1.784681 -3.398245
-1.854681 -3.380048
-1.924681 -3.361151
-1.994681 -3.341555
-2.064681 -3.321258
-2.134681 -3.300261
-2.204681 -3.278564
-2.274681 -3.256167
-2.344681 -3.233071
-2.414681 -3.209274
-2.484681 -3.184777
-2.554681 -3.159580
-2.624681 -3.133683
-2.694681 -3.107087
-2.764681 -3.079790
-2.834681 -3.051793
-2.904681 -3.023096
-2.974681 -2.993699
-3.044681 -2.963602
-3.114681 -2.932806
-3.184681 -2.901309
-3.254681 -2.869112
-3.324681 -2.836215
-3.394681 -2.802618
-3.464681 -2.768322
-3.534681 -2.733325
-3.604681 -2.697628
-3.674681 -2.661231
-3.744681 -2.624134
-3.814681 -2.586338
-3.884681 -2.547841
-3.954681 -2.508644
-4.024681 -2.468747
-4.094681 -2.428150
-4.164681 -2.386854
-4.234681 -2.344857
-4.304681 -2.302160
-4.374681 -2.258763
-4.444681 -2.214666
-4.514681 -2.169870
-4.584681 -2.124373
-4.654681 -2.078176
-4.724681 -2.031279
-4.794681 -1.983682
-4.864681 -1.935386
-4.934681 -1.886389
-5.004681 -1.836692
-5.074681 -1.786295
-5.144681 -1.735198
-5.214681 -1.683401
-5.284681 -1.630905
-5.354681 -1.577708
-5.424681 -1.523811
-5.494681 -1.469214
-5.564681 -1.413917
-5.634681 -1.357921
-5.704681 -1.301224
-5.774681 -1.243827
-5.844681 -1.185730
-5.914681 -1.126933
-5.984681 -1.067437
-6.054681 -1.007240
-6.124681 -0.946343
-6.194681 -0.884746
-6.264681 -0.822449
-6.334681 -0.759453
-6.404681 -0.695756
-6.474681 -0.631359
-6.544681 -0.566262
-6.614681 -0.500465
-6.684681 -0.433969
-6.754681 -0.366772
-6.824681 -0.298875
-6.894681 -0.230278
-6.964681 -0.160981
-7.034681 -0.090985
-7.104681 -0.020288
-6.946947 0.474136
-6.709871 1.118595
-6.485119 1.742282
-6.271512 2.346251
-6.068013 2.931457
