4.000000 4.000000 4.000000
4.044403 4.917678 4.071520
4.172144 5.843205 4.182289
4.376878 6.793475 4.338520
4.654356 7.783119 4.548889
5.002023 8.824597 4.824586
5.418644 9.928098 5.179489
5.903948 11.101204 5.630387
6.458266 12.348307 6.197201
7.082121 13.669715 6.903122
7.775775 15.060432 7.774562
8.538668 16.508600 8.840756
9.368759 17.993625 10.132838
10.261738 19.484119 11.682135
11.210110 20.935895 13.517419
12.202207 22.290452 15.660895
13.221191 23.474610 18.122841
14.244205 24.402143 20.895100
15.241905 24.978362 23.944155
16.178637 25.108372 27.205139
17.013569 24.709066 30.578768
17.703006 23.723733 33.933489
18.203889 22.136651 37.114599
18.478201 19.983792 39.960561
18.497621 17.355621 42.324321
18.247505 14.389493 44.095023
17.729263 11.252211 45.214436
16.960537 8.116643 45.683513
15.973071 5.138390 45.557537
14.808816 2.438137 44.932012
13.515135 0.092946 43.923938
12.140088 -1.863441 42.653554
10.728540 -3.433654 41.230263
9.319489 -4.646444 39.744247
7.944649 -5.546130 38.263461
6.628119 -6.183670 36.834567
3.969078 -5.842683 35.181479
1.628620 -5.446967 33.650923
-0.075030 -5.292978 32.293062
-1.353071 -5.354428 31.065737
-2.358999 -5.608366 29.948424
-3.204109 -6.039094 28.933578
-3.969710 -6.638952 28.022314
-4.716361 -7.407779 27.222655
-5.490633 -8.351782 26.549344
-6.329892 -9.482002 26.024653
-7.265482 -10.812274 25.679924
-8.324529 -12.356349 25.557622
-9.530447 -14.123662 25.713601
-10.902033 -16.113054 26.219031
-12.450920 -18.303739 27.160861
-14.177035 -20.643101 28.638882
-16.061833 -23.031944 30.756391
-18.059535 -25.310119 33.600746
-20.087727 -27.249310 37.210892
-22.020574 -28.564173 41.533477
-23.690142 -28.954412 46.378948
-24.902276 -28.182131 51.401826
-25.470384 -26.166743 56.134555
-25.261816 -23.053041 60.086791
-24.240564 -19.202852 62.880304
-22.485750 -15.097556 64.353663
-20.174808 -11.197028 64.580814
-17.538659 -7.827397 63.802978
-14.809348 -5.141471 62.323889
-12.179757 -3.144722 60.423408
-9.784109 -1.751123 58.314302
-7.697047 -0.836673 56.136541
-5.943971 -0.275900 53.971444
-4.515414 0.039358 51.860690
-3.380782 0.193692 49.822442
-2.499276 0.248814 47.862404
-1.827528 0.247245 45.980404
-1.324352 0.216756 44.173899
-0.953275 0.174465 42.439637
-0.683548 0.130178 40.774337
-0.490185 0.088932 39.174925
-0.353484 0.052812 37.638563
-0.258282 0.022189 36.162622
-0.193158 -0.003474 34.744644
-0.149672 -0.025129 33.382311
-0.121699 -0.043860 32.073417
-0.104873 -0.060733 30.815858
-0.096147 -0.076738 29.607618
-0.093447 -0.092776 28.446765
-0.095417 -0.109675 27.331445
-0.101228 -0.128223 26.259878
-0.110444 -0.149202 25.230357
-0.122931 -0.173432 24.241245
-0.138797 -0.201809 23.290972
-0.158356 -0.235354 22.378038
-0.182117 -0.275261 21.501008
-0.210785 -0.322952 20.658516
-0.245273 -0.380140 19.849269
-0.286739 -0.448908 19.072047
-0.336620 -0.531798 18.325717
-0.396695 -0.631926 17.609243
-0.469158 -0.753117 16.921708
-0.556708 -0.900077 16.262347
-0.662670 -1.078601 15.630592
-0.791139 -1.295832 15.026151
-0.947160 -1.560586 14.449112
-1.136953 -1.883737 13.900110
-1.368189 -2.278703 13.380580
-1.650331 -2.762029 12.893131
-1.995042 -3.354076 12.442107
-2.416683 -4.079832 12.034447
-2.932898 -4.969810 11.680958
-3.565280 -6.060966 11.398231
-4.340082 -7.397475 11.211490
-5.288899 -9.031025 11.158766
-6.449116 -11.019942 11.296908
-7.863766 -13.425924 11.709938
-9.580094 -16.306167 12.519992
-11.645588 -19.697318 13.900046
-14.099483 -23.586087 16.085046
-16.956818 -27.860805 19.372484
-20.181860 -32.242339 24.094101
-23.649757 -36.208691 30.529868
-27.103197 -38.963038 38.737773
-30.127260 -39.539922 48.319043
-32.184397 -37.137842 58.250932
-32.746371 -31.609138 67.023601
-31.499351 -23.767770 73.197715
-28.507720 -15.143642 76.084333
-24.210614 -7.275716 75.996491
-19.246864 -1.102524 73.895965
-14.233668 3.159859 70.820060
-9.622966 5.769933 67.518602
-6.390942 7.571958 64.643800
-4.963370 9.508207 62.463224
-3.517874 10.825245 60.393954
-2.111579 11.597895 58.493943
-0.788574 11.908967 56.787689
0.419131 11.840228 55.273164
1.490094 11.467646 53.930007
2.411784 10.859587 52.727269
3.178990 10.076680 51.629857
3.792413 9.172337 50.603388
4.257444 8.193346 49.617493
4.583113 7.180272 48.647723
4.781154 6.167626 47.676312
4.865180 5.183913 46.692052
4.849932 4.251676 45.689550
4.750611 3.387659 44.668110
4.582296 2.603146 43.630482
4.359463 1.904482 42.581627
4.095601 1.293755 41.527640
3.802940 0.769561 40.474894
3.492274 0.327803 39.429417
3.172883 -0.037546 38.396503
2.852524 -0.333751 37.380507
2.537490 -0.568732 36.384793
2.232707 -0.750596 35.411780
1.941869 -0.887273 34.463049
1.667581 -0.986269 33.539484
1.411516 -1.054491 32.641415
1.174560 -1.098161 31.768754
0.723290 -0.999493 30.634241
0.315970 -0.904627 29.428324
0.023756 -0.866781 28.273021
-0.193988 -0.875586 27.165193
-0.365894 -0.924152 26.102529
-0.512316 -1.008612 25.083211
-0.648033 -1.127702 24.105767
-0.784203 -1.282442 23.169025
-0.929776 -1.475937 22.272132
-1.092536 -1.713306 21.414617
-1.279873 -2.001731 20.596507
-1.499409 -2.350615 19.818505
-1.759511 -2.771861 19.082255
-2.069771 -3.280244 18.390729
-2.441462 -3.893890 17.748796
-2.888018 -4.634823 17.164053
-3.425531 -5.529545 16.648033
-4.073266 -6.609558 16.217947
-4.854151 -7.911647 15.899187
-5.795147 -9.477583 15.728851
-6.927334 -11.352656 15.760585
-8.285343 -13.581989 16.070962
-9.905590 -16.202949 16.767238
-11.822310 -19.231144 17.995415
-14.059988 -22.636761 19.945435
-16.620296 -26.308477 22.846564
-19.461873 -30.006085 26.940373
-22.473178 -33.314366 32.414020
-25.444261 -35.632108 39.281560
-28.053195 -36.252944 47.231730
-29.892895 -34.584737 55.524484
-30.559519 -30.464189 63.072197
-29.789021 -24.376286 68.777920
-27.576368 -17.354937 71.983170
-24.197308 -10.566549 72.709904
-20.112315 -4.865981 71.526856
-15.814936 -0.609123 69.194737
-11.709007 2.258705 66.364675
-8.055194 4.004823 63.457770
-4.976455 4.945289 60.685069
-3.946682 6.296804 58.831042
-2.922386 7.258203 57.053107
-1.921570 7.865864 55.371292
-0.973261 8.169936 53.800210
-0.098874 8.221479 52.341793
0.686983 8.069346 50.988808
1.375560 7.758448 49.728316
1.962990 7.328984 48.544657
2.449360 6.816226 47.421762
2.837870 6.250592 46.344769
3.134084 5.657855 45.301013
3.345274 5.059403 44.280484
3.479854 4.472520 43.275903
3.546897 3.910689 42.282511
3.555726 3.383934 41.297696
3.515575 2.899185 40.320545
3.435328 2.460679 39.351383
3.323312 2.070372 38.391346
3.187155 1.728360 37.442031
3.033694 1.433282 36.505205
2.868932 1.182690 35.582608
2.698027 0.973388 34.675815
2.525318 0.801721 33.786155
2.354373 0.663806 32.914683
2.188045 0.555730 32.062176
2.028549 0.473689 31.229152
1.877537 0.414094 30.415902
1.736176 0.373639 29.622525
1.605221 0.349345 28.848968
1.485090 0.338576 28.095054
1.375927 0.339044 27.360521
1.277659 0.348796 26.645038
1.190053 0.366197 25.948235
1.112754 0.389906 25.269712
1.045328 0.418845 24.609055
0.987291 0.452180 23.965846
0.938135 0.489283 23.339667
0.897352 0.529716 22.730109
0.864447 0.573200 22.136770
0.838953 0.619597 21.559264
0.820440 0.668891 20.997217
0.808523 0.721173 20.450272
0.802867 0.776626 19.918087
0.803190 0.835516 19.400340
0.809266 0.898184 18.896726
0.820927 0.965039 18.406961
0.838061 1.036555 17.930782
0.860618 1.113270 17.467951
0.888604 1.195782 17.018253
0.922086 1.284755 16.581505
0.961190 1.380918 16.157554
1.006104 1.485072 15.746283
1.057077 1.598092 15.347618
1.114422 1.720934 14.961529
1.178517 1.854644 14.588045
1.249808 2.000363 14.227257
1.328812 2.159336 13.879328
1.416123 2.332924 13.544513
1.512410 2.522608 13.223166
1.618428 2.730006 12.915763
1.735022 2.956874 12.622924
1.863128 3.205122 12.345440
2.003784 3.476816 12.084299
2.158134 3.774189 11.840733
2.327432 4.099636 11.616254
2.513051 4.455717 11.412710
2.716483 4.845144 11.232346
2.939342 5.270763 11.077877
3.183367 5.735522 10.952567
3.450411 6.242419 10.860327
3.742440 6.794432 10.805819
4.061507 7.394411 10.794572
4.409734 8.044942 10.833109
4.789262 8.748149 10.929074
5.202202 9.505444 11.091349
5.650547 10.317196 11.330161
6.136073 11.182322 11.657143
6.660190 12.097764 12.085327
7.223764 13.057880 12.629024
7.826889 14.053721 13.303551
8.468604 15.072241 14.124727
9.146569 16.095473 15.108069
9.856687 17.099780 16.267622
10.592703 18.055300 17.614362
11.345806 18.925793 19.154147
12.104284 19.669132 20.885298
12.853298 20.238707 22.795979
13.574865 20.585968 24.861713
14.248151 20.664236 27.043548
14.850148 20.433626 29.287488
15.356794 19.866644 31.525826
15.744524 18.953603 33.680804
15.992131 17.706745 35.670618
16.082730 16.161920 37.417167
16.005548 14.376999 38.854353
15.757218 12.426891 39.935359
15.342345 10.395870 40.637383
14.773208 8.368649 40.962869
14.068652 6.421927 40.937130
13.252368 4.617904 40.603113
12.350849 3.000660 40.014637
11.391349 1.595472 39.229522
10.400087 0.410545 38.303777
9.400868 -0.559732 37.287447
8.414188 -1.330911 36.222292
7.456784 -1.924720 35.141030
6.541566 -2.365858 34.067738
5.677826 -2.679561 33.018943
4.871611 -2.889920 32.005031
4.126201 -3.018870 31.031685
3.442602 -3.085689 30.101192
2.359829 -2.865810 29.037095
1.131531 -2.524360 27.853458
0.261921 -2.368774 26.745223
-0.376824 -2.360802 25.698245
-0.873631 -2.474876 24.705662
-1.290860 -2.696019 23.764510
-1.673134 -3.017969 22.874264
-2.053598 -3.441724 22.036354
-2.458366 -3.974548 21.254245
-2.909680 -4.629360 20.533917
-3.428190 -5.424421 19.884722
-4.034630 -6.383183 19.320672
-4.751044 -7.534116 18.862312
-5.601643 -8.910250 18.539322
-6.613255 -10.547966 18.394070
-7.815208 -12.484342 18.486246
-9.238283 -14.751916 18.898533
-10.912149 -17.369221 19.742676
-12.860342 -20.324899 21.164170
-15.091525 -23.553281 23.341481
-17.585760 -26.901048 26.472325
-20.275322 -30.090342 30.735793
-23.022428 -32.695579 36.219145
-25.601965 -34.167658 42.810472
-27.704880 -33.946098 50.092135
-28.981022 -31.667913 57.315805
-29.127616 -27.395302 63.547579
-27.997062 -21.701243 67.977155
-25.667147 -15.498419 70.225929
-22.426077 -9.692729 70.443084
-18.678559 -4.889485 69.142451
-14.828372 -1.307098 66.932177
-11.193387 1.131347 64.314021
-7.973370 2.649953 61.612917
-5.258838 3.503690 58.997864
-3.522945 4.180235 56.803243
-2.747438 5.012464 55.166125
-1.979432 5.583157 53.590944
-1.241525 5.925485 52.089489
-0.550890 6.074556 50.666042
0.080267 6.065010 49.319082
0.644109 5.929455 48.043110
1.136513 5.697572 46.830338
1.556411 5.395675 45.672060
1.905170 5.046581 44.559686
2.186034 4.669658 43.485416
2.403617 4.280990 42.442638
2.563479 3.893606 41.426073
2.671750 3.517747 40.431762
2.734829 3.161155 39.456943
2.759137 2.829383 38.499857
2.750914 2.526095 37.559540
2.716080 2.253372 36.635615
2.660122 2.012002 35.728105
2.588031 1.801755 34.837276
2.504260 1.621624 33.963516
2.412715 1.470045 33.107246
2.316760 1.345088 32.268853
2.219248 1.244609 31.448658
2.122547 1.166381 30.646895
2.028590 1.108192 29.863702
1.938921 1.067917 29.099127
1.854738 1.043579 28.353137
1.776947 1.033379 27.625626
1.706207 1.035719 26.916433
1.642971 1.049215 26.225351
1.587528 1.072694 25.552140
1.540039 1.105195 24.896538
1.500567 1.145958 24.258272
1.469106 1.194410 23.637063
1.445606 1.250159 23.032632
1.429989 1.312974 22.444713
1.422175 1.382778 21.873049
1.422087 1.459634 21.317406
1.429670 1.543735 20.777569
1.444898 1.635398 20.253353
1.467781 1.735051 19.744605
1.498379 1.843237 19.251209
1.536798 1.960599 18.773095
1.583204 2.087890 18.310240
1.637821 2.225961 17.862683
1.700939 2.375769 17.430525
1.772918 2.538378 17.013950
1.854187 2.714957 16.613228
1.945254 2.906789 16.228736
2.046703 3.115268 15.860973
2.159204 3.341907 15.510578
2.283510 3.588338 15.178358
2.420466 3.856311 14.865314
2.571007 4.147695 14.572673
2.736163 4.464470 14.301925
2.917059 4.808718 14.054870
3.114917 5.182604 13.833662
3.331049 5.588352 13.640874
3.566858 6.028201 13.479553
3.823823 6.504357 13.353297
4.103489 7.018912 13.266327
4.407442 7.573748 13.223567
4.737282 8.170403 13.230728
5.094579 8.809900 13.294378
5.480820 9.492535 13.422004
5.897329 10.217605 13.622050
6.345179 10.983079 13.903911
6.825065 11.785209 14.277858
7.337161 12.618084 14.754879
7.880935 13.473123 15.346384
8.454940 14.338563 16.063748
9.056573 15.198945 16.917642
9.681810 16.034712 17.917121
10.324942 16.821970 19.068451
10.978321 17.532572 20.373677
11.632160 18.134652 21.829018
12.274437 18.593761 23.423200
12.890941 18.874713 25.135967
13.465532 18.944170 26.937068
13.980649 18.773862 28.786069
14.418103 18.344142 30.633339
14.760122 17.647391 32.422424
14.990594 16.690658 34.093802
15.096377 15.496882 35.589708
15.068513 14.104238 36.859379
14.903164 12.563447 37.863874
14.602119 10.933352 38.579602
14.172770 9.275463 38.999921
13.627560 7.648389 39.134566
12.982989 6.103073 39.007157
12.258321 4.679502 38.651384
11.474195 3.405163 38.106669
10.651296 2.295152 37.414027
9.809227 1.353551 36.612688
8.965668 0.575572 35.737733
8.135831 -0.050013 34.818773
7.332194 -0.538535 33.879520
6.564474 -0.907426 32.938016
5.839766 -1.174646 32.007269
5.162806 -1.357573 31.096097
4.536280 -1.472275 30.210000
3.961173 -1.533110 29.351985
3.437098 -1.552568 28.523272
2.962609 -1.541265 27.723865
2.535473 -1.508052 26.952994
2.152905 -1.460179 26.209446
1.811768 -1.403481 25.491789
1.508725 -1.342580 24.798532
1.148047 -1.233033 24.060477
0.595885 -1.022916 23.107624
0.215794 -0.917814 22.197817
-0.056208 -0.890698 21.326789
-0.263200 -0.924405 20.492015
-0.434521 -1.009034 19.691841
-0.590653 -1.140133 18.925124
-0.746548 -1.317482 18.191113
-0.913913 -1.544361 17.489465
-1.102800 -1.827172 16.820334
-1.322755 -2.175357 16.184553
-1.583703 -2.601543 15.583912
-1.896671 -3.121888 15.021584
-2.274442 -3.756588 14.502756
-2.732196 -4.530524 14.035576
-3.288155 -5.473979 13.632549
-3.964254 -6.623329 13.312599
-4.786786 -8.021480 13.104075
-5.786922 -9.717651 13.049082
-7.000891 -11.765711 13.209536
-8.469389 -14.219736 13.675291
-10.235455 -17.124493 14.574212
-12.339534 -20.497368 16.082747
-14.809757 -24.297209 18.432641
-17.644864 -28.376227 21.903741
-20.787515 -32.417313 26.784633
-24.088833 -35.877042 33.276541
-27.273726 -37.987407 41.326867
-29.931431 -37.898804 50.432350
-31.567640 -35.012067 59.550151
-31.739201 -29.384953 67.305738
-30.232050 -21.901127 72.521538
-27.176947 -13.958472 74.747546
-23.013594 -6.852490 74.373122
-18.324552 -1.320837 72.273234
-13.650171 2.503419 69.338298
-9.377138 4.867780 66.201079
-5.931534 6.270322 63.281653
-4.681349 8.019799 61.241384
-3.409678 9.239847 59.285134
-2.166152 9.990404 57.460948
-0.989506 10.339573 55.791447
0.091770 10.356102 54.278562
1.058280 10.104996 52.909466
1.898392 9.645442 51.662380
2.606900 9.030175 50.511508
3.183800 8.305556 49.430842
3.633209 7.511900 48.396790
